omega,S,S_edge,S_cont
-0.09295175732775779,0,0,0
-0.09254685248910613,8.04979853772853,8.04979853772853,0.0
-0.0917370428116864,8.049798535414691,8.049798535414691,0.0
-0.09092723313406084,8.049798533636375,8.049798533636375,0.0
-0.09011742345625481,8.049798531826607,8.049798531826607,0.0
-0.08930761377826629,8.04979853000856,8.04979853000856,0.0
-0.08849780410009449,8.049798528182514,8.049798528182514,0.0
-0.0876879944217368,8.049798526313428,8.049798526313428,0.0
-0.0868781847431884,8.049798524390678,8.049798524390678,0.0
-0.08606837506444749,8.049798522486276,8.049798522486276,0.0
-0.08525856538551331,8.04979852054835,8.04979852054835,0.0
-0.08444875570638216,8.049798518570558,8.049798518570558,0.0
-0.08363894602705281,8.049798516607666,8.049798516607666,0.0
-0.08282913634752467,8.049798514618562,8.049798514618562,0.0
-0.0820193266677932,8.049798512565449,8.049798512565449,0.0
-0.081209516987857,8.04979851054834,8.04979851054834,0.0
-0.0803997073077154,8.049798508481986,8.049798508481986,0.0
-0.0795898976273641,8.049798506379348,8.049798506379348,0.0
-0.07878008794679828,8.049798504217119,8.049798504217119,0.0
-0.07797027826601555,8.049798502066889,8.049798502066889,0.0
-0.07716046858501541,8.049798499894862,8.049798499894862,0.0
-0.07635065890379478,8.049798497683797,8.049798497683797,0.0
-0.07554084922234984,8.049798495435072,8.049798495435072,0.0
-0.07473103954067775,8.049798493167998,8.049798493167998,0.0
-0.07392122985877683,8.049798490885612,8.049798490885612,0.0
-0.07311142017664327,8.049798488543217,8.049798488543217,0.0
-0.07230161049427465,8.049798486212273,8.049798486212273,0.0
-0.0714918008116685,8.049798483821183,8.049798483821183,0.0
-0.07068199112882026,8.049798481398778,8.049798481398778,0.0
-0.06987218144572757,8.049798478962026,8.049798478962026,0.0
-0.06906237176238808,8.049798476491613,8.049798476491613,0.0
-0.06825256207879851,8.049798473990714,8.049798473990714,0.0
-0.06744275239495498,8.049798471442498,8.049798471442498,0.0
-0.06663294271085295,8.049798468851519,8.049798468851519,0.0
-0.06582313302648823,8.049798466220256,8.049798466220256,0.0
-0.06501332334185675,8.049798463547885,8.049798463547885,0.0
-0.06420351365695778,8.049798460902691,8.049798460902691,0.0
-0.06339370397178931,8.049798458189763,8.049798458189763,0.0
-0.06258389428634578,8.049798455434278,8.049798455434278,0.0
-0.06177408460062256,8.049798452629197,8.049798452629197,0.0
-0.060964274914616846,8.049798449818393,8.049798449818393,0.0
-0.06015446522832488,8.049798446938132,8.049798446938132,0.0
-0.05934465554174104,8.049798444015796,8.049798444015796,0.0
-0.0585348458548624,8.049798441077318,8.049798441077318,0.0
-0.05772503616768522,8.049798438080558,8.049798438080558,0.0
-0.05691522648020577,8.04979843506807,8.04979843506807,0.0
-0.05610541679241829,8.049798431956605,8.049798431956605,0.0
-0.055295607104315636,8.049798428802166,8.049798428802166,0.0
-0.05448579741589497,8.049798425634348,8.049798425634348,0.0
-0.05367598772715321,8.049798422418592,8.049798422418592,0.0
-0.05286617803808428,8.049798419129996,8.049798419129996,0.0
-0.05205636834868323,8.049798415815744,8.049798415815744,0.0
-0.05124655865894602,8.04979841244693,8.04979841244693,0.0
-0.050436748968866366,8.049798409007764,8.049798409007764,0.0
-0.049626939278438933,8.0497984055328,8.0497984055328,0.0
-0.04881712958765909,8.04979840200148,8.04979840200148,0.0
-0.04800731989652146,8.049798398419881,8.049798398419881,0.0
-0.04719751020501975,8.049798394763304,8.049798394763304,0.0
-0.046387700513147945,8.049798391062032,8.049798391062032,0.0
-0.045577890820901724,8.049798387319788,8.049798387319788,0.0
-0.044768081128274614,8.049798383489533,8.049798383489533,0.0
-0.04395827143525829,8.049798379582024,8.049798379582024,0.0
-0.04314846174184658,8.04979837562913,8.04979837562913,0.0
-0.04233865204803548,8.049798371641543,8.049798371641543,0.0
-0.04152884235382087,8.049798367607327,8.049798367607327,0.0
-0.04071903265919583,8.04979836348172,8.04979836348172,0.0
-0.03990922296415257,8.049798359292932,8.049798359292932,0.0
-0.03909941326868374,8.049798355020961,8.049798355020961,0.0
-0.03828960357278208,8.049798350687876,8.049798350687876,0.0
-0.037479793876439904,8.049798346263401,8.049798346263401,0.0
-0.036669984179648646,8.04979834175981,8.04979834175981,0.0
-0.035860174482399115,8.04979833715248,8.04979833715248,0.0
-0.03505036478468304,8.049798332484798,8.049798332484798,0.0
-0.034240555086493596,8.049798327741312,8.049798327741312,0.0
-0.03343074538782082,8.049798322875947,8.049798322875947,0.0
-0.032620935688655976,8.049798317958576,8.049798317958576,0.0
-0.03181112598899111,8.049798312935188,8.049798312935188,0.0
-0.031001316288816597,8.049798307826446,8.049798307826446,0.0
-0.0301915065881252,8.049798302659141,8.049798302659141,0.0
-0.029381696886906734,8.049798297347921,8.049798297347921,0.0
-0.028571887185147044,8.049798291899235,8.049798291899235,0.0
-0.027762077482836343,8.04979828639347,8.04979828639347,0.0
-0.026952267779967003,8.04979828079297,8.04979828079297,0.0
-0.026142458076528274,8.049798275073726,8.049798275073726,0.0
-0.02533264837250929,8.049798269257058,8.049798269257058,0.0
-0.024522838667898804,8.049798263314234,8.049798263314234,0.0
-0.023713028962683194,8.049798257226803,8.049798257226803,0.0
-0.02290321925684924,8.04979825102101,8.04979825102101,0.0
-0.02209340955038728,8.049798244741622,8.049798244741622,0.0
-0.021283599843284852,8.04979823828814,8.04979823828814,0.0
-0.020473790135527935,8.049798231729852,8.049798231729852,0.0
-0.01966398042710237,8.049798224994916,8.049798224994916,0.0
-0.018854170717992537,8.049798218126204,8.049798218126204,0.0
-0.01804436100818581,8.049798211140098,8.049798211140098,0.0
-0.017234551297664664,8.049798203923062,8.049798203923062,0.0
-0.01642474158641087,8.049798196574525,8.049798196574525,0.0
-0.015614931874410196,8.049798189074467,8.049798189074467,0.0
-0.014805122161646533,8.049798181405867,8.049798181405867,0.0
-0.013995312448103859,8.049798173587146,8.049798173587146,0.0
-0.013185502733765089,8.04979816557888,8.04979816557888,0.0
-0.012375693018610405,8.04979815736624,8.04979815736624,0.0
-0.011565883302619782,8.049798148959763,8.049798148959763,0.0
-0.010756073585771386,8.049798140313133,8.049798140313133,0.0
-0.009946263868046992,8.049798131544312,8.049798131544312,0.0
-0.009136454149429776,8.049798122563153,8.049798122563153,0.0
-0.008326644429899131,8.049798113384707,8.049798113384707,0.0
-0.007516834709428996,8.049798103885406,8.049798103885406,0.0
-0.006707024987996455,8.049798094251415,8.049798094251415,0.0
-0.005897215265579922,8.049798084322918,8.049798084322918,0.0
-0.005087405542151133,8.049798074127063,8.049798074127063,0.0
-0.004277595817683681,8.049798063673535,8.049798063673535,0.0
-0.0034677860921513426,8.049798052956382,8.049798052956382,0.0
-0.0026579763655256855,8.049798041937569,8.049798041937569,0.0
-0.0018481666377735701,8.049798030561577,8.049798030561577,0.0
-0.0010383569088600717,8.04979801884845,8.04979801884845,0.0
-0.0002285471787575731,8.049798006923407,8.049798006923407,0.0
0.0005812625525639201,8.049797994613964,8.049797994613964,0.0
0.001391072285147412,8.04979798183397,8.04979798183397,0.0
0.002200882019030754,8.049797968772022,8.049797968772022,0.0
0.0030106917542494656,8.049797955285856,8.049797955285856,0.0
0.003820501490843691,8.049797941425838,8.049797941425838,0.0
0.004630311228853048,8.049797927152014,8.049797927152014,0.0
0.00544012096831843,8.04979791247903,8.04979791247903,0.0
0.0062499307092798995,8.049797897408725,8.049797897408725,0.0
0.007059740451788326,8.04979788172443,8.04979788172443,0.0
0.007869550195901596,8.049797865503283,8.049797865503283,0.0
0.008679359941668428,8.049797848850414,8.049797848850414,0.0
0.009489169689132626,8.049797831758475,8.049797831758475,0.0
0.010298979438344682,8.049797814101751,8.049797814101751,0.0
0.011108789189375527,8.049797795599616,8.049797795599616,0.0
0.011918598942295675,8.049797776541114,8.049797776541114,0.0
0.012728408697167315,8.049797756802498,8.049797756802498,0.0
0.013538218454065887,8.049797736244285,8.049797736244285,0.0
0.014348028213058575,8.049797715170001,8.049797715170001,0.0
0.015157837974226797,8.049797692993117,8.049797692993117,0.0
0.015967647737660885,8.049797670122963,8.049797670122963,0.0
0.01677745750344203,8.049797646331907,8.049797646331907,0.0
0.0175872672716647,8.049797621583718,8.049797621583718,0.0
0.018397077042416065,8.049797596059697,8.049797596059697,0.0
0.019206886815789005,8.049797569464873,8.049797569464873,0.0
0.02001669659190363,8.049797541553074,8.049797541553074,0.0
0.020826506370875734,8.049797512656173,8.049797512656173,0.0
0.02163631615282868,8.049797482291863,8.049797482291863,0.0
0.022446125937901046,8.049797450639856,8.049797450639856,0.0
0.0232559357262312,8.049797417524648,8.049797417524648,0.0
0.02406574551797349,8.049797382804181,8.049797382804181,0.0
0.024875555313271555,8.049797346833335,8.049797346833335,0.0
0.02568536511230297,8.049797308582553,8.049797308582553,0.0
0.026495174915286853,8.04979726825545,8.04979726825545,0.0
0.027304984722427296,8.049797225947176,8.049797225947176,0.0
0.028114794533965183,8.0497971808311,8.0497971808311,0.0
0.02892460435013366,8.049797133887806,8.049797133887806,0.0
0.02973441417115136,8.049797084425094,8.049797084425094,0.0
0.03054422399728701,8.049797032139372,8.049797032139372,0.0
0.031354033828832534,8.049796976872857,8.049796976872857,0.0
0.03216384366611928,8.049796917999915,8.049796917999915,0.0
0.03297365350952998,8.049796855124315,8.049796855124315,0.0
0.03378346335944971,8.04979678859559,8.04979678859559,0.0
0.034593273216291805,8.049796717502991,8.049796717502991,0.0
0.0354030830805457,8.049796641243681,8.049796641243681,0.0
0.03621289295275211,8.049796559401393,8.049796559401393,0.0
0.03702270283347356,8.049796471958608,8.049796471958608,0.0
0.037832512723400914,8.049796376381595,8.049796376381595,0.0
0.03864232262328174,8.049796274076483,8.049796274076483,0.0
0.039452132533892875,8.049796163055616,8.049796163055616,0.0
0.04026194245614204,8.049796042704013,8.049796042704013,0.0
0.04107175239105601,8.049795911270609,8.049795911270609,0.0
0.0418815623398874,8.049795766015713,8.049795766015713,0.0
0.04269137230404413,8.049795606592244,8.049795606592244,0.0
0.04350118228512699,8.049795429512068,8.049795429512068,0.0
0.04431099228500848,8.049795232862442,8.049795232862442,0.0
0.0451208023058509,8.049795012794213,8.049795012794213,0.0
0.04593061235031274,8.0497947632918,8.0497947632918,0.0
0.046740422421500505,8.049794481464051,8.049794481464051,0.0
0.04755023252321778,8.049794156344014,8.049794156344014,0.0
0.04836004266008862,8.049793782586617,8.049793782586617,0.0
0.04916985283759717,8.049793348438257,8.049793348438257,0.0
0.0499796630629422,8.049792831564233,8.049792831564233,0.0
0.05078947334566915,8.04979220764634,8.04979220764634,0.0
0.051599283698470125,8.049791438444418,8.049791438444418,0.0
0.05240909413862592,8.049790470973027,8.049790470973027,0.0
0.05321890469035598,8.049789220272572,8.049789220272572,0.0
0.054028715390381093,8.04978752276781,8.04978752276781,0.0
0.05483852629438232,8.049785165092802,8.049785165092802,0.0
0.05564833749861754,8.049781553921482,8.049781553921482,0.0
0.056458149198151494,8.049775318243595,8.049775318243595,0.0
0.0572679618634592,8.049762353773499,8.049762353773499,0.0
0.05807777734841918,8.049719262248283,8.049719262248283,0.0
0.12299270642304382,0.05052552092757061,0.05052552092757061,0.0
0.25201275755671626,0.05052551259652801,0.05052551259652801,0.0
0.3810328208941467,0.050525511369348346,0.050525511369348346,0.0
0.5100528864576273,0.05052551085304225,0.05052551085304225,0.0
0.6390729530735908,0.050525510545023224,0.050525510545023224,0.0
0.7680930203625764,0.05052551032591824,0.05052551032591824,0.0
0.8971130881574412,0.05052551014880897,0.05052551014880897,0.0
1.0261331563806415,0.05052550999043741,0.05052550999043741,0.0
1.155153225005314,0.05052550983436825,0.05052550983436825,0.0
1.284173294048443,0.05052550966269414,0.05052550966269414,0.0
1.4131933636009908,0.05052550943538154,0.05052550943538154,0.0
1.542213433989574,0.05052550900789522,0.05052550900789522,0.0
1.6067234694567687,0,0,0
