omega,S,S_edge,S_cont
-0.8601022974611441,0,0,0
-0.857733787954837,0.5637202950714121,0.5637202950714121,0.0
-0.8529952059260444,0.5633485326324691,0.5633485326324691,0.0
-0.8482546195144898,0.5632436426260484,0.5632436426260484,0.0
-0.8435133837787459,0.563194235396042,0.563194235396042,0.0
-0.8387718214686768,0.5631660579402429,0.5631660579402429,0.0
-0.8340300636045802,0.563147782954912,0.563147782954912,0.0
-0.829288173978046,0.5631347610183279,0.5631347610183279,0.0
-0.8245461889591361,0.5631251259684156,0.5631251259684156,0.0
-0.8198041318493756,0.5631176390844684,0.5631176390844684,0.0
-0.8150620180857435,0.5631116707662993,0.5631116707662993,0.0
-0.8103198587347854,0.5631068124062956,0.5631068124062956,0.0
-0.8055776621792416,0.5631028350876666,0.5631028350876666,0.0
-0.8008354346258748,0.563099450873023,0.563099450873023,0.0
-0.7960931806601774,0.5630965626188599,0.5630965626188599,0.0
-0.7913509039771964,0.5630940559699669,0.5630940559699669,0.0
-0.7866086075297274,0.5630918689883803,0.5630918689883803,0.0
-0.7818662937806162,0.5630899472433615,0.5630899472433615,0.0
-0.7771239647595158,0.5630882422809804,0.5630882422809804,0.0
-0.7723816221244947,0.5630867143046706,0.5630867143046706,0.0
-0.7676392672493797,0.5630853356049962,0.5630853356049962,0.0
-0.7628969013224256,0.5630840898185165,0.5630840898185165,0.0
-0.7581545254243409,0.5630829677657517,0.5630829677657517,0.0
-0.7534121404712368,0.5630819395364579,0.5630819395364579,0.0
-0.7486697472345025,0.5630810006715015,0.5630810006715015,0.0
-0.7439273463922715,0.563080133483057,0.563080133483057,0.0
-0.739184938519603,0.5630793311807942,0.5630793311807942,0.0
-0.7344425241421093,0.5630785888118995,0.5630785888118995,0.0
-0.7297001037260566,0.5630778972355219,0.5630778972355219,0.0
-0.7249576776775281,0.5630772513003353,0.5630772513003353,0.0
-0.7202152463788534,0.5630766505165301,0.5630766505165301,0.0
-0.7154728101880617,0.5630760896027031,0.5630760896027031,0.0
-0.7107303694241577,0.5630755645729267,0.5630755645729267,0.0
-0.7059879243877178,0.5630750750367405,0.5630750750367405,0.0
-0.701245475340008,0.5630746120493586,0.5630746120493586,0.0
-0.6965030224938185,0.5630741730442452,0.5630741730442452,0.0
-0.6917605660501327,0.5630737577840698,0.5630737577840698,0.0
-0.6870181061982097,0.5630733637217329,0.5630733637217329,0.0
-0.6822756431177867,0.5630729911432145,0.5630729911432145,0.0
-0.6775331769850165,0.5630726389111285,0.5630726389111285,0.0
-0.6727907079546185,0.5630723030731442,0.5630723030731442,0.0
-0.6680482361564919,0.5630719816877329,0.5630719816877329,0.0
-0.6633057617232133,0.5630716773319573,0.5630716773319573,0.0
-0.6585632847773111,0.563071385042729,0.563071385042729,0.0
-0.6538208054220351,0.5630711052051769,0.5630711052051769,0.0
-0.649078323770396,0.5630708397517754,0.5630708397517754,0.0
-0.6443358399322864,0.5630705860097233,0.5630705860097233,0.0
-0.6395933540011185,0.5630703427382351,0.5630703427382351,0.0
-0.6348508660635576,0.5630701095759907,0.5630701095759907,0.0
-0.6301083761967606,0.5630698846263924,0.5630698846263924,0.0
-0.6253658844793896,0.563069670143369,0.563069670143369,0.0
-0.6206233909877727,0.5630694633188514,0.5630694633188514,0.0
-0.6158808957864492,0.5630692641613645,0.5630692641613645,0.0
-0.6111383989361368,0.5630690717549754,0.5630690717549754,0.0
-0.6063959004967889,0.563068886834209,0.563068886834209,0.0
-0.6016534005256984,0.5630687080325129,0.5630687080325129,0.0
-0.5969108990729673,0.5630685350091345,0.5630685350091345,0.0
-0.5921683961923061,0.5630683689614542,0.5630683689614542,0.0
-0.587425891943766,0.5630682101978534,0.5630682101978534,0.0
-0.582683386377854,0.56306805614356,0.56306805614356,0.0
-0.5779408795356442,0.5630679071333888,0.5630679071333888,0.0
-0.5731983714526347,0.5630677615085002,0.5630677615085002,0.0
-0.5684558621626916,0.563067620540159,0.563067620540159,0.0
-0.5637133517050399,0.5630674842295973,0.5630674842295973,0.0
-0.5589708401139382,0.5630673513963331,0.5630673513963331,0.0
-0.5542283274205055,0.5630672224752956,0.5630672224752956,0.0
-0.5494858136607239,0.563067098186184,0.563067098186184,0.0
-0.5447432988664975,0.5630669768411137,0.5630669768411137,0.0
-0.5400007830681575,0.5630668597543718,0.5630668597543718,0.0
-0.5352582662958042,0.5630667455568941,0.5630667455568941,0.0
-0.5305157485751721,0.5630666345810326,0.5630666345810326,0.0
-0.5257732299322033,0.5630665265436736,0.5630665265436736,0.0
-0.5210307103926205,0.563066421675923,0.563066421675923,0.0
-0.516288189979776,0.5630663191837183,0.5630663191837183,0.0
-0.5115456687179982,0.5630662200929494,0.5630662200929494,0.0
-0.5068031466296068,0.5630661229007135,0.5630661229007135,0.0
-0.502060623735597,0.5630660287953935,0.5630660287953935,0.0
-0.49731810005368526,0.5630659358101178,0.5630659358101178,0.0
-0.49257557560325094,0.5630658463065147,0.5630658463065147,0.0
-0.4878330504082501,0.5630657590098133,0.5630657590098133,0.0
-0.48309052448440615,0.5630656732398017,0.5630656732398017,0.0
-0.47834799784624255,0.563065589391846,0.563065589391846,0.0
-0.47360547051125296,0.5630655077757981,0.5630655077757981,0.0
-0.4688629424951396,0.5630654276564411,0.5630654276564411,0.0
-0.46412041381476715,0.5630653500450383,0.5630653500450383,0.0
-0.4593778844885485,0.5630652742979109,0.5630652742979109,0.0
-0.45463535452986636,0.5630651998643352,0.5630651998643352,0.0
-0.4498928239495923,0.5630651266987228,0.5630651266987228,0.0
-0.44515029276016693,0.5630650552192891,0.5630650552192891,0.0
-0.4404077609760755,0.5630649854932313,0.5630649854932313,0.0
-0.43566522861089485,0.5630649172377497,0.5630649172377497,0.0
-0.430922695677331,0.5630648505287609,0.5630648505287609,0.0
-0.4261801621872967,0.5630647851020844,0.5630647851020844,0.0
-0.4214376281536477,0.5630647214457236,0.5630647214457236,0.0
-0.41669509358906165,0.5630646590294403,0.5630646590294403,0.0
-0.41195255850435825,0.5630645979422861,0.5630645979422861,0.0
-0.40721002290770214,0.5630645374647271,0.5630645374647271,0.0
-0.4024674868073042,0.5630644783273221,0.5630644783273221,0.0
-0.3977249502150664,0.5630644206759147,0.5630644206759147,0.0
-0.39298241314075455,0.5630643638574834,0.5630643638574834,0.0
-0.3882398755922228,0.5630643080710652,0.5630643080710652,0.0
-0.3834973375789369,0.563064253500334,0.563064253500334,0.0
-0.37875479911068777,0.563064200038837,0.563064200038837,0.0
-0.37401226019742084,0.5630641478296561,0.5630641478296561,0.0
-0.3692697208469312,0.5630640962191649,0.5630640962191649,0.0
-0.36452718106431137,0.5630640452192458,0.5630640452192458,0.0
-0.3597846408580134,0.563063995615706,0.563063995615706,0.0
-0.35504210023685856,0.563063946710452,0.563063946710452,0.0
-0.3502995592093192,0.5630638991187255,0.5630638991187255,0.0
-0.3455570177827457,0.5630638519588247,0.5630638519588247,0.0
-0.3408144759616616,0.5630638054412542,0.5630638054412542,0.0
-0.33607193375245936,0.5630637597992758,0.5630637597992758,0.0
-0.3313293911621946,0.5630637149570901,0.5630637149570901,0.0
-0.3265868481974241,0.5630636708720422,0.5630636708720422,0.0
-0.3218443048652312,0.5630636277118303,0.5630636277118303,0.0
-0.3171017611719251,0.5630635851249299,0.5630635851249299,0.0
-0.31235921712336967,0.563063543357105,0.563063543357105,0.0
-0.30761667272661275,0.5630635024437798,0.5630635024437798,0.0
-0.3028741279882389,0.5630634622394264,0.5630634622394264,0.0
-0.2981315829117325,0.5630634221535451,0.5630634221535451,0.0
-0.2933890375019749,0.5630633831082685,0.5630633831082685,0.0
-0.2886464917658055,0.5630633446464052,0.5630633446464052,0.0
-0.2839039457069871,0.5630633064946486,0.5630633064946486,0.0
-0.2791613993295563,0.5630632689912751,0.5630632689912751,0.0
-0.27441885263835214,0.5630632319885823,0.5630632319885823,0.0
-0.26967630563894,0.5630631958067288,0.5630631958067288,0.0
-0.26493375833741795,0.5630631602520225,0.5630631602520225,0.0
-0.2601912107374684,0.5630631249446072,0.5630631249446072,0.0
-0.25544866284303713,0.5630630903268242,0.5630630903268242,0.0
-0.2507061146584571,0.5630630560482708,0.5630630560482708,0.0
-0.24596356618824855,0.563063022503856,0.563063022503856,0.0
-0.24122101743645502,0.5630629891854468,0.5630629891854468,0.0
-0.23647846840594744,0.5630629563227525,0.5630629563227525,0.0
-0.23173591910052338,0.5630629239060944,0.5630629239060944,0.0
-0.22699336952433052,0.563062892028268,0.563062892028268,0.0
-0.22225081968083504,0.5630628604346684,0.5630628604346684,0.0
-0.21750826957426767,0.563062829561448,0.563062829561448,0.0
-0.212765719209883,0.5630627992155652,0.5630627992155652,0.0
-0.20802316859035347,0.5630627689769279,0.5630627689769279,0.0
-0.20328061771733924,0.5630627390252549,0.5630627390252549,0.0
-0.19853806659431028,0.5630627096105744,0.5630627096105744,0.0
-0.19379551522621918,0.5630626808349114,0.5630626808349114,0.0
-0.18905296361687202,0.5630626523239858,0.5630626523239858,0.0
-0.18431041176814084,0.5630626239928515,0.5630626239928515,0.0
-0.17956785968208017,0.5630625959697875,0.5630625959697875,0.0
-0.17482530736191765,0.5630625684050627,0.5630625684050627,0.0
-0.17008275481086813,0.5630625411453732,0.5630625411453732,0.0
-0.16534020203280847,0.563062514501225,0.563062514501225,0.0
-0.16059764903177165,0.5630624881991608,0.5630624881991608,0.0
-0.15585509580956802,0.5630624619849122,0.5630624619849122,0.0
-0.15111254236811267,0.5630624361375643,0.5630624361375643,0.0
-0.1463699887103525,0.5630624106230931,0.5630624106230931,0.0
-0.14162743483954235,0.5630623855485959,0.5630623855485959,0.0
-0.13688488075858973,0.5630623607245334,0.5630623607245334,0.0
-0.1321423264703428,0.5630623363263242,0.5630623363263242,0.0
-0.12739977197743652,0.5630623121279504,0.5630623121279504,0.0
-0.12265721728069051,0.5630622879243722,0.5630622879243722,0.0
-0.11791466238248739,0.5630622642917454,0.5630622642917454,0.0
-0.11317210728613095,0.5630622408726605,0.5630622408726605,0.0
-0.1084295519944723,0.563062217917046,0.563062217917046,0.0
-0.10368699650986848,0.5630621950576395,0.5630621950576395,0.0
-0.09894444083414455,0.5630621725353863,0.5630621725353863,0.0
-0.09420188496937372,0.5630621501682789,0.5630621501682789,0.0
-0.08945932891731641,0.5630621280640371,0.5630621280640371,0.0
-0.08471677268012331,0.5630621062076213,0.5630621062076213,0.0
-0.07997421626022493,0.5630620846804991,0.5630620846804991,0.0
-0.07523165966039799,0.5630620634834319,0.5630620634834319,0.0
-0.07048910288179891,0.5630620422309048,0.5630620422309048,0.0
-0.06574654592580664,0.5630620213612675,0.5630620213612675,0.0
-0.06100398879490475,0.5630620006984715,0.5630620006984715,0.0
-0.05626143149025821,0.5630619801054638,0.5630619801054638,0.0
-0.05151887401366166,0.563061959868808,0.563061959868808,0.0
-0.04677631636775513,0.5630619399026782,0.5630619399026782,0.0
-0.04203375855440046,0.5630619201081223,0.5630619201081223,0.0
-0.037291200575083325,0.56306190049477,0.56306190049477,0.0
-0.03254864243129496,0.5630618810543108,0.5630618810543108,0.0
-0.027806084125024402,0.5630618619132591,0.5630618619132591,0.0
-0.023063525657939718,0.5630618428688873,0.5630618428688873,0.0
-0.01832096703172719,0.5630618241282465,0.5630618241282465,0.0
-0.013578408248180324,0.563061805509746,0.563061805509746,0.0
-0.008835849308571543,0.5630617870712464,0.5630617870712464,0.0
-0.004093290214339906,0.563061768794453,0.563061768794453,0.0
0.0006492690326426367,0.5630617508004515,0.5630617508004515,0.0
0.005391828430386665,0.5630617329960494,0.5630617329960494,0.0
0.010134387977590644,0.5630617153111006,0.5630617153111006,0.0
0.014876947673366595,0.5630616977175519,0.5630616977175519,0.0
0.01961950751670685,0.5630616802718765,0.5630616802718765,0.0
0.024362067506113416,0.5630616630340288,0.5630616630340288,0.0
0.029104627639763805,0.5630616460211058,0.5630616460211058,0.0
0.03384718791555805,0.5630616292819021,0.5630616292819021,0.0
0.03858974833160851,0.5630616127171952,0.5630616127171952,0.0
0.043332308886503704,0.5630615963131569,0.5630615963131569,0.0
0.04807486957992328,0.5630615798245153,0.5630615798245153,0.0
0.05281743041122065,0.5630615635740154,0.5630615635740154,0.0
0.05755999137840313,0.5630615475585378,0.5630615475585378,0.0
0.062302552480370345,0.563061531569323,0.563061531569323,0.0
0.06704511371568206,0.5630615158958345,0.5630615158958345,0.0
0.07178767508320552,0.56306150017559,0.56306150017559,0.0
0.0765302365818138,0.5630614847696953,0.5630614847696953,0.0
0.08127279820916378,0.563061469605827,0.563061469605827,0.0
0.08364407905476937,0,0,0
