omega,S,S_edge,S_cont,Sr,Sr_edge,Sr_cont
-1.5924999999999994,0.0,0.0,0.0
-1.5875000000000004,0.0019634954084936204,0.0019634954084936204,0.0
-1.5824999999999996,0.020224002707484295,0.020224002707484295,0.0
-1.5775000000000006,0.05792311455056181,0.05792311455056181,0.0
-1.5724999999999998,0.1774999849278233,0.1774999849278233,0.0
-1.567499999999999,0.32240594607465245,0.32240594607465245,0.0
-1.5625,0.508152611718149,0.508152611718149,0.0
-1.5574999999999992,0.5560618996853934,0.5560618996853934,0.0
-1.5525000000000002,0.6520768251607314,0.6520768251607314,0.0
-1.5474999999999994,0.760854470791278,0.760854470791278,0.0
-1.5425000000000004,0.743575711196534,0.743575711196534,0.0
-1.5374999999999996,0.9159706080622741,0.9159706080622741,0.0
-1.5325000000000006,1.0286752445098077,1.0286752445098077,0.0
-1.5274999999999999,0.7987499321752048,0.7987499321752048,0.0
-1.522499999999999,0.7726354432422398,0.7726354432422398,0.0
-1.5175,0.7194247176720626,0.7194247176720626,0.0
-1.5124999999999993,0.6239988408192725,0.6239988408192725,0.0
-1.5075000000000003,0.607898178469625,0.607898178469625,0.0
-1.5024999999999995,0.508152611718149,0.508152611718149,0.0
-1.4975000000000005,0.41979531833593603,0.41979531833593603,0.0
-1.4924999999999997,0.5939573610693203,0.5939573610693203,0.0
-1.4875000000000007,0.7506442946671111,0.7506442946671111,0.0
-1.4825,0.23797564350942682,0.23797564350942682,0.0
-1.4774999999999991,0.2222676802414779,0.2222676802414779,0.0
-1.4725000000000001,0.6880087911361646,0.6880087911361646,0.0
-1.4674999999999994,0.799928029420301,0.799928029420301,0.0
-1.4625000000000004,0.24779312055189487,0.24779312055189487,0.0
-1.4574999999999996,0.024150993524471535,0.024150993524471535,0.0
-1.4525000000000006,0.5611669877474766,0.5611669877474766,0.0
-1.4474999999999998,0.8301658587111026,0.8301658587111026,0.0
-1.442499999999999,0.4686863540074271,0.4686863540074271,0.0
-1.4375,0.08717919613711676,0.08717919613711676,0.0
-1.4324999999999992,0.057726765009712466,0.057726765009712466,0.0
-1.4275000000000002,0.8498008127960391,0.8498008127960391,0.0
-1.4224999999999994,0.6738716241950105,0.6738716241950105,0.0
-1.4175000000000004,0.34969853225271375,0.34969853225271375,0.0
-1.4124999999999996,0.03239767424014475,0.03239767424014475,0.0
-1.4075000000000006,0.11800607405046662,0.11800607405046662,0.0
-1.4024999999999999,0.862759882492097,0.862759882492097,0.0
-1.397499999999999,0.6479534848028947,0.6479534848028947,0.0
-1.3925,0.3000220984178251,0.3000220984178251,0.0
-1.3874999999999993,0.037110063220529434,0.037110063220529434,0.0
-1.3825000000000003,0.12664545384783854,0.12664545384783854,0.0
-1.3774999999999995,0.7661559083942108,0.7661559083942108,0.0
-1.3725000000000005,0.6992007149645783,0.6992007149645783,0.0
-1.3674999999999997,0.30728703142925157,0.30728703142925157,0.0
-1.362499999999999,0.06361725123519332,0.06361725123519332,0.0
-1.3575,0.0812887099116359,0.0812887099116359,0.0
-1.3524999999999991,0.6662139921018854,0.6662139921018854,0.0
-1.3475000000000001,0.7005751617505238,0.7005751617505238,0.0
-1.3424999999999994,0.398000519301657,0.398000519301657,0.0
-1.3375000000000004,0.11564987956027424,0.11564987956027424,0.0
-1.3324999999999996,0.022187498115977915,0.022187498115977915,0.0
-1.3275000000000006,0.4525856916577796,0.4525856916577796,0.0
-1.3224999999999998,0.6342090169434395,0.6342090169434395,0.0
-1.317499999999999,0.5894413216297849,0.5894413216297849,0.0
-1.3125,0.262519336115597,0.262519336115597,0.0
-1.3074999999999992,0.002945243112740431,0.002945243112740431,0.0
-1.3025000000000002,0.1629701189049705,0.1629701189049705,0.0
-1.2974999999999994,0.734347282776614,0.734347282776614,0.0
-1.2925000000000004,0.5315182070792231,0.5315182070792231,0.0
-1.2874999999999996,0.47712938426394985,0.47712938426394985,0.0
-1.2825000000000006,0.057137716387164375,0.057137716387164375,0.0
-1.2774999999999999,0.012762720155208535,0.012762720155208535,0.0
-1.272499999999999,0.46181412007769956,0.46181412007769956,0.0
-1.2675,0.6255696371460675,0.6255696371460675,0.0
-1.2624999999999993,0.5446736263161304,0.5446736263161304,0.0
-1.2575000000000003,0.3186753047985146,0.3186753047985146,0.0
-1.2524999999999995,0.0,0.0,0.0
-1.2475000000000005,0.05340707511102649,0.05340707511102649,0.0
-1.2424999999999997,0.688794189299562,0.688794189299562,0.0
-1.237499999999999,0.46259951824109696,0.46259951824109696,0.0
-1.2325,0.6581636609270617,0.6581636609270617,0.0
-1.2274999999999991,0.10053096491487339,0.10053096491487339,0.0
-1.2225000000000001,0.0,0.0,0.0
-1.2174999999999994,0.1521708941582556,0.1521708941582556,0.0
-1.2125000000000004,0.7524114405347554,0.7524114405347554,0.0
-1.2074999999999996,0.3938771789438202,0.3938771789438202,0.0
-1.2025000000000006,0.6440264939859074,0.6440264939859074,0.0
-1.1974999999999998,0.021009400870881743,0.021009400870881743,0.0
-1.192499999999999,0.0,0.0,0.0
-1.1875,0.23129975912054854,0.23129975912054854,0.0
-1.1824999999999992,0.7459319056867265,0.7459319056867265,0.0
-1.1775000000000002,0.4353069320630357,0.4353069320630357,0.0
-1.1724999999999994,0.5491896657556657,0.5491896657556657,0.0
-1.1675000000000004,0.0017671458676442584,0.0017671458676442584,0.0
-1.1624999999999996,0.00039269908169872416,0.00039269908169872416,0.0
-1.1575000000000006,0.2613412388705009,0.2613412388705009,0.0
-1.1524999999999999,0.7427903130331367,0.7427903130331367,0.0
-1.147499999999999,0.5175773896789183,0.5175773896789183,0.0
-1.1425,0.4411974182885166,0.4411974182885166,0.0
-1.1374999999999993,0.00019634954084936208,0.00019634954084936208,0.0
-1.1325000000000003,0.0005890486225480862,0.0005890486225480862,0.0
-1.1274999999999995,0.24033183799961919,0.24033183799961919,0.0
-1.1225000000000005,0.7274750488468864,0.7274750488468864,0.0
-1.1174999999999997,0.5908157684157305,0.5908157684157305,0.0
-1.112499999999999,0.40389100552713775,0.40389100552713775,0.0
-1.1075,0.00039269908169872416,0.00039269908169872416,0.0
-1.1024999999999991,0.0015707963267948964,0.0015707963267948964,0.0
-1.0975000000000001,0.18417586931670163,0.18417586931670163,0.0
-1.0924999999999994,0.72021011583546,0.72021011583546,0.0
-1.0875000000000004,0.6459899893944011,0.6459899893944011,0.0
-1.0824999999999996,0.41115593853856425,0.41115593853856425,0.0
-1.0775000000000006,0.00039269908169872416,0.00039269908169872416,0.0
-1.0724999999999998,0.0011780972450961724,0.0011780972450961724,0.0
-1.067499999999999,0.13273228961416877,0.13273228961416877,0.0
-1.0625,0.6758351196035041,0.6758351196035041,0.0
-1.0574999999999992,0.711570736038088,0.711570736038088,0.0
-1.0525000000000002,0.4411974182885166,0.4411974182885166,0.0
-1.0474999999999994,0.0009817477042468102,0.0009817477042468102,0.0
-1.0425000000000004,0.0,0.0,0.0
-1.0374999999999996,0.06027930904075416,0.06027930904075416,0.0
-1.0325000000000006,0.5843362335677015,0.5843362335677015,0.0
-1.0274999999999999,0.8333074513646924,0.8333074513646924,0.0
-1.022499999999999,0.47575493747800435,0.47575493747800435,0.0
-1.0175,0.009817477042468105,0.009817477042468105,0.0
-1.0124999999999993,0.0,0.0,0.0
-1.0075000000000003,0.018260507298990675,0.018260507298990675,0.0
-1.0024999999999995,0.40585450093563136,0.40585450093563136,0.0
-0.9975000000000005,0.9202902979609598,0.9202902979609598,0.0
-0.9924999999999997,0.5904230693340318,0.5904230693340318,0.0
-0.9874999999999989,0.028667032964006866,0.028667032964006866,0.0
-0.9824999999999999,0.0,0.0,0.0
-0.9774999999999991,0.0037306412761378797,0.0037306412761378797,0.0
-0.9725000000000001,0.20263272615654165,0.20263272615654165,0.0
-0.9674999999999994,0.8931940613237481,0.8931940613237481,0.0
-0.9625000000000004,0.7215845626214055,0.7215845626214055,0.0
-0.9574999999999996,0.14235341711578747,0.14235341711578747,0.0
-0.9525000000000006,0.0,0.0,0.0
-0.9474999999999998,0.0,0.0,0.0
-0.942499999999999,0.06616979526623502,0.06616979526623502,0.0
-0.9375,0.7343472827766141,0.7343472827766141,0.0
-0.9324999999999992,0.8523533568270808,0.8523533568270808,0.0
-0.9275000000000002,0.31062497362369074,0.31062497362369074,0.0
-0.9224999999999994,0.0,0.0,0.0
-0.9175000000000004,0.0,0.0,0.0
-0.9124999999999996,0.006283185307179586,0.006283185307179586,0.0
-0.9075000000000006,0.41645737614149697,0.41645737614149697,0.0
-0.9024999999999999,1.0371182747663301,1.0371182747663301,0.0
-0.8974999999999991,0.5036365722786137,0.5036365722786137,0.0
-0.8925000000000001,0.0,0.0,0.0
-0.8874999999999993,0.0,0.0,0.0
-0.8825000000000003,0.0,0.0,0.0
-0.8774999999999995,0.10661780068120362,0.10661780068120362,0.0
-0.8725000000000005,0.9499390786292137,0.9499390786292137,0.0
-0.8674999999999997,0.8649197274414399,0.8649197274414399,0.0
-0.8624999999999989,0.042018801741763485,0.042018801741763485,0.0
-0.8574999999999999,0.0,0.0,0.0
-0.8524999999999991,0.0,0.0,0.0
-0.8475000000000001,0.0027488935718910693,0.0027488935718910693,0.0
-0.8424999999999994,0.5658793767278615,0.5658793767278615,0.0
-0.8375000000000004,1.1109457021256905,1.1109457021256905,0.0
-0.8324999999999996,0.28392143606817755,0.28392143606817755,0.0
-0.8275000000000006,0.0,0.0,0.0
-0.8224999999999998,0.0,0.0,0.0
-0.817499999999999,0.0,0.0,0.0
-0.8125,0.11113384012073893,0.11113384012073893,0.0
-0.8074999999999992,1.079726125130642,1.079726125130642,0.0
-0.8025000000000002,0.7726354432422398,0.7726354432422398,0.0
-0.7974999999999994,0.0,0.0,0.0
-0.7925000000000004,0.0,0.0,0.0
-0.7874999999999996,0.0,0.0,0.0
-0.7825000000000006,0.0015707963267948967,0.0015707963267948967,0.0
-0.7774999999999999,0.558025395093887,0.558025395093887,0.0
-0.7724999999999991,1.2295408247987054,1.2295408247987054,0.0
-0.7675000000000001,0.1743583922742335,0.1743583922742335,0.0
-0.7624999999999993,0.0,0.0,0.0
-0.7575000000000003,0.0,0.0,0.0
-0.7524999999999995,0.0,0.0,0.0
-0.7475000000000005,0.05262167694762903,0.05262167694762903,0.0
-0.7424999999999997,1.1661199231043613,1.1661199231043613,0.0
-0.7374999999999989,0.7447538084416303,0.7447538084416303,0.0
-0.7324999999999999,0.0,0.0,0.0
-0.7274999999999991,0.0,0.0,0.0
-0.7225000000000001,0.0,0.0,0.0
-0.7174999999999994,0.00039269908169872416,0.00039269908169872416,0.0
-0.7125000000000004,0.3565707661824415,0.3565707661824415,0.0
-0.7074999999999996,1.4027211198278426,1.4027211198278426,0.0
-0.7025000000000006,0.2038108234016378,0.2038108234016378,0.0
-0.6974999999999998,0.0,0.0,0.0
-0.692499999999999,0.0,0.0,0.0
-0.6875,0.0,0.0,0.0
-0.6824999999999992,0.022187498115977918,0.022187498115977918,0.0
-0.6775000000000002,1.0263190500196158,1.0263190500196158,0.0
-0.6724999999999994,0.9110618695410402,0.9110618695410402,0.0
-0.6675000000000004,0.003926990816987241,0.003926990816987241,0.0
-0.6624999999999996,0.0,0.0,0.0
-0.6575000000000006,0.0,0.0,0.0
-0.6524999999999999,0.0,0.0,0.0
-0.6474999999999991,0.12095131716320706,0.12095131716320706,0.0
-0.6425000000000001,1.4090043051350225,1.4090043051350225,0.0
-0.6374999999999993,0.4335397861953914,0.4335397861953914,0.0
-0.6325000000000003,0.0,0.0,0.0
-0.6274999999999995,0.0,0.0,0.0
-0.6225000000000005,0.0,0.0,0.0
-0.6174999999999997,0.0,0.0,0.0
-0.6124999999999989,0.5266094685579891,0.5266094685579891,0.0
-0.6074999999999999,1.3493140447168164,1.3493140447168164,0.0
-0.6024999999999991,0.08757189521881549,0.08757189521881549,0.0
-0.5975000000000001,0.0,0.0,0.0
-0.5924999999999994,0.0,0.0,0.0
-0.5875000000000004,0.0,0.0,0.0
-0.5824999999999996,0.016886060513045136,0.016886060513045136,0.0
-0.5775000000000006,1.0752100856911069,1.0752100856911069,0.0
-0.5724999999999998,0.8660978246865361,0.8660978246865361,0.0
-0.567499999999999,0.005301437602932777,0.005301437602932777,0.0
-0.5625,0.0,0.0,0.0
-0.5574999999999992,0.0,0.0,0.0
-0.5525000000000002,0.0,0.0,0.0
-0.5474999999999994,0.09758572180213294,0.09758572180213294,0.0
-0.5425000000000004,1.451612155499334,1.451612155499334,0.0
-0.5374999999999996,0.4142975311921539,0.4142975311921539,0.0
-0.5325000000000006,0.0,0.0,0.0
-0.5274999999999999,0.0,0.0,0.0
-0.5224999999999991,0.0,0.0,0.0
-0.5175000000000001,0.0,0.0,0.0
-0.5124999999999993,0.38563049822814716,0.38563049822814716,0.0
-0.5075000000000003,1.3876022051824417,1.3876022051824417,0.0
-0.5024999999999995,0.19026270508303184,0.19026270508303184,0.0
-0.4975000000000005,0.0,0.0,0.0
-0.4924999999999997,0.0,0.0,0.0
-0.48749999999999893,0.0,0.0,0.0
-0.48249999999999993,0.0019634954084936204,0.0019634954084936204,0.0
-0.47749999999999915,0.7465209543092747,0.7465209543092747,0.0
-0.47250000000000014,1.1431470268249861,1.1431470268249861,0.0
-0.46749999999999936,0.07186393195086653,0.07186393195086653,0.0
-0.46250000000000036,0.0,0.0,0.0
-0.4574999999999996,0.0,0.0,0.0
-0.45250000000000057,0.0,0.0,0.0
-0.4474999999999998,0.008835729338221292,0.008835729338221292,0.0
-0.442499999999999,1.1266536653936396,1.1266536653936396,0.0
-0.4375,0.8227045761588269,0.8227045761588269,0.0
-0.4324999999999992,0.005301437602932776,0.005301437602932776,0.0
-0.4275000000000002,0.0,0.0,0.0
-0.42249999999999943,0.0,0.0,0.0
-0.4175000000000004,0.0,0.0,0.0
-0.41249999999999964,0.0730420291959627,0.0730420291959627,0.0
-0.40750000000000064,1.257618809140164,1.257618809140164,0.0
-0.40249999999999986,0.632834570157494,0.632834570157494,0.0
-0.3974999999999991,0.0,0.0,0.0
-0.39250000000000007,0.0,0.0,0.0
-0.3874999999999993,0.0,0.0,0.0
-0.3825000000000003,0.0,0.0,0.0
-0.3774999999999995,0.18515761702094843,0.18515761702094843,0.0
-0.3725000000000005,1.2996376108819274,1.2996376108819274,0.0
-0.3674999999999997,0.47870018059074476,0.47870018059074476,0.0
-0.36249999999999893,0.0,0.0,0.0
-0.35749999999999993,0.0,0.0,0.0
-0.35249999999999915,0.0,0.0,0.0
-0.34750000000000014,0.0,0.0,0.0
-0.34249999999999936,0.3557853680190441,0.3557853680190441,0.0
-0.33750000000000036,1.2481940311793949,1.2481940311793949,0.0
-0.3324999999999996,0.35951600929518196,0.35951600929518196,0.0
-0.32750000000000057,0.0,0.0,0.0
-0.3224999999999998,0.0,0.0,0.0
-0.317499999999999,0.0,0.0,0.0
-0.3125,0.0019634954084936204,0.0019634954084936204,0.0
-0.3074999999999992,0.5531166565726529,0.5531166565726529,0.0
-0.3025000000000002,1.1541426011125504,1.1541426011125504,0.0
-0.29749999999999943,0.25427265539992383,0.25427265539992383,0.0
-0.2925000000000004,0.0,0.0,0.0
-0.28749999999999964,0.0,0.0,0.0
-0.28250000000000064,0.0,0.0,0.0
-0.27749999999999986,0.00942477796076938,0.00942477796076938,0.0
-0.2724999999999991,0.6318528224532471,0.6318528224532471,0.0
-0.26750000000000007,1.1431470268249861,1.1431470268249861,0.0
-0.2624999999999993,0.1790707812546182,0.1790707812546182,0.0
-0.2575000000000003,0.0,0.0,0.0
-0.2524999999999995,0.0,0.0,0.0
-0.2475000000000005,0.0,0.0,0.0
-0.24249999999999972,0.018456856839840035,0.018456856839840035,0.0
-0.23749999999999893,0.659930806794706,0.659930806794706,0.0
-0.23249999999999993,1.1525718047857554,1.1525718047857554,0.0
-0.22749999999999915,0.13253594007331937,0.13253594007331937,0.0
-0.22250000000000014,0.0,0.0,0.0
-0.21749999999999936,0.0,0.0,0.0
-0.21250000000000036,0.0,0.0,0.0
-0.20749999999999957,0.032790373321843466,0.032790373321843466,0.0
-0.20250000000000057,0.6666066911835842,0.6666066911835842,0.0
-0.1974999999999998,1.151786406622358,1.151786406622358,0.0
-0.192499999999999,0.11231193736583509,0.11231193736583509,0.0
-0.1875,0.0,0.0,0.0
-0.18249999999999922,0.0,0.0,0.0
-0.1775000000000002,0.0,0.0,0.0
-0.17249999999999943,0.03652101459798135,0.03652101459798135,0.0
-0.16750000000000043,0.6548257187326225,0.6548257187326225,0.0
-0.16249999999999964,1.1678870689720056,1.1678870689720056,0.0
-0.15750000000000064,0.10426160619101126,0.10426160619101126,0.0
-0.15249999999999986,0.0,0.0,0.0
-0.14749999999999908,0.0,0.0,0.0
-0.14250000000000007,0.0,0.0,0.0
-0.1374999999999993,0.03337942194439156,0.03337942194439156,0.0
-0.13250000000000028,0.6226243940333271,0.6226243940333271,0.0
-0.1274999999999995,1.1975358496402593,1.1975358496402593,0.0
-0.1225000000000005,0.10995574287564273,0.10995574287564273,0.0
-0.11749999999999972,0.0,0.0,0.0
-0.11249999999999893,0.0,0.0,0.0
-0.10749999999999993,0.0,0.0,0.0
-0.10249999999999915,0.028274333882308142,0.028274333882308142,0.0
-0.09750000000000014,0.585710680353647,0.585710680353647,0.0
-0.09249999999999936,1.213832861530756,1.213832861530756,0.0
-0.08750000000000036,0.13567753272690916,0.13567753272690916,0.0
-0.08249999999999957,0.0,0.0,0.0
-0.07750000000000057,0.0,0.0,0.0
-0.07249999999999979,0.0,0.0,0.0
-0.067499999999999,0.01826050729899067,0.01826050729899067,0.0
-0.0625,0.5460480731020759,0.5460480731020759,0.0
-0.05749999999999922,1.2156000073984006,1.2156000073984006,0.0
-0.05250000000000021,0.1835868206941535,0.1835868206941535,0.0
-0.04749999999999943,0.0,0.0,0.0
-0.042500000000000426,0.0,0.0,0.0
-0.037499999999999645,0.0,0.0,0.0
-0.03250000000000064,0.004712388980384691,0.004712388980384691,0.0
-0.027499999999999858,0.4857687640613218,0.4857687640613218,0.0
-0.022499999999999076,1.2181525514294422,1.2181525514294422,0.0
-0.01750000000000007,0.2548617040224719,0.2548617040224719,0.0
-0.01249999999999929,0.0,0.0,0.0
-0.007500000000000284,0.0,0.0,0.0
-0.0024999999999995026,0.0,0.0,0.0
0.0024999999999995026,0.0017671458676442589,0.0017671458676442589,0.0
0.007500000000000284,0.40212385965949354,0.40212385965949354,0.0
0.012500000000001066,1.1826132845357078,1.1826132845357078,0.0
0.01750000000000007,0.3769911184307751,0.3769911184307751,0.0
0.022500000000000853,0.0,0.0,0.0
0.027499999999999858,0.0,0.0,0.0
0.03250000000000064,0.0,0.0,0.0
0.037499999999999645,0.0005890486225480862,0.0005890486225480862,0.0
0.042500000000000426,0.33399056898476487,0.33399056898476487,0.0
0.04749999999999943,0.9856746950637976,0.9856746950637976,0.0
0.05250000000000021,0.6432410958225103,0.6432410958225103,0.0
0.057500000000000995,0.0,0.0,0.0
0.0625,0.0,0.0,0.0
0.06750000000000078,0.0,0.0,0.0
0.07249999999999979,0.0,0.0,0.0
0.07750000000000057,0.21186115457646165,0.21186115457646165,0.0
0.08249999999999957,0.8602073384610551,0.8602073384610551,0.0
0.08750000000000036,0.8914269154561039,0.8914269154561039,0.0
0.09249999999999936,0.0,0.0,0.0
0.09750000000000014,0.0,0.0,0.0
0.10250000000000092,0.0,0.0,0.0
0.10749999999999993,0.0,0.0,0.0
0.11250000000000071,0.1113301896615883,0.1113301896615883,0.0
0.11749999999999972,0.7129451828240336,0.7129451828240336,0.0
0.1225000000000005,1.1242974709034474,1.1242974709034474,0.0
0.1274999999999995,0.014922565104551519,0.014922565104551519,0.0
0.13250000000000028,0.0,0.0,0.0
0.13750000000000107,0.0,0.0,0.0
0.14250000000000007,0.0,0.0,0.0
0.14750000000000085,0.03377212102609027,0.03377212102609027,0.0
0.15249999999999986,0.5311255079975243,0.5311255079975243,0.0
0.15750000000000064,1.2776464623067991,1.2776464623067991,0.0
0.16249999999999964,0.12095131716320702,0.12095131716320702,0.0
0.16750000000000043,0.0,0.0,0.0
0.17249999999999943,0.0,0.0,0.0
0.1775000000000002,0.0,0.0,0.0
0.182500000000001,0.00019634954084936208,0.00019634954084936208,0.0
0.1875,0.3765984193490764,0.3765984193490764,0.0
0.19250000000000078,1.1325441516191206,1.1325441516191206,0.0
0.1974999999999998,0.45415648798457453,0.45415648798457453,0.0
0.20250000000000057,0.0,0.0,0.0
0.20749999999999957,0.0,0.0,0.0
0.21250000000000036,0.0,0.0,0.0
0.21749999999999936,0.0,0.0,0.0
0.22250000000000014,0.1600248757922301,0.1600248757922301,0.0
0.22750000000000092,0.9678068868465056,0.9678068868465056,0.0
0.23249999999999993,0.8356636458548851,0.8356636458548851,0.0
0.2375000000000007,0.0,0.0,0.0
0.24249999999999972,0.0,0.0,0.0
0.2475000000000005,0.0,0.0,0.0
0.2524999999999995,0.0,0.0,0.0
0.2575000000000003,0.022383847656827275,0.022383847656827275,0.0
0.26250000000000107,0.6754424205218055,0.6754424205218055,0.0
0.26750000000000007,1.2464268853117506,1.2464268853117506,0.0
0.27250000000000085,0.019242255003237486,0.019242255003237486,0.0
0.27749999999999986,0.0,0.0,0.0
0.28250000000000064,0.0,0.0,0.0
0.28749999999999964,0.0,0.0,0.0
0.2925000000000004,0.0,0.0,0.0
0.29749999999999943,0.300414797499524,0.300414797499524,0.0
0.3025000000000002,1.3324279842037712,1.3324279842037712,0.0
0.307500000000001,0.3306526267903257,0.3306526267903257,0.0
0.3125,0.0,0.0,0.0
0.3175000000000008,0.0,0.0,0.0
0.3224999999999998,0.0,0.0,0.0
0.32750000000000057,0.0,0.0,0.0
0.3324999999999996,0.04908738521234052,0.04908738521234052,0.0
0.33750000000000036,1.0027571051176922,1.0027571051176922,0.0
0.34249999999999936,0.9116509181635883,0.9116509181635883,0.0
0.34750000000000014,0.0,0.0,0.0
0.3525000000000009,0.0,0.0,0.0
0.35749999999999993,0.0,0.0,0.0
0.3625000000000007,0.0,0.0,0.0
0.3674999999999997,0.0,0.0,0.0
0.3725000000000005,0.39211003307617603,0.39211003307617603,0.0
0.3774999999999995,1.492256510455152,1.492256510455152,0.0
0.3825000000000003,0.07912886496229292,0.07912886496229292,0.0
0.38750000000000107,0.0,0.0,0.0
0.39250000000000007,0.0,0.0,0.0
0.39750000000000085,0.0,0.0,0.0
0.40249999999999986,0.0,0.0,0.0
0.40750000000000064,0.0316122760767473,0.0316122760767473,0.0
0.41249999999999964,1.2440706908215584,1.2440706908215584,0.0
0.4175000000000004,0.6878124415953154,0.6878124415953154,0.0
0.42249999999999943,0.0,0.0,0.0
0.4275000000000002,0.0,0.0,0.0
0.432500000000001,0.0,0.0,0.0
0.4375,0.0,0.0,0.0
0.4425000000000008,0.0,0.0,0.0
0.4474999999999998,0.29020462137535713,0.29020462137535713,0.0
0.45250000000000057,1.6524777357882314,1.6524777357882314,0.0
0.4574999999999996,0.020813051330032386,0.020813051330032386,0.0
0.46250000000000036,0.0,0.0,0.0
0.46749999999999936,0.0,0.0,0.0
0.47250000000000014,0.0,0.0,0.0
0.4775000000000009,0.0,0.0,0.0
0.48249999999999993,0.004516039439535328,0.004516039439535328,0.0
0.4875000000000007,1.1875220230569419,1.1875220230569419,0.0
0.4924999999999997,0.7714573459971437,0.7714573459971437,0.0
0.4975000000000005,0.0,0.0,0.0
0.5024999999999995,0.0,0.0,0.0
0.5075000000000003,0.0,0.0,0.0
0.5125000000000011,0.0,0.0,0.0
0.5175000000000001,0.0,0.0,0.0
0.5225000000000009,0.07323837873681205,0.07323837873681205,0.0
0.5274999999999999,1.8119135629579137,1.8119135629579137,0.0
0.5325000000000006,0.07834346679889546,0.07834346679889546,0.0
0.5374999999999996,0.0,0.0,0.0
0.5425000000000004,0.0,0.0,0.0
0.5474999999999994,0.0,0.0,0.0
0.5525000000000002,0.0,0.0,0.0
0.557500000000001,0.0,0.0,0.0
0.5625,0.5110978548308895,0.5110978548308895,0.0
0.5675000000000008,1.4523975536627316,1.4523975536627316,0.0
0.5724999999999998,0.0,0.0,0.0
0.5775000000000006,0.0,0.0,0.0
0.5824999999999996,0.0,0.0,0.0
0.5875000000000004,0.0,0.0,0.0
0.5924999999999994,0.0,0.0,0.0
0.5975000000000001,0.0017671458676442589,0.0017671458676442589,0.0
0.6025000000000009,1.3186835163443158,1.3186835163443158,0.0
0.6074999999999999,0.6430447462816609,0.6430447462816609,0.0
0.6125000000000007,0.0,0.0,0.0
0.6174999999999997,0.0,0.0,0.0
0.6225000000000005,0.0,0.0,0.0
0.6274999999999995,0.0,0.0,0.0
0.6325000000000003,0.0,0.0,0.0
0.6375000000000011,0.03848451000647497,0.03848451000647497,0.0
0.6425000000000001,1.633628179866693,1.633628179866693,0.0
0.6475000000000009,0.2913827186204533,0.2913827186204533,0.0
0.6524999999999999,0.0,0.0,0.0
0.6575000000000006,0.0,0.0,0.0
0.6624999999999996,0.0,0.0,0.0
0.6675000000000004,0.0,0.0,0.0
0.6724999999999994,0.0,0.0,0.0
0.6775000000000002,0.182212373908208,0.182212373908208,0.0
0.682500000000001,1.6277376936412118,1.6277376936412118,0.0
0.6875,0.1535453409442011,0.1535453409442011,0.0
0.6925000000000008,0.0,0.0,0.0
0.6974999999999998,0.0,0.0,0.0
0.7025000000000006,0.0,0.0,0.0
0.7074999999999996,0.0,0.0,0.0
0.7125000000000004,0.0,0.0,0.0
0.7174999999999994,0.4394302724208724,0.4394302724208724,0.0
0.7225000000000001,1.3956525363572658,1.3956525363572658,0.0
0.7275000000000009,0.12841259971548274,0.12841259971548274,0.0
0.7324999999999999,0.0,0.0,0.0
0.7375000000000007,0.0,0.0,0.0
0.7424999999999997,0.0,0.0,0.0
0.7475000000000005,0.0,0.0,0.0
0.7524999999999995,0.002356194490192345,0.002356194490192345,0.0
0.7575000000000003,0.5258240703945917,0.5258240703945917,0.0
0.7625000000000011,1.277057413684251,1.277057413684251,0.0
0.7675000000000001,0.15825772992458578,0.15825772992458578,0.0
0.7725000000000009,0.0,0.0,0.0
0.7774999999999999,0.0,0.0,0.0
0.7825000000000006,0.0,0.0,0.0
0.7874999999999996,0.0,0.0,0.0
0.7925000000000004,0.006086835766330224,0.006086835766330224,0.0
0.7974999999999994,0.44257186507446217,0.44257186507446217,0.0
0.8025000000000002,1.2876602888901165,1.2876602888901165,0.0
0.807500000000001,0.22717641876271177,0.22717641876271177,0.0
0.8125,0.0,0.0,0.0
0.8175000000000008,0.0,0.0,0.0
0.8224999999999998,0.0,0.0,0.0
0.8275000000000006,0.0,0.0,0.0
0.8324999999999996,0.0011780972450961724,0.0011780972450961724,0.0
0.8375000000000004,0.3078760800517998,0.3078760800517998,0.0
0.8424999999999994,1.2399473504637217,1.2399473504637217,0.0
0.8475000000000001,0.41056688991601603,0.41056688991601603,0.0
0.8525000000000009,0.003926990816987241,0.003926990816987241,0.0
0.8574999999999999,0.0,0.0,0.0
0.8625000000000007,0.0,0.0,0.0
0.8674999999999997,0.0,0.0,0.0
0.8725000000000005,0.0,0.0,0.0
0.8774999999999995,0.13528483364521046,0.13528483364521046,0.0
0.8825000000000003,1.0860093104378217,1.0860093104378217,0.0
0.8875000000000011,0.7162831250184728,0.7162831250184728,0.0
0.8925000000000001,0.025918139392115794,0.025918139392115794,0.0
0.8975000000000009,0.0,0.0,0.0
0.9024999999999999,0.0,0.0,0.0
0.9075000000000006,0.0,0.0,0.0
0.9124999999999996,0.0,0.0,0.0
0.9175000000000004,0.011977321991811087,0.011977321991811087,0.0
0.9224999999999994,0.5142394474844794,0.5142394474844794,0.0
0.9275000000000002,1.3067061943525045,1.3067061943525045,0.0
0.932500000000001,0.13057244466482576,0.13057244466482576,0.0
0.9375,0.0,0.0,0.0
0.9425000000000008,0.0,0.0,0.0
0.9474999999999998,0.0,0.0,0.0
0.9525000000000006,0.0,0.0,0.0
0.9574999999999996,0.0,0.0,0.0
0.9625000000000004,0.012370021073509813,0.012370021073509813,0.0
0.9674999999999994,0.9383544557191015,0.9383544557191015,0.0
0.9725000000000001,1.0127709317010096,1.0127709317010096,0.0
0.9775000000000009,0.0,0.0,0.0
0.9824999999999999,0.0,0.0,0.0
0.9875000000000007,0.0,0.0,0.0
0.9924999999999997,0.0,0.0,0.0
0.9975000000000005,0.0,0.0,0.0
1.0024999999999995,0.0,0.0,0.0
1.0075000000000003,0.0,0.0,0.0
1.012500000000001,0.0,0.0,0.0
1.0175,1.9634954084939327,1.9634954084939327,0.0
