omega,S,S_edge,S_cont,Sr,Sr_edge,Sr_cont
-0.6524999999999999,0.0,0.0,0.0
-0.6474999999999991,0.23561944901925608,0.23561944901925608,0.0
-0.6425000000000001,0.4712388980385321,0.4712388980385321,0.0
-0.6374999999999993,0.23561944901926993,0.23561944901926993,0.0
-0.6325000000000003,0.47123889803854374,0.47123889803854374,0.0
-0.6274999999999995,0.2356194490192731,0.2356194490192731,0.0
-0.6225000000000005,0.4712388980385359,0.4712388980385359,0.0
-0.6174999999999997,0.23561944901927304,0.23561944901927304,0.0
-0.6124999999999989,0.4712388980385491,0.4712388980385491,0.0
-0.6074999999999999,0.23561944901926804,0.23561944901926804,0.0
-0.6024999999999991,0.47123889803854097,0.47123889803854097,0.0
-0.5975000000000001,0.23561944901927656,0.23561944901927656,0.0
-0.5924999999999994,0.47123889803854296,0.47123889803854296,0.0
-0.5875000000000004,0.2356194490192697,0.2356194490192697,0.0
-0.5824999999999996,0.47123889803854824,0.47123889803854824,0.0
-0.5775000000000006,0.23561944901927248,0.23561944901927248,0.0
-0.5724999999999998,0.4712388980385446,0.4712388980385446,0.0
-0.567499999999999,0.23561944901927234,0.23561944901927234,0.0
-0.5625,0.4712388980385394,0.4712388980385394,0.0
-0.5574999999999992,0.23561944901927634,0.23561944901927634,0.0
-0.5525000000000002,0.47123889803853836,0.47123889803853836,0.0
-0.5474999999999994,0.23561944901926515,0.23561944901926515,0.0
-0.5425000000000004,0.47123889803853625,0.47123889803853625,0.0
-0.5374999999999996,0.23561944901926518,0.23561944901926518,0.0
-0.5325000000000006,0.47123889803853247,0.47123889803853247,0.0
-0.5274999999999999,0.23561944901926155,0.23561944901926155,0.0
-0.5224999999999991,0.47123889803852376,0.47123889803852376,0.0
-0.5175000000000001,0.23561944901925638,0.23561944901925638,0.0
-0.5124999999999993,0.47123889803852215,0.47123889803852215,0.0
-0.5075000000000003,0.23561944901925852,0.23561944901925852,0.0
-0.5024999999999995,0.4712388980385066,0.4712388980385066,0.0
-0.4975000000000005,0.2356194490192586,0.2356194490192586,0.0
-0.4924999999999997,0.46756323463380234,0.46756323463380234,0.0
-0.48749999999999893,0.23929511242395474,0.23929511242395474,0.0
-0.48249999999999993,0.23561944901924992,0.23561944901924992,0.0
-0.47749999999999915,0.4712388980384963,0.4712388980384963,0.0
-0.47250000000000014,0.23561944901925513,0.23561944901925513,0.0
-0.46749999999999936,0.47123889803848823,0.47123889803848823,0.0
-0.46250000000000036,0.23561944901924575,0.23561944901924575,0.0
-0.4574999999999996,0.47123889803848595,0.47123889803848595,0.0
-0.45250000000000057,0.2356194490192409,0.2356194490192409,0.0
-0.4474999999999998,0.47123889803847835,0.47123889803847835,0.0
-0.442499999999999,0.23561944901923704,0.23561944901923704,0.0
-0.4375,0.47123889803847957,0.47123889803847957,0.0
-0.4324999999999992,0.23561944901922985,0.23561944901922985,0.0
-0.4275000000000002,0.47123889803846836,0.47123889803846836,0.0
-0.42249999999999943,0.23561944901923465,0.23561944901923465,0.0
-0.4175000000000004,0.47123889803845925,0.47123889803845925,0.0
-0.41249999999999964,0.23561944901923088,0.23561944901923088,0.0
-0.40750000000000064,0.4712388980384526,0.4712388980384526,0.0
-0.40249999999999986,0.23561944901922532,0.23561944901922532,0.0
-0.3974999999999991,0.47123889803843566,0.47123889803843566,0.0
-0.39250000000000007,0.23561944901923287,0.23561944901923287,0.0
-0.3874999999999993,0.47123889803844027,0.47123889803844027,0.0
-0.3825000000000003,0.2356194490192131,0.2356194490192131,0.0
-0.3774999999999995,0.4712388980384391,0.4712388980384391,0.0
-0.3725000000000005,0.23561944901920673,0.23561944901920673,0.0
-0.3674999999999997,0.4712388980384403,0.4712388980384403,0.0
-0.36249999999999893,0.23561944901920212,0.23561944901920212,0.0
-0.35749999999999993,0.47123889803842334,0.47123889803842334,0.0
-0.35249999999999915,0.23561944901921775,0.23561944901921775,0.0
-0.34750000000000014,0.4712388980383937,0.4712388980383937,0.0
-0.34249999999999936,0.2356194490192251,0.2356194490192251,0.0
-0.33750000000000036,0.4712388980383923,0.4712388980383923,0.0
-0.3324999999999996,0.23561944901920187,0.23561944901920187,0.0
-0.32750000000000057,0.47123889803840163,0.47123889803840163,0.0
-0.3224999999999998,0.23561944901919346,0.23561944901919346,0.0
-0.317499999999999,0.47123889803841673,0.47123889803841673,0.0
-0.3125,0.23561944901917659,0.23561944901917659,0.0
-0.3074999999999992,0.47123889803841423,0.47123889803841423,0.0
-0.3025000000000002,0.23561944901917967,0.23561944901917967,0.0
-0.29749999999999943,0.23561944901917575,0.23561944901917575,0.0
-0.2925000000000004,0.47123889803840147,0.47123889803840147,0.0
-0.28749999999999964,0.23561944901917203,0.23561944901917203,0.0
-0.28250000000000064,0.4712388980383973,0.4712388980383973,0.0
-0.27749999999999986,0.23561944901917906,0.23561944901917906,0.0
-0.2724999999999991,0.47123889803834684,0.47123889803834684,0.0
-0.26750000000000007,0.23561944901920187,0.23561944901920187,0.0
-0.2624999999999993,0.47123889803833524,0.47123889803833524,0.0
-0.2575000000000003,0.2356194490191978,0.2356194490191978,0.0
-0.2524999999999995,0.4712388980383348,0.4712388980383348,0.0
-0.2475000000000005,0.23561944901917498,0.23561944901917498,0.0
-0.24249999999999972,0.4712388980383623,0.4712388980383623,0.0
-0.23749999999999893,0.23561944901915685,0.23561944901915685,0.0
-0.23249999999999993,0.4712388980383643,0.4712388980383643,0.0
-0.22749999999999915,0.23561944901915682,0.23561944901915682,0.0
-0.22250000000000014,0.4712388980383301,0.4712388980383301,0.0
-0.21749999999999936,0.23561944901916665,0.23561944901916665,0.0
-0.21250000000000036,0.47123889803832847,0.47123889803832847,0.0
-0.20749999999999957,0.2356194490191664,0.2356194490191664,0.0
-0.20250000000000057,0.4712388980383137,0.4712388980383137,0.0
-0.1974999999999998,0.2356194490191617,0.2356194490191617,0.0
-0.192499999999999,0.471238898038317,0.471238898038317,0.0
-0.1875,0.23561944901915682,0.23561944901915682,0.0
-0.18249999999999922,0.4712388980383015,0.4712388980383015,0.0
-0.1775000000000002,0.23561944901915682,0.23561944901915682,0.0
-0.17249999999999943,0.47123889803829183,0.47123889803829183,0.0
-0.16750000000000043,0.23561944901915682,0.23561944901915682,0.0
-0.16249999999999964,0.47123889803828733,0.47123889803828733,0.0
-0.15750000000000064,0.23561944901915685,0.23561944901915685,0.0
-0.15249999999999986,0.47123889803828545,0.47123889803828545,0.0
-0.14749999999999908,0.235619449019128,0.235619449019128,0.0
-0.14250000000000007,0.4712388980383137,0.4712388980383137,0.0
-0.1374999999999993,0.23561944901910203,0.23561944901910203,0.0
-0.13250000000000028,0.4712388980383137,0.4712388980383137,0.0
-0.1274999999999995,0.23561944901912463,0.23561944901912463,0.0
-0.1225000000000005,0.47123889803826763,0.47123889803826763,0.0
-0.11749999999999972,0.23561944901915685,0.23561944901915685,0.0
-0.11249999999999893,0.47123889803822366,0.47123889803822366,0.0
-0.10749999999999993,0.23561944901915685,0.23561944901915685,0.0
-0.10249999999999915,0.2356194490191157,0.2356194490191157,0.0
-0.09750000000000014,0.47123889803824526,0.47123889803824526,0.0
-0.09249999999999936,0.23561944901915685,0.23561944901915685,0.0
-0.08750000000000036,0.4712388980381936,0.4712388980381936,0.0
-0.08249999999999957,0.23561944901915685,0.23561944901915685,0.0
-0.07750000000000057,0.47123889803819646,0.47123889803819646,0.0
-0.07249999999999979,0.2356194490191353,0.2356194490191353,0.0
-0.067499999999999,0.47123889803824537,0.47123889803824537,0.0
-0.0625,0.23561944901908852,0.23561944901908852,0.0
-0.05749999999999922,0.47123889803826047,0.47123889803826047,0.0
-0.05250000000000021,0.23561944901908852,0.23561944901908852,0.0
-0.04749999999999943,0.47123889803825414,0.47123889803825414,0.0
-0.042500000000000426,0.23561944901908852,0.23561944901908852,0.0
-0.037499999999999645,0.47123889803824537,0.47123889803824537,0.0
-0.03250000000000064,0.23561944901908852,0.23561944901908852,0.0
-0.027499999999999858,0.47123889803817703,0.47123889803817703,0.0
-0.022499999999999076,0.23561944901915685,0.23561944901915685,0.0
-0.01750000000000007,0.47123889803817703,0.47123889803817703,0.0
-0.01249999999999929,0.23561944901908852,0.23561944901908852,0.0
-0.007500000000000284,0.47123889803817703,0.47123889803817703,0.0
-0.0024999999999995026,0.23561944901908852,0.23561944901908852,0.0
0.0024999999999995026,0.47123889803824537,0.47123889803824537,0.0
0.007500000000000284,0.23561944901908852,0.23561944901908852,0.0
0.012500000000001066,0.47123889803817703,0.47123889803817703,0.0
0.01750000000000007,0.23561944901908852,0.23561944901908852,0.0
0.022500000000000853,0.23561944901908852,0.23561944901908852,0.0
