     128.000      55   40000    0.5000000000
     0.1000000      1.019494664238897      0.000001717969206      0.000001160660658
     0.2000000      1.046049684230885      0.000002811216393      0.000001721210844
     0.3000000      1.079697554962094      0.000004080835179      0.000002437729597
     0.4000000      1.120529140428151      0.000005754014296      0.000003459473216
     0.5000000      1.168749173479700      0.000007980297304      0.000004718582714
     0.6000000      1.224588217661993      0.000010747566884      0.000006842050342
     0.7000000      1.288367110146830      0.000014598058020      0.000010280830903
     0.8000000      1.360486774529590      0.000019938567644      0.000013138680871
     0.9000000      1.441457998469998      0.000056336491918      0.000019436892099
     1.0000000      1.531793016224581      0.000060972982472      0.000022146120995
     1.1000000      1.632146989740189      0.000069121895230      0.000029389097469
     1.2000000      1.743216269713355      0.000084721958676      0.000046076667953
     1.3000000      1.865752556410224      0.000085254313785      0.000057496566683
     1.4000000      2.000904618126495      0.000114584814952      0.000080868345851
     1.5000000      2.149392006896754      0.000139862140282      0.000100092077898
     1.6000000      2.312481080788870      0.000181826466099      0.000123215927386
     1.7000000      2.491634533237521      0.000272304058674      0.000170603003792
     1.8000000      2.688227259747097      0.000325938281440      0.000191110814655
     1.9000000      2.903540620132509      0.000416695328847      0.000240456420771
     2.0000000      3.140045860351716      0.000528299583618      0.000332800493469
     2.1000000      3.398650587786180      0.000702843616902      0.000437830485128
     2.2000000      3.682231249262168      0.000879343166374      0.000529191023341
     2.3000000      3.993852164842836      0.001283494173099      0.000713464072851
     2.4000000      4.334171267457002      0.001587852180315      0.000845571501082
     2.5000000      4.704761602946487      0.001848187669811      0.001053783894371
     2.6000000      5.109544279581211      0.002235486885594      0.001577602856063
     2.7000000      5.557911690382776      0.002872196604797      0.002229540251082
     2.8000000      6.052826750099586      0.004830025367317      0.002712300032938
     2.9000000      6.581447043236238      0.008503878381967      0.002936943153164
     3.0000000      7.162053286014475      0.009390721256546      0.004071922796088
     3.1000000      7.810870398270347      0.010641650559105      0.004880048638938
     3.2000000      8.505959178776058      0.011573760135478      0.005406842477705
     3.3000000      9.277950719746343      0.014186052681101      0.006747141563943
     3.4000000     10.110812258024065      0.016770568981036      0.008975612980235
     3.5000000     11.030139170433161      0.019617633298221      0.012381214392887
     3.6000000     12.027422354469891      0.021944894989407      0.014631326943947
     3.7000000     13.147128553438426      0.032642272609924      0.018011910899703
     3.8000000     14.384621185758247      0.047076358508612      0.024288661129579
     3.9000000     15.684813600376403      0.055283287333822      0.031019214385379
     4.0000000     17.125093521250314      0.059860643318119      0.038385696177015
     4.1000000     18.746512694628404      0.080740864895810      0.041217477187075
     4.2000000     20.491079626333516      0.181991609059689      0.049921145167626
     4.3000000     22.413938216813897      0.199356743520621      0.094643030370758
     4.4000000     24.749113066015372      0.325964037560052      0.106996351740576
     4.5000000     26.908326984485765      0.218045772434541      0.137150024095545
     4.6000000     29.225507853707725      0.346055652499907      0.173889315622616
     4.7000000     32.341795639791506      0.748651768485984      0.198201077457161
     4.8000000     35.478823045023667      0.833824053419884      0.230900941306987
     4.9000000     38.416477564738294      0.857701225286116      0.291362589057602
     5.0000000     41.800819345672586      0.908509586949695      0.422724298279911
     5.1000000     45.347609969515887      1.018971256692436      0.516803748011311
     5.2000000     52.306465155600193      3.361492985368663      0.545965042384603
     5.3000000     56.905579261150208      3.375203524704077      0.947105715195029
     5.4000000     62.099012360257461      3.462736082850447      1.353731715532239
     5.5000000     68.661157036862292      3.619667135809397      6.948048327439040
           1
  0.81638090660517748     
 -0.55677193855208518     
  0.15218052079241789     
  -1.7877887105260386E-002
  -5.1725072238662699E-003
   1.6838866396305268E-003
   3.9219855143392459E-003
  -1.5341277601790564E-003
  -7.4693883927331214E-004
   6.5550521946106154E-004
   7.1025535230109370E-005
  -3.2715233020041290E-004
   4.0623781890945397E-004
  -5.4567911740524829E-005
  -1.8166177966062326E-004
  -1.2518217698009038E-004
   1.7838612445879957E-004
  -7.6104514411510637E-005
   8.9978530429770892E-005
  -5.8527991455575297E-005
   3.6333934281183267E-005
  -2.0735126540533284E-005
   2.3274387003652294E-005
  -9.6113122203886285E-006
  -2.6223037616616037E-006
   6.2560930359052533E-006
   1.3800412020750044E-005
  -3.8463161905530045E-006
  -3.2687143768983426E-006
   1.9751217514615438E-006
   7.9555569542398156E-007
  -5.7505137733736433E-006
   2.4287309582070729E-006
   5.0866954491152535E-007
   1.4193681884845972E-006
  -2.3745946004766631E-006
   5.8193023804538338E-008
  -1.2914804290743899E-006
   8.8106447413461175E-007
  -2.0989694343324175E-008
   5.4700393276508821E-007
  -1.2209875706199562E-007
   1.7789771826793769E-008
  -2.2789600445596213E-008
  -8.3026108619604918E-008
   1.6720463233903985E-007
  -5.7457659562596946E-008
  -4.1634207682287405E-008
  -7.5121045607659450E-009
   4.8001907383838918E-008
  -3.3141579981419470E-008
  -4.9827765191912079E-009
   2.4414969838037925E-008
   2.8902129358774526E-009
  -6.4369152776759589E-009
           2
  0.46292789933065720     
  0.48120373387813115     
 -0.69270609533637673     
  0.26901216731865663     
  -4.3531828303077343E-002
   4.2568623580143336E-003
  -2.9372817611938305E-003
  -1.5600894139205536E-003
   4.5290680497248178E-004
  -2.1925860451185017E-003
   1.1347552498731210E-003
   6.4801535043520879E-004
  -5.0609300615297591E-004
  -1.2894544524074433E-004
   4.3833693606632834E-004
   1.0175061339555499E-004
  -1.6791919867392162E-004
   7.3220871769650344E-005
   7.4716006228166265E-005
  -1.5854229326102156E-005
  -6.7485835610797538E-005
   4.7975557600760033E-005
   2.3694216275324646E-005
   2.5640238959910848E-005
  -8.0349952709571626E-006
  -5.3440150926349513E-006
  -8.5672259869891921E-006
  -4.1424200482744584E-006
   4.9108933767181022E-006
  -1.2155200657777979E-005
  -1.1337970659844173E-006
   7.5332846048292317E-006
   6.4659582358907193E-006
  -6.6445400311219250E-006
   2.8125663890501138E-006
  -2.1402256941546831E-006
   2.3146212183654951E-007
  -1.1356463472083969E-006
  -1.1217195909681390E-007
   1.4151612272867303E-006
  -2.6253681826740806E-007
   7.2806553071386822E-007
  -9.5954958598558516E-007
   2.7902391397898498E-007
  -6.8467767025463439E-007
   4.7951114646490304E-007
  -1.0138812066522924E-007
  -1.1431649151251731E-007
   3.7598574755256856E-007
  -1.7157555095011001E-007
  -5.6654016749062341E-008
  -3.4881826547973888E-008
   4.4288775390186122E-008
  -5.6333194060454735E-010
   6.5407288466138279E-009
           3
  0.28092912359806343     
  0.49582054675911963     
  0.23630573909940500     
 -0.70558331489123205     
  0.33944751682880858     
  -7.9127431646666718E-002
   7.2677318403682762E-003
   2.3238918459877488E-004
   1.6029185296100514E-003
   1.6030107043264463E-003
  -2.3998142824160447E-003
   1.5070465704557618E-003
   2.3656441150670348E-004
  -5.4751045113045371E-005
   5.1505090082921631E-004
  -4.9657892348354486E-004
  -2.6933566315200905E-004
   2.4120207677762604E-004
   2.3467133453966514E-004
  -2.2579917885507996E-005
  -6.4791104216221329E-005
  -8.7303117168937503E-005
   8.9926413955726759E-005
  -1.6010430415437587E-006
   5.1221567815441614E-005
  -3.8250710132814499E-005
  -5.7711626077729729E-005
   2.6274873199008661E-005
   1.3684781166395699E-005
  -1.7868484057204414E-005
   8.6424513299457908E-006
  -1.2248766174390603E-005
   6.4582124629948224E-006
  -3.2917189021669455E-006
  -3.0532637910733557E-006
   6.9103965366055016E-006
  -1.8253647572868967E-006
   9.8009371390965336E-007
   1.6467294832925346E-006
  -1.7210858065501620E-006
  -1.0533333504683349E-006
   1.3551003550367622E-006
  -1.0703739719069142E-006
  -1.5971876222999839E-007
   3.9668563604683768E-007
  -6.2566242407148615E-007
   6.0586600354546938E-008
   2.4158513207730373E-007
  -1.8538599453952824E-007
   4.8451890910541559E-008
   5.2826643760190566E-008
   8.8190091905729244E-010
  -4.0778702113961601E-008
   1.5558742557143916E-008
  -2.0234525189624025E-008
           4
  0.16080375582880124     
  0.35905521365394649     
  0.43504603666293717     
   8.1216604381029484E-002
 -0.69886703713051768     
  0.38912400015575538     
  -9.2757625208025801E-002
   2.6053499062913311E-002
  -1.4519987866901542E-002
   5.6334868748682170E-003
  -4.6369045997053497E-004
   3.6342222937665658E-004
   3.3402013498785307E-004
  -7.0633974630744645E-004
  -7.8906646398205194E-004
   2.9070092388016672E-004
   3.9176957433733982E-004
  -1.4838804692753776E-004
   3.9899031762205919E-004
  -4.4088639245760925E-004
   3.2213626964093224E-004
  -2.2987925021862796E-004
   2.6271945655332771E-005
   1.9361473997132424E-005
  -6.5202246831977916E-005
   8.6363136757247006E-005
   2.5080662202118061E-006
   6.9708624519629154E-006
   1.2794113042040516E-005
  -5.0306197893749792E-006
   1.1764564581446162E-005
  -8.6771125766939336E-006
  -3.2855658728537438E-007
  -3.2890064136413679E-006
   1.6414923195107959E-006
  -2.2049266462192017E-006
   2.2450388172290561E-006
  -8.9718626326474597E-007
   2.6211070205204818E-007
   3.3385900843214126E-008
  -4.2347909389571651E-007
  -1.1456580963070661E-006
   2.4813265619332977E-006
   1.1781303413340405E-007
  -7.7417823767923125E-007
  -5.5346264801151552E-007
   4.6712200952653103E-007
  -3.4524797352364525E-007
   5.4771428862792437E-008
   1.1622469666377773E-007
   2.6803459299286581E-008
  -1.5221621166042321E-007
   1.7454224849074159E-007
  -1.0053477384015241E-007
   7.0723012639561129E-008
           5
  0.10192896672681881     
  0.24562503157433566     
  0.40285026846104693     
  0.44095702760288980     
   2.8469561076753355E-002
 -0.67535247893210826     
  0.32872002896918839     
  -8.4840872429844033E-002
   1.8985255728407702E-002
   2.2949815643010778E-003
  -3.2845061051779596E-003
   1.1640342923855108E-003
   3.9453979097830316E-004
   1.1067576591249949E-003
  -9.9430177575310428E-004
   5.3971197724103268E-004
  -6.3481198763786807E-004
   2.0996142140760230E-004
  -1.0547815028244466E-004
   2.8284195572409452E-004
  -3.3076404719616046E-006
   7.0962963811642844E-005
  -7.2704045607893791E-005
   5.4274233917980068E-005
  -5.3930474410757925E-005
  -7.4934530921795905E-005
   2.6149103921301303E-005
  -7.7418989135498185E-006
   2.1255025844606117E-005
  -9.9267604382470560E-006
  -1.2513432620279441E-005
   2.4686392105159055E-005
   3.8629018937445529E-006
  -1.7079574497505463E-005
  -3.2798006307960296E-006
   7.4645568901578181E-006
  -1.0199392259325545E-006
   4.2286419471127504E-007
  -1.7390850987363983E-006
   5.9964649588067288E-006
  -4.0221189340656047E-006
   1.7527560128973866E-006
  -1.8933627124978591E-006
   6.8862967404665725E-007
  -5.9507931521190187E-007
   2.2179342924192465E-007
  -1.3572495182063004E-007
   9.1685284409239870E-007
  -8.6213548687325714E-007
  -6.2875260288998949E-008
  -9.7096215427902923E-008
   1.5072557795615538E-007
  -2.0628205964398655E-007
   4.5975058398108217E-008
  -3.3060914596953568E-009
           6
  -5.0411601188748850E-002
 -0.11554969194630627     
 -0.22865871218907854     
 -0.35014806253225456     
 -0.38008776629959212     
  -2.6845418514183976E-002
  0.74341748138479824     
 -0.33308361585324203     
   4.6951053571962957E-003
   5.3576791061749887E-003
  -7.5870250181529536E-004
  -1.4388542575775298E-002
   1.2171426482252149E-002
   1.0631404881624278E-003
  -5.3268767448504107E-004
  -1.8101410045253507E-003
   2.0800017334874133E-003
  -9.2939084308995548E-004
  -2.7457445474476911E-004
   2.0725692725900066E-004
   3.5358779815215304E-006
   2.5723306740002306E-004
  -1.1913779908396539E-004
  -4.4324715273153393E-004
   2.1304986989079854E-004
   7.8772908004248000E-005
  -1.0134867099342436E-005
  -1.5301400616848507E-005
  -6.3491215875267846E-006
  -4.8106514769567751E-007
   5.1854318310039143E-005
  -5.1046753314637272E-005
  -1.9878830452271510E-005
   3.3374678588472851E-005
  -1.6190292133666052E-005
   1.1940392766966475E-005
  -6.3500561600200448E-006
   7.3386705728710458E-007
  -1.1913914766586343E-006
  -4.1704596962542205E-006
   5.1271560208585441E-006
   2.1987553344771718E-006
  -3.4149281435394493E-006
  -1.7240257966514254E-007
   1.4063666904867700E-006
   1.1753557093317914E-006
  -2.6529994699310350E-007
  -7.8110188380812224E-007
   9.0943792411061886E-007
   5.4445146237192628E-007
  -7.3407682078186527E-007
  -3.4567090089818122E-007
   1.3434966511475791E-007
   7.6289028948980560E-008
   1.0077614575600119E-007
           7
   3.5007216239332416E-002
   9.0138835454370389E-002
  0.17486135312801909     
  0.28897312812013143     
  0.43393033412156995     
  0.51076529720707453     
  0.16550867625584648     
 -0.62386491542604006     
   9.0159649743941375E-002
  -2.1676744081830054E-002
  -1.3328914764048858E-002
  -2.7970072571023300E-002
   3.4779430074826874E-002
  -1.5363677013873695E-003
   1.2311076209326423E-003
  -5.8102056025621416E-004
   2.5876330744932616E-003
  -2.9623227150566318E-003
   1.3685777708589918E-003
  -1.3947035588850494E-004
  -2.5853135161969706E-004
  -5.9935572496133224E-005
  -3.0722698988696755E-004
   3.8495828050119028E-004
  -3.1090459479916541E-004
   7.8321276604653039E-005
   7.8944634360736204E-005
  -8.8401168101509532E-006
  -6.9572734748230103E-005
  -6.7903465380931436E-007
   7.4115631766032346E-006
   2.1763935385481837E-005
  -6.5192334521267500E-006
   2.4899679960078755E-006
  -2.9725162891055724E-005
   4.2928712765033525E-005
  -3.4265577984417480E-006
  -1.2789045629633522E-005
   6.7020816722366773E-006
  -6.1526736301376190E-006
   3.4300466292202873E-006
   1.4233302128109118E-006
  -1.3254361737359133E-006
  -2.8141502901531071E-006
   5.5104677646023992E-006
  -3.1870772375138054E-006
   4.5967025101969288E-007
   2.7134289710604113E-007
   3.0012946416343377E-008
   1.2495663717410983E-006
  -1.0278710720328594E-006
  -3.0110964748771317E-007
   4.1018455530313000E-007
  -3.4683986593241079E-007
  -2.7252472060478744E-008
           8
  -3.0596814790431253E-003
  -9.4958474114551390E-003
  -1.7096023362469005E-002
  -4.0037550402106048E-002
  -6.5368819936180239E-002
  -6.1447904429655489E-002
  -7.2313214772492598E-002
  -2.3332297327720762E-002
  0.62196441401381397     
 -0.73689523464123174     
  0.21871940259378064     
  -5.9466076133426769E-002
   5.3802093259498820E-002
  -6.9762357660993687E-003
   1.4437140842036124E-003
  -1.6893591369422946E-003
   6.1429119082393455E-004
  -1.3926568609870206E-004
   8.3435355531588911E-004
  -1.6694270886740375E-003
   1.1491104317446735E-003
  -5.4146511814444516E-004
  -1.3276970053775704E-004
   3.1332877705185524E-004
   4.2797992303631073E-005
  -1.8238298182273886E-004
   2.7481425348335228E-005
   5.9960218122083880E-005
  -1.1968472818891816E-004
   8.2767790701995445E-005
  -7.6577719144154134E-005
   6.0315797902606482E-005
   1.7606166567281754E-005
  -1.3708920921293437E-005
   2.6298622400782505E-005
  -1.3158021994075415E-005
   5.9416405881338755E-006
   1.1409520838585108E-005
  -1.6962387962250356E-005
   5.0729113976498072E-006
   1.4187208225144103E-006
   1.2919044137607350E-006
  -1.9408997000858621E-006
  -1.5558827917448009E-007
  -8.1724568026303696E-007
   2.0400327538401120E-007
   1.0267724574612763E-006
  -3.0449947921389114E-007
   7.8388972466535393E-007
  -1.0199786582383795E-006
   9.1548656697375915E-008
   3.7311558638011085E-008
   3.1374190118229506E-007
  -2.1441466269633345E-007
  -2.6076181923367193E-007
           9
   1.4040607534574900E-002
   3.6310187789175045E-002
   6.9624625940226781E-002
  0.12164015811637488     
  0.20078989770707961     
  0.27956677426913756     
  0.43277648331701807     
  0.50143504594829313     
 -0.35405585496269742     
 -0.31406942053797465     
  0.38893367029668852     
  0.11173136228213740     
 -0.18355753543004613     
   6.7239713608187278E-003
   1.0383803969951009E-002
  -5.2831711884128310E-003
  -1.4514822965850868E-003
   1.9766359163605721E-003
  -1.2716232648164823E-003
  -3.1628827614573504E-004
  -7.9524663124898591E-004
   1.1814529818815825E-003
  -4.0833605764289895E-004
   5.4988505491730070E-004
   3.5196875337627058E-004
  -6.7526682435643836E-004
   1.1517617163514644E-004
   2.1182738173807512E-005
   6.3753355506663683E-005
  -2.8282945651643816E-004
   2.5775632972061668E-004
  -8.1168869760518645E-005
   1.2876481001738080E-005
   4.7496279968683071E-005
  -1.0887740568195650E-004
   5.7917360379316044E-005
  -1.3821921857625265E-005
  -5.0169699574388340E-006
   2.0776393682100800E-005
  -3.0291350777050908E-005
   7.7315914056210199E-006
  -3.6026424983239759E-006
   9.3755710334811638E-006
   2.7354064611917787E-007
  -8.5818522381574453E-006
   4.5293296280736981E-006
  -7.5139808777526434E-007
  -9.0572695436840678E-008
  -2.5471005843387387E-007
  -7.2334713704061514E-007
  -2.1300162343811072E-007
  -1.2885700917918772E-006
   2.4069319947994848E-006
  -7.5856572652774303E-007
   3.0874435538864393E-007
          10
  -5.5887997846455796E-003
  -1.3301316703093438E-002
  -2.6566596253465816E-002
  -5.2193445892891460E-002
  -8.6636743297162269E-002
 -0.14675813215547653     
 -0.23383216860769299     
 -0.31740584798935689     
 -0.33688435556052926     
   2.7403172026820133E-002
  0.72357431767978919     
 -0.40319892812058078     
  0.10557619159556227     
  -1.8463291992903145E-002
   1.6747884253483951E-003
   2.9010435002519300E-003
  -8.2991804850603601E-004
   7.6800254601203045E-004
  -2.0269565725077885E-003
   2.3103853603962722E-003
   1.2249709494114665E-003
  -3.0361818047697367E-003
   1.2639237109059603E-003
   4.3731769395765181E-004
  -1.0230602052091480E-003
  -1.1479854520818380E-004
   3.4294427749197517E-004
  -1.4893185197226711E-004
   3.5901239182777534E-005
   1.2150098168321322E-005
  -9.7431342926761988E-005
  -3.4876283890417016E-005
  -2.8773941235477553E-005
   7.0136510512368823E-005
  -3.3540048834964820E-005
   3.8650595778659369E-006
   6.9084711533887211E-006
  -5.9461371264613051E-006
   2.0487016749339029E-005
  -1.0624086241308801E-005
  -1.0697547265792372E-005
   8.6591250651860817E-006
  -1.0384073914656406E-005
   5.9247697112589875E-006
  -1.8419482065687141E-006
   2.6260920273564926E-006
  -1.5985572147912239E-006
   1.4631352155856779E-006
  -1.0518378140969986E-006
   4.3774861746580605E-007
  -2.3116048118692311E-007
  -5.7958461638419775E-007
   4.1092643279891413E-007
   3.9666752377292273E-007
  -1.3068071670441537E-007
          11
   6.7340362382893471E-003
   1.7019482601515049E-002
   2.9731571145564659E-002
   5.5972120669043078E-002
   9.2349302944235573E-002
  0.14018395539157422     
  0.23094216933981945     
  0.36481986692465285     
  0.29341620184899131     
  0.26970380122211079     
  -1.8062400024387176E-002
 -0.63834030020342092     
  0.45163481741278816     
  -9.8425411559808815E-002
   2.0177475974861119E-002
  -1.2644610630424533E-002
  -1.0910520340798202E-002
   5.2321808406042654E-003
   4.8585974015370416E-003
  -1.5988510923568905E-003
  -9.0000944475804854E-004
  -1.2135788734621914E-004
  -3.7550711007576661E-004
   4.6340676322147238E-004
  -1.9794039863030440E-004
   1.7752449650180894E-004
  -2.8192848641497219E-004
   7.9535338946415223E-005
  -1.4730718011584011E-004
   2.3139340295442762E-004
  -8.1647286598438300E-005
  -6.2001783531463037E-005
   4.9810326503755028E-005
   2.3504457221515844E-005
  -3.4967693529885273E-005
   1.0343320033966236E-005
  -6.6641280147514136E-006
  -2.0534661802826469E-005
   8.3006995318204396E-006
   1.8500648046695898E-005
  -3.1612317973796499E-006
   5.5189040375310650E-006
  -1.8799677588320173E-006
  -5.3928484242537751E-006
   8.4121940183417539E-006
  -5.0967411972974112E-006
  -9.6148227756334341E-007
   2.7998432899854602E-006
   1.2104117458211241E-006
  -2.4475433901002581E-006
   9.5431211588371701E-007
   1.1703273574593371E-006
  -2.3791128179885908E-006
   5.6108309795418982E-007
   6.7683097417875663E-008
          12
  -1.0731729650018096E-003
  -1.8809835783064170E-003
  -2.7520930175010485E-003
  -4.4973206413488950E-003
  -8.7430546832118154E-003
  -2.0998051648508050E-002
  -2.5703022563931845E-002
  -3.8067455024851607E-002
 -0.24024586186555708     
 -0.19112221725360268     
  -7.0129866417228778E-002
  0.30505739707899454     
  0.60306689707664374     
 -0.64372161296564334     
  0.16244102390272758     
  -1.5368011461594876E-002
  -1.6414855196009010E-002
   4.9983764189830450E-003
   8.3027103575715848E-003
  -5.9884363933099044E-003
   3.9467959710256647E-003
  -1.1659548950190847E-003
  -2.5313187054527724E-003
   1.5703807724029503E-003
   6.6411386957626931E-004
  -5.0290130524399776E-004
   1.2330293697272328E-004
  -8.3063572675832219E-006
   1.6581625223129618E-004
  -3.3029654883001366E-004
   3.0665845643830614E-005
   1.8917313761018532E-004
  -2.4942622000006723E-005
   5.4318384667497783E-005
  -1.9943738030207059E-005
  -7.6731823136170730E-006
   8.2944612027599330E-006
   1.4697648772139599E-005
  -1.2542935913076487E-006
   2.1673727180346531E-006
  -1.0523370057058970E-005
   8.9544481943590821E-006
   1.7635697043146632E-005
  -9.8251115842648061E-006
  -9.3832082490276005E-006
  -3.0331990032487849E-006
  -4.2173653129888233E-007
   1.6486802579063660E-007
   3.2121927411339278E-008
  -1.3184079540191226E-006
   4.9735518504905512E-007
   5.4724092329619655E-007
   1.9799310600691288E-007
   7.5843770882275977E-008
  -3.5781317168004280E-007
          13
  -1.7473329598068275E-004
  -6.1194672044269176E-004
  -4.2919123380518766E-004
  -1.5463740462672809E-003
  -4.0549485797711322E-003
  -1.8040640204587672E-003
  -3.6972916999378986E-003
  -5.6269860720772405E-003
  0.11303750507188223     
   9.5705507029461040E-002
   4.0015730742828236E-002
  -8.5786231749810496E-002
 -0.33546675342215621     
 -0.22630867360100301     
  0.77328029475312698     
 -0.43661434238864777     
  0.11048725380597256     
  -5.1963581515038645E-002
   3.9594994253069560E-002
  -1.4282812778494748E-002
  -6.0862824189262317E-005
   4.5490388726276705E-004
   9.0156678553425117E-004
   1.1842307699306551E-003
  -1.6579225256972516E-003
  -5.4869181795287191E-004
   6.9612596963165461E-004
   2.8874876782725910E-004
  -1.9338722689474035E-004
  -2.5534400665723364E-004
   8.0220726302015534E-004
  -3.7486939529654935E-004
  -4.6316919165947397E-005
   1.2194833526582640E-004
  -1.2507950015248065E-005
  -7.4355561032158572E-005
  -1.1785408913952185E-005
  -1.9094125381132106E-005
   8.4526500442138274E-005
  -5.8023147783619052E-005
  -3.6516229775230548E-005
   5.7151305690285102E-006
  -3.0136717282757422E-006
   4.4153891312874717E-006
   3.8575057902730461E-006
  -8.7075023004224320E-007
  -2.1419223594024784E-006
  -2.9814782729668387E-006
   2.2998322653043457E-006
   1.0060473602866947E-006
  -2.8663246241491752E-006
   5.1905741611206853E-007
   8.2319309328321970E-007
  -1.2932169801519847E-006
   9.4766252015601006E-007
          14
  -1.6453930276356168E-004
   1.7136003710018600E-004
  -1.5831333498452898E-004
   6.0163387695784928E-006
  -2.0956303507933872E-003
  -1.0486488431704183E-002
  -1.3500255438853795E-002
  -1.1812359919781466E-002
 -0.19813169579101214     
 -0.17856094261938679     
 -0.12553987491585838     
   2.0672637432076424E-002
  0.38277862957064418     
  0.50877675248414156     
  -3.4510831852116140E-002
 -0.62909429447704857     
  0.30945411132804157     
 -0.11101982918459341     
   4.1973119548633649E-002
  -4.9791213430304378E-003
  -2.6612774807427781E-003
   2.9597573707395557E-003
  -6.2578317711612611E-004
   2.4931083969599952E-003
  -2.9028639131269138E-003
  -8.0843763483702145E-004
   2.4443395453989424E-003
  -1.9643430979336321E-004
   5.2115859804920898E-004
  -5.8605724560815053E-004
   2.1895945638640183E-004
  -6.2684206533457977E-005
  -1.7429899661627481E-004
   1.2576723172701257E-004
   1.2348761020447522E-004
  -1.9827753813555957E-005
  -1.0527400006254865E-004
   1.9498626434968059E-005
   7.2302504505372699E-005
  -9.0149261655725455E-005
   2.2644164942063306E-006
   3.4610276104102871E-006
   1.6842463495093816E-005
  -2.1107445115150640E-005
   1.5563072031591646E-005
  -1.2535171342515383E-005
   4.6521482609925570E-007
  -1.4138497541570380E-005
   8.8705439227801054E-006
   7.5251181906757420E-006
  -4.2279364669074507E-006
  -2.7594288819312872E-006
   6.4548328051062712E-006
  -3.5098661107961789E-006
  -4.3438521694845127E-008
          15
   2.9476775811747454E-004
   9.5274047689824462E-004
   1.2647820090241765E-003
   3.1893129250800205E-003
   7.0229726139425129E-003
   1.6068225816156655E-002
   2.3501002813365271E-002
   3.8738355581165944E-002
  0.23994375784886759     
  0.25394296320084442     
  0.25784870378607277     
  0.21977229004735288     
  -5.5944938045056222E-002
 -0.23297718981779178     
 -0.27672597131769949     
  -7.1455510985958121E-003
  0.61006931506907702     
 -0.49574431724377888     
   9.0882000339292460E-002
  -7.1266269024164840E-003
   9.4595588815346767E-003
  -1.4999103874456389E-002
   9.2463796110126562E-003
  -8.8473052307154985E-003
   2.1929704355979729E-003
  -8.1264992135556761E-005
  -3.9297230687987856E-004
   3.0337523121829716E-004
   1.3399972198978028E-003
  -1.1479204957404641E-003
  -5.0949441345783848E-004
   4.0371989866796104E-004
  -1.6793069413329991E-004
  -1.6904913935019962E-004
   3.6551904087391810E-004
  -1.3618413489436718E-004
  -4.5965485529814180E-006
  -8.9911672514919892E-005
   1.2541226119164715E-004
  -5.3364796954805118E-006
  -6.1032655932687263E-005
   3.0931021407211364E-005
  -2.1147072537446315E-005
  -6.1835655566675555E-006
   2.8786205886753625E-005
  -2.2021076957550228E-005
   1.4371648524593804E-006
  -4.8008822432106970E-006
  -4.1453499346646602E-007
   1.2411833019205436E-005
  -4.2324422234200477E-006
  -8.0782962175980421E-006
   8.8938927111469831E-006
  -2.8168493547027718E-006
   1.5317034789119794E-007
          16
   2.9288825767765221E-004
   6.9712532269018712E-004
   1.8329475423290648E-003
   4.6314458758048701E-003
   8.7240226132451332E-003
   2.3698104298943951E-002
   3.1453108245417132E-002
   4.7146116427379717E-002
  0.32148515103553627     
  0.35618229523731487     
  0.39632542151646621     
  0.43372704233486503     
  0.13954668021460309     
   5.0756023924980666E-002
 -0.11324904561681952     
 -0.35280522246337781     
 -0.27335717304161439     
  0.41351214008180615     
 -0.12034248720723836     
   2.2393114818515279E-002
   1.7621659977324990E-002
  -1.7170627776298655E-002
   5.0313803454829281E-003
  -4.5819930807892584E-003
  -3.2037811312946658E-003
   1.1301855805614864E-003
   1.5168883967550796E-003
  -3.2570540654112837E-004
   7.6173823175189044E-004
  -5.3548180099904745E-004
   3.6416734633030800E-004
  -3.0148529213134813E-004
   9.2008539339675694E-005
   1.1580792981644300E-004
  -2.1588603865562646E-004
   1.1570957246829136E-004
  -5.5541089021223711E-005
   2.6369606796803506E-005
   1.1333990820541084E-004
  -1.1437831459429181E-004
  -1.0964680727419126E-006
   6.3008050494782330E-006
   5.0484376230892076E-005
  -1.9080661881722380E-005
  -2.0551473473027221E-005
   6.0066131130667282E-006
  -8.2231571701240418E-006
  -1.0539935282655055E-005
   1.0967928273626433E-005
  -1.0140958274043941E-005
   6.3249241442523308E-006
  -1.5987582156120556E-006
   3.7711050852771415E-006
   6.3850649318996932E-007
  -3.1808925261336885E-007
          17
  -6.4487127440416761E-005
  -3.0220790559249102E-005
   5.4514715312223088E-004
   1.4553734849614994E-003
   2.8431892555711275E-003
   7.5155692643963943E-003
   1.2572813298975466E-002
   2.1447013735433302E-002
   8.1801761362426437E-002
  0.10719887205168482     
  0.14883336495938912     
  0.22251691925160655     
  0.23230237839868567     
  0.33256208803613557     
  0.32726441617546531     
  0.26491859131468076     
 -0.30639901286234944     
 -0.37898182623535204     
  0.50066184609947295     
 -0.27661693137972632     
  -1.3142945922057730E-004
   5.0748566478569790E-002
  -1.3853048847441117E-002
   1.1397112554857186E-003
   2.7972115431281835E-003
   8.2120289639594345E-003
  -8.9065711479019236E-003
  -4.4126324839786907E-004
  -2.1422086456325705E-003
   8.4486309332366841E-004
   2.1991141437223308E-003
  -5.2509952897394864E-004
   3.1208376154704266E-004
  -1.9500939789466394E-004
  -6.2450073805604694E-005
  -3.9552136100321019E-005
  -1.3500123813401088E-007
  -1.1169691402806730E-004
   2.6407160031741725E-004
  -1.4024480519799580E-004
   1.0697940288945949E-004
  -2.6066660404159233E-005
   2.9769355830480030E-005
   9.3810408106161445E-006
  -6.4158818593397688E-005
   2.9833319552346221E-005
   3.8135223834838997E-006
  -1.2568933104104331E-006
   1.2943893474918827E-006
  -8.4463152592733819E-006
   8.6236584599548498E-007
   1.4196855070962591E-005
  -1.5083532947928864E-005
   8.4418782454640463E-007
   8.1474600353391294E-007
          18
  -3.3968382507049361E-004
  -5.1935508654704123E-004
  -1.0734199294376761E-003
  -1.4766459282100639E-003
  -2.3551756045145492E-003
  -5.7632326021130982E-003
  -8.4589141684684368E-003
  -1.5584112101142347E-002
  -4.1347054839638853E-002
  -5.4398972440100911E-002
  -8.1396909972927201E-002
 -0.13883155525723545     
 -0.17993182426045709     
 -0.25095641770237703     
 -0.32268650380228825     
 -0.27608129836409018     
  -4.6271218808355420E-002
  0.22413166957773900     
  0.54862135196365325     
 -0.55677331549549092     
  0.17141962048134426     
  -2.2385588399413212E-002
  -8.9789394678600873E-004
   8.9742480539376553E-003
  -2.7321539703460893E-003
  -4.5475680825517598E-003
   3.2200509591359108E-003
   2.2827495101298309E-004
   1.1288012035037889E-003
  -1.0741383169202681E-003
   1.8522027274555564E-003
  -1.6663659155940300E-003
  -3.8101363687404480E-004
   3.1151414297583005E-004
   8.5574063223385624E-005
  -1.2206384087579410E-005
  -7.6325505237959039E-005
   6.5001227182694799E-005
  -2.6963688536104182E-005
   6.3621202760189192E-005
  -6.5670402768889326E-005
  -1.4403954583606773E-005
   4.3391895400663931E-005
  -3.3864242097940449E-005
   5.3353603636961368E-005
  -6.3448140947610360E-005
   3.2401049687709544E-005
   5.0819746878482518E-006
  -2.0100565790693292E-005
   3.8423622487131468E-006
   1.0469592191363507E-005
  -1.6515087078480427E-006
  -7.8666918140936189E-006
   8.6084850764375386E-006
  -5.0416257952469997E-006
          19
  -1.0313309137127630E-004
  -2.7888788122313013E-004
  -4.8830003449345540E-004
  -1.0655048930629937E-003
  -2.0073184078669851E-003
  -2.5256703048813600E-003
  -4.5230837505592855E-003
  -7.2332353173687001E-003
  -7.7035854502918366E-003
  -1.5822967684326738E-002
  -2.6125014347971678E-002
  -5.5054784231660096E-002
  -9.1707804971113846E-002
 -0.14273310318702725     
 -0.19581093418239012     
 -0.23221915048495514     
 -0.27417818190868948     
 -0.16740553849290246     
  0.32844658657027842     
  0.42076424807111334     
 -0.61219811710391292     
  0.32428923953724548     
  -7.0020766860514713E-002
   3.3267490954312612E-002
  -2.5026530838471468E-002
   1.0601760352700666E-002
  -8.8011417682209135E-004
  -3.1146363533702793E-003
  -1.4933764626567057E-004
   1.6770197094256999E-003
  -1.3712727506963554E-004
  -2.1912538186950742E-004
   2.2768449369976666E-003
  -2.3909442790892889E-003
  -7.5439526102717889E-005
   6.3428696971428876E-004
   3.3648821611576642E-004
  -2.1963483556852268E-004
   1.9869673424989057E-004
  -2.3428059013880394E-004
   1.0307254202389210E-004
   1.6283800585263668E-005
   8.0246494162786622E-005
  -1.7986453418579148E-005
  -9.0521810796813772E-005
   1.9309581289777305E-006
   1.9089456923511908E-005
  -4.2951200381134485E-005
   4.1587761970818879E-005
  -1.3739399639726607E-005
  -4.6542751171627649E-006
  -9.7535444904713291E-006
   1.8676264637211703E-005
  -9.4225617502195702E-006
   3.4262751770992695E-006
          20
  -5.8280515739977442E-005
  -1.4312874421465099E-004
  -3.5687655465876044E-004
  -3.9850507079295007E-004
  -6.6005981396475156E-004
  -1.3378860833446913E-003
  -2.1721789505497538E-003
  -4.4720695502544726E-003
  -1.5883750515699076E-002
  -2.2110517618901655E-002
  -3.2361817997319117E-002
  -4.7842933422259787E-002
  -6.2433457653473766E-002
  -8.6808171877626461E-002
 -0.13697421913623364     
 -0.21180601860269888     
 -0.38567169383426902     
 -0.36870733454078503     
   7.5726639884850178E-002
  0.37598131462546608     
  0.43531034846899136     
 -0.52678590646794698     
  0.13561042428450626     
  -4.3151696697551707E-002
   2.4353648627728462E-002
   1.9368668135893229E-002
  -2.6372320527043833E-002
   5.5485420631058418E-003
  -8.1263087106370289E-003
   4.6890580225277751E-003
   2.1467591880614495E-003
   7.8692343604619571E-004
  -3.1787784421784507E-003
   2.0253201884131550E-003
  -4.7023597974468637E-004
   7.0540281939967435E-004
  -1.7603078472367732E-004
   1.2687318387033750E-004
  -3.9282895461492494E-004
   2.6538929056355687E-004
  -1.8201433345637439E-004
   8.1252689306803613E-005
  -1.5097830827594006E-004
   4.3679273851958085E-005
   4.9175350538621109E-005
  -1.8049029320733547E-005
  -2.5107417355600525E-006
   1.1274097513383728E-005
   9.6821676658931930E-007
   2.5300438462106943E-006
   1.2764610410921914E-005
  -2.7802090553813020E-005
   2.6777793392454079E-005
  -4.9227419890770301E-006
  -1.3373396481877897E-006
          21
  -5.5444727745402114E-005
   6.2927909333601641E-007
   2.1977544065592431E-004
   6.0190329262170170E-004
   7.6675407620480063E-004
   1.2698200422359945E-003
   2.3919330646600071E-003
   3.6873048721760716E-003
   4.6185829124353881E-003
   7.3909899331499589E-003
   1.4227758436113779E-002
   3.0203863124575913E-002
   4.5048324886322412E-002
   6.8489811269124054E-002
  0.10372782074830768     
  0.16614864337434748     
  0.27948235341951883     
  0.36215847070077967     
  0.38654061410668727     
  0.22648730136238135     
 -0.29898247327708943     
 -0.47608404973514856     
  0.38651124588082220     
 -0.24819574494365357     
  0.12775802013070345     
  -6.7379818862313978E-003
  -1.4225774049702241E-002
   8.3957571081244489E-003
  -3.8532229896195529E-003
  -1.4846151734286927E-003
   1.4668430372089438E-003
   2.6858933597320770E-003
  -4.0066368446459852E-003
   1.0128724592284289E-003
  -2.2282629983079647E-004
   2.2474104668157796E-004
   2.0532881577582559E-004
  -8.7526517158962981E-005
   4.2824911030700378E-005
  -5.2334955389117142E-004
   2.6055016641217952E-004
   4.9411389882224743E-005
  -1.5868213122881993E-004
   1.2389437339412643E-004
  -1.2516930401232164E-004
   1.6538721146922486E-004
  -8.3893060766541936E-005
   9.1048809757410796E-005
  -5.6095128671667706E-005
   1.6628599828277286E-005
  -1.3634937291259035E-005
   1.4183684582334735E-005
  -2.3640152114478129E-005
   4.0030767215727709E-006
   1.2601935277722960E-005
          22
  -4.2523007810332573E-005
  -9.6856643956316841E-005
  -1.0557494367096887E-004
  -4.4401622387561597E-005
   2.2140121304500097E-004
   7.7845969300690437E-004
   1.8660573015696221E-003
   2.9911055287043858E-003
   7.7795427056212511E-003
   1.0051712233959738E-002
   1.3056120760709831E-002
   2.1449539049788500E-002
   2.3434812093301685E-002
   3.8883672428810745E-002
   5.6535692426153999E-002
   9.6035007110796405E-002
  0.15739079069184669     
  0.19360475312569395     
  0.24300791981942529     
  0.23419876834000941     
   7.0667859467243646E-002
 -0.24425217255436821     
 -0.46449653039750011     
  0.64901619541313005     
 -0.32555121697864253     
   2.1421333710071370E-002
   1.7476243908976171E-002
  -7.8439767289729522E-003
   5.8256471888319958E-003
   4.5039063220067444E-003
  -2.4200631595552762E-003
  -5.3906687434732955E-003
   4.7753187159961545E-003
  -1.1321891557211719E-003
   1.3939641084167233E-004
   8.3701946660583897E-004
   1.7723551813940476E-004
  -3.5904120788319270E-004
  -5.0613081291340416E-004
   1.3283672155219028E-003
  -5.4484098910703336E-004
   2.3816005521024529E-004
  -1.9613645020534376E-004
  -1.5797564376774218E-005
   5.8370330928210126E-005
  -8.0306604485307539E-005
   9.9406638474905348E-006
   4.8218378332249831E-005
  -4.9628165898682371E-005
  -6.0356094221105232E-005
   6.6634185318792849E-005
  -3.3023706385041835E-005
   3.1145467505533012E-005
  -1.3108143162824042E-006
  -3.1249027592011177E-006
          23
  -3.5585982934347840E-005
  -5.9065002938189349E-005
  -9.3078812157409974E-005
  -1.5515585417049782E-004
  -1.7448905814242157E-004
  -3.2338429823233452E-004
  -4.6793399806499001E-005
  -6.1241885598150550E-004
  -3.2239053229558036E-003
  -4.5467268598875996E-003
  -6.4122467899767272E-003
  -7.4390051402304369E-003
  -9.2684174936184353E-003
  -1.6744154975094017E-002
  -2.4669241845623774E-002
  -4.0777525228800807E-002
  -7.9381845305378146E-002
 -0.11247607445207293     
 -0.17996235272304248     
 -0.23632478965307055     
 -0.25111409205781310     
 -0.14274710008510766     
  0.49047733619507045     
  0.21252338838688267     
 -0.63279479814330863     
  0.34053713052454659     
  -5.8781858816590385E-002
  -1.7786602128214198E-002
   2.1608223711390567E-002
  -5.2626674101194431E-003
   1.3921406127374648E-003
  -1.1747241839888897E-002
   8.5538384221216079E-003
  -7.6843127730413666E-004
  -5.7863082463746982E-006
  -7.9151162615145063E-004
  -4.0007813323391294E-004
   6.9237593563073094E-004
  -7.3530727898644314E-004
   3.4598501661047579E-004
  -1.8232194691883581E-005
  -8.2204050709865968E-005
   3.1457728103658828E-004
  -2.3124251572180010E-005
  -1.7410700612422583E-004
   5.0757113522704944E-005
  -4.9808266187651783E-005
  -8.9133607010418033E-005
   3.5951399370389361E-005
  -2.3138405684145946E-005
   4.0389167599371802E-005
   6.3108889816359351E-006
   3.2626053712345466E-005
  -2.5770849923431377E-005
   5.4983432191280762E-006
          24
  -2.7982012466364879E-005
  -8.1378939938398591E-005
  -1.3001176554288833E-004
  -2.2186626254694545E-004
  -4.4332620288488708E-004
  -3.9939327707981667E-004
  -5.0109150089864695E-004
  -1.1436326865861986E-003
  -6.0413161270905205E-004
  -1.2069133073204243E-003
  -3.9001790133362598E-003
  -6.5076946388335439E-003
  -1.1003156654443421E-002
  -1.7412790597637506E-002
  -3.0039657282165285E-002
  -5.2015673776249910E-002
  -9.9307151581071215E-002
 -0.13298214614546341     
 -0.18564218313285899     
 -0.24633815001256856     
 -0.31754625911270434     
 -0.28241534612650920     
  0.14119865644168372     
  0.41430314508529748     
  0.26951010171593248     
 -0.62173723951320137     
  0.19968586050270271     
   2.0680610232727454E-002
  -3.4659706765402559E-002
   1.7481276054502056E-002
   7.3804831204501387E-005
  -1.9721016640651514E-003
   3.9281817658382914E-003
  -3.0291377968889160E-005
  -3.3919109938343006E-003
   1.6086982178961664E-003
   5.9416159731112846E-004
  -5.7285097670935529E-004
  -9.9416090122245236E-005
   6.4148443215469213E-004
   8.2357107342578766E-005
  -3.0990254638458587E-005
   2.6333468750111054E-005
  -9.2375694825457054E-005
   3.9572610939801963E-005
  -2.9039581017726702E-005
   4.7871283659444982E-005
  -6.3256265076233958E-005
   1.2741877448869047E-005
   5.8722469266780732E-005
  -3.5655801628863933E-005
   2.0688320742403610E-005
  -3.2894768380086236E-005
   2.6028956264216780E-005
  -1.4583860380761354E-005
          25
   1.3507915080477918E-005
  -1.5996360276703572E-005
  -4.1280806689795886E-005
  -6.3354585723641332E-005
  -2.2047456333585587E-004
  -5.4784162003417610E-004
  -7.7268809296618759E-004
  -1.1951079012982274E-003
  -2.6168251284878763E-003
  -3.2069709227793078E-003
  -4.3353132677639182E-003
  -8.0780078090678473E-003
  -1.0670856204915842E-002
  -1.5280695532452896E-002
  -2.3918521618837469E-002
  -4.1838357819142191E-002
  -5.9077985467017098E-002
  -8.5639333001884546E-002
 -0.16010952238021256     
 -0.22990573447461285     
 -0.31848453323856957     
 -0.35696816201568243     
 -0.35752955814698162     
   2.8092501819223601E-002
  0.38663340148515446     
  0.46566802990234751     
 -0.42447502031092965     
   5.2186533552130612E-002
   1.5683158239807444E-002
  -2.6617653452537211E-002
   4.5710401944308665E-003
   8.2979726103095553E-003
  -1.1777085901145670E-002
  -2.4480459855202507E-003
   7.0807697476611838E-004
   2.7743280058066529E-003
   1.0394829203431383E-003
  -1.1774936457856447E-003
   1.3440431846030958E-004
   8.3108488624606856E-004
  -3.6933800490225507E-004
  -1.4123374033066734E-004
   3.9556911377666652E-005
   1.8745963288629647E-004
  -2.3397043891484456E-004
   2.8973908611197726E-004
  -2.3774683994557443E-004
  -7.2181267431606502E-005
   1.4292341987767192E-004
  -7.8951559867449507E-006
  -3.3488008950791729E-005
   5.9784286702513627E-005
  -2.2037354819186239E-005
  -2.7365688023636585E-005
   3.1059989187601427E-005
          26
  -2.5728762129523910E-005
  -4.2824409637874371E-005
   2.1213613982051231E-005
   6.8116526217573201E-005
   2.1769188188500679E-005
   2.0384854533709044E-004
   2.6854395243878604E-004
   2.5093830342872228E-004
   1.8304915737107613E-003
   2.4470152990655560E-003
   3.3401188004265944E-003
   4.7484959005550734E-003
   5.4769033105687200E-003
   7.4664418354427530E-003
   1.1513485828995649E-002
   2.0310059815832015E-002
   4.3262149502730357E-002
   5.8243214959244616E-002
   7.8242804438003993E-002
  0.12166801458271786     
  0.18941720580086185     
  0.27805123709523083     
  0.38406340013863199     
  0.38071775661759266     
  0.20642020046972329     
 -0.10063724442083496     
 -0.68605546941648565     
  0.20810637653103611     
   7.7805690927850724E-003
  -2.2879278601106310E-002
  -3.8115770995509391E-003
  -1.0305863954985747E-002
   2.4881194552389759E-003
   4.9001336083006114E-003
  -5.7108931354769975E-003
   1.2732799620880243E-003
   8.2636194119551493E-004
  -1.3824477348584015E-003
   1.8676978141072154E-003
  -1.1462365453522793E-003
  -5.2982694584890501E-004
   7.0918238890622955E-005
   2.2391732819153287E-005
   2.2797996796389261E-004
  -5.1894522272764811E-004
   4.4289431239542788E-004
  -1.1109415341176931E-004
   5.7002355435383471E-005
  -5.7814075759708889E-005
  -1.9480204575674775E-004
   6.4608409122967372E-005
   4.6476211425507161E-005
  -2.7532024388293244E-005
   5.2973491804223379E-005
  -1.5709402893374277E-005
          27
   1.4887325348698705E-005
   2.7702276864528635E-005
   1.6401225295895673E-005
   1.1420699228393423E-005
   3.9147423033120649E-005
   6.4649665447664824E-005
   1.4345243522054222E-004
   1.3172873922823205E-004
  -1.1603403286562973E-004
   1.7544887172190072E-004
   4.1321456844335306E-004
   5.8448489319139348E-004
  -1.1978818988944627E-004
  -4.9615419142014347E-004
  -3.6269424876936453E-004
  -1.1755900123075324E-003
   2.0451898869393251E-003
   9.4147447221755540E-004
  -3.8618368516691731E-003
  -1.0551493337366156E-002
  -1.0208336392789303E-002
  -8.0114520877219483E-003
  -2.2814392614948636E-002
  -3.2690743794030218E-002
  -4.1984696466859636E-002
   8.0570983054130962E-003
  -3.1838642537597633E-002
  0.16415031428998914     
 -0.46016861749235505     
  0.68878214407342842     
 -0.48888303113763321     
  0.20679904964331797     
  -1.5752456025103924E-002
  -9.2707080715995014E-003
   1.0447079322267008E-003
   1.0265804810662717E-003
  -2.3187100425017929E-004
  -3.1393911972234039E-003
   3.7740661004753919E-003
   1.5340167675629009E-003
  -1.4125199124059885E-003
   1.3063935728366161E-003
  -2.4795103580004603E-003
   5.6664305044605513E-004
   6.9931744507139692E-004
  -3.8383644428812856E-004
  -5.6739278571241914E-005
   9.7992835190149278E-005
   9.9622646027952666E-005
   1.5449191346824813E-004
  -1.0123359682071916E-004
  -6.2224435767861173E-005
   5.1436850213928720E-005
  -6.4989080512027801E-005
   1.2409558382135171E-005
          28
  -4.1685883099277163E-006
   8.7019673670883131E-006
   2.3631997217335236E-005
   1.0005697361442240E-005
   6.4753302169142391E-005
   1.4915208683657623E-004
   2.4837877660454976E-004
   2.6597302363502663E-004
   9.6635610703519389E-004
   1.0725360234171263E-003
   1.2651747433929303E-003
   1.4907618230546552E-003
   1.2553111575558113E-003
   2.1642756767145002E-003
   3.9658817080383008E-003
   5.6886983583240916E-003
   1.0413680491097163E-002
   1.5549842481833397E-002
   2.7192124363949320E-002
   4.1873225658306944E-002
   6.9478247523527908E-002
   9.9615811096823215E-002
  0.19399176283204042     
  0.26775534149916014     
  0.30883604124342162     
  0.27792829332548086     
  0.21282850468201919     
 -0.55939544743707603     
  0.26375237848159999     
  -2.4322691161678667E-002
 -0.39393248445413237     
  0.33382448852166202     
  -7.1528333261852539E-002
   1.3201312669398602E-002
   1.4437843740860937E-003
  -5.2148198746876503E-003
   2.8958312477302215E-003
  -5.6370629992231192E-003
   5.9224968300011071E-003
  -1.4704050342822968E-003
   1.0159278143814828E-003
   9.7263590795683012E-005
   2.7801364433121140E-004
  -8.4398551102668695E-005
  -4.6619261208804365E-004
   2.1287713526375227E-005
  -1.8299216333220598E-004
   2.1828183047838047E-004
  -8.6721660149014289E-006
  -1.5997453306288277E-004
   1.4271200548456125E-005
   1.0587871855392843E-004
  -5.3656346394674571E-005
  -1.7922900816553464E-005
  -6.9337847550967679E-006
          29
  -3.3496243513748453E-007
  -2.6729985751014047E-005
  -2.4930375339088301E-005
  -3.4014869766573119E-005
  -4.6549520401690325E-005
  -1.9061542468600075E-005
  -6.4329383763100603E-005
  -1.6132646929222094E-004
  -8.1154796325451752E-004
  -9.8734895061483021E-004
  -1.2970312167156766E-003
  -1.6852279073608009E-003
  -1.5160365344648429E-003
  -1.4930225687793456E-003
  -2.6093302392411594E-003
  -6.2152757030682834E-003
  -1.4443080203140800E-002
  -1.6411138337610830E-002
  -1.9310532097532418E-002
  -3.3370804494243879E-002
  -5.4410750715269289E-002
  -8.3498769142048679E-002
 -0.14367218168051285     
 -0.20335470960959168     
 -0.24612411609876642     
 -0.26759737345272183     
 -0.19091390833255392     
  0.28794999569751456     
  0.38346286844608901     
 -0.30581287149969422     
 -0.43583437634392858     
  0.47989960881698568     
 -0.11581001424960924     
   1.1761281554469157E-002
   6.9946858273363830E-003
   6.6433861109032721E-003
   5.6788929962863196E-003
  -1.8272515563699440E-004
  -1.0040933462521929E-003
  -1.8401639732676808E-003
  -1.5427818985097789E-004
  -1.8609715964249890E-004
   8.0530938746094021E-004
   2.1873581371695605E-004
  -1.3063472517852372E-003
   3.9008782154671131E-004
  -1.7940915757437250E-004
   3.0809755749712082E-005
   8.4278451614036053E-005
  -1.3259792553799393E-004
   1.2309274850102550E-004
  -7.5947841057878314E-005
   6.8798314427556367E-005
   2.5907288027104498E-005
   1.5732503815733674E-005
          30
  -2.3047465964744085E-006
  -3.0214183460674104E-007
  -5.3950488382880991E-006
  -1.7448294416539101E-005
  -2.9254629374726290E-006
   1.0617243395580228E-006
   7.1010415584859521E-005
   1.4286484029927228E-004
   6.4718626872563875E-004
   8.2321994352398619E-004
   8.9597831927615496E-004
   9.2821250472063972E-004
   8.1922563190398967E-004
   1.1042122891454390E-003
   1.5376106384335207E-003
   3.8872690503435458E-003
   6.5570072642385201E-003
   8.9633477784668118E-003
   1.3872856085155002E-002
   2.2311191051426336E-002
   3.6145388281470722E-002
   5.9330802307601765E-002
   9.6253533271318900E-002
  0.14455018898379521     
  0.14766901318025497     
  0.24275190528489399     
  0.30617392600586713     
  0.40915361737612610     
 -0.41266753727715044     
 -0.32585477376377736     
  0.20991976610366339     
  0.42535293579253836     
 -0.32819040582723308     
  0.11410879534736236     
  -4.1336007679681602E-004
  -7.7851912942813095E-004
  -2.5187340465512818E-003
   4.5975900643448709E-003
  -7.2588919931536357E-003
   5.1860535594171679E-006
   2.6047600294135489E-004
  -4.1324352521370791E-004
  -3.0547233086455315E-003
   1.6225174951791175E-003
   8.8797252701741484E-004
   1.7736901996790687E-003
  -3.0898885822846502E-004
  -2.0282156283410325E-004
   2.3736756390046408E-004
  -1.6846055809719278E-004
   3.1740618201398653E-005
  -9.2076304419718441E-005
   1.0528578768706379E-004
   5.4252614865519239E-005
  -5.4432943392052652E-005
          31
  -1.2662355070059219E-005
  -1.1759989290407149E-005
  -4.8525721646452792E-006
  -4.2346450013365280E-006
   1.2150381291477847E-005
   3.6640629504713915E-005
   8.6391069840348274E-005
   4.1571995505879193E-005
   1.3551128311516843E-004
   2.7033055629206986E-004
   3.9981062409984034E-004
   4.2344278101597732E-004
   5.1858777685243832E-004
   8.4338890120645433E-004
   1.2668840071092112E-003
   1.7257605935019429E-003
   2.2153016358060587E-003
   3.9926167161500898E-003
   8.7321325448577562E-003
   1.3430540394925103E-002
   2.2970621735409938E-002
   2.6571493634206158E-002
   5.2855969784344183E-002
   7.6455179579979646E-002
  0.10581436288641161     
  0.14767846446088212     
  0.19821192884564054     
  0.30061399856279891     
  -1.5394104301618850E-002
 -0.18406594964021911     
 -0.19218933353275877     
  -2.3653504171384048E-002
  0.63254050193098577     
 -0.54882481709022635     
  0.21484094892166791     
  -8.3501833850961660E-002
   2.5035141128905515E-002
   1.4323793172353199E-002
  -1.5755751253140677E-002
   9.7680346566289349E-004
   1.5548879988564325E-004
   3.8403377721013291E-003
  -4.4811034707789724E-003
  -8.8796818023632569E-004
   1.9244096602203621E-003
   7.1015065333870072E-006
  -1.0161521951886374E-003
   8.5350326773109199E-004
  -1.9883489711503100E-004
  -1.4797192800239498E-004
   1.7410481825457847E-004
  -1.8533487050033512E-004
   2.6649154816162015E-004
  -2.2345866461282566E-004
   7.4969069995426223E-005
          32
  -2.1202021209353117E-008
   6.5832161317853758E-006
   2.6960331516193799E-006
   2.7216777888896816E-005
   3.2059042963817792E-005
   2.1621535334285390E-005
   4.3440095658964180E-005
   6.9581317157568258E-005
   3.5737346137947230E-004
   3.6630840304076524E-004
   4.9419607643724685E-004
   7.1328604218125213E-004
   6.4709103937717971E-004
   9.7094883411867085E-004
   1.4256053813932409E-003
   2.1798026751514532E-003
   1.3922956818452716E-003
   2.6915710035040554E-003
   9.5246969796187221E-003
   1.5075225054848856E-002
   2.2092802362802904E-002
   3.3328140120616356E-002
   6.0891524289829163E-002
   9.4502158615018872E-002
  0.13414077910258218     
  0.18943690265568897     
  0.28017760347121939     
  0.47209425790067105     
  0.36429819224646243     
   9.3148882916660514E-002
 -0.27607865299344020     
 -0.42233925441928022     
  -1.7559796119790042E-002
  0.39496132049081401     
 -0.26932308090028589     
   6.6078807682416335E-002
  -1.3141667463748702E-002
  -1.5363939285387127E-002
   1.6063491189835424E-002
   1.3375525982442328E-002
  -1.0632876107423151E-002
  -1.0840853125414817E-003
   6.3800331007635483E-004
   3.2491607777221424E-003
  -4.1591194992147496E-003
   2.8634891173195379E-004
   1.0284074871071615E-003
  -6.4762185639886179E-004
   1.5289919134468512E-004
   3.0184866669279124E-006
   4.8145263209661085E-005
   1.2456573817567148E-004
  -2.6299220794601141E-004
   2.3728866712630835E-004
  -1.1340943645076291E-004
          33
   3.6476558971476919E-006
   1.2538510177844885E-005
   1.7604714885895181E-005
   3.0741859444953033E-005
   5.8077404357981702E-005
   6.5112740617372886E-005
   8.9373296419723470E-005
   4.6687893281632497E-005
   5.2884403848054177E-005
   8.2420336544919185E-005
   2.0927886686011410E-004
   1.9319587836093217E-004
   1.9031386716232215E-004
   2.0930323414507034E-004
   3.0980773997349518E-004
   3.2670019544035701E-004
  -6.0602527599788335E-004
   1.5532303453718725E-004
   1.5148358185366993E-003
   3.2647688552026283E-003
   4.0128947368088756E-003
   7.8396170693242444E-003
   1.6054945454478720E-002
   2.4384373806167824E-002
   2.9091339264038531E-002
   3.3555965990233305E-002
   5.9263312387796634E-002
  0.12671613564929660     
  0.23662053252948628     
  0.18946651713657306     
   3.4871350586201666E-002
 -0.13639193812625661     
 -0.39724658139007629     
  -7.7580390886057893E-002
  0.69202735132522430     
 -0.46643800096745924     
   4.6327074462579061E-002
   1.5481855821737179E-002
  -4.8695339726722096E-002
   2.4325949262352656E-002
   1.6781912340571763E-003
  -6.3491231134602047E-003
   8.5621106941124025E-003
  -5.0272672620456762E-003
   4.0154895495502739E-003
  -3.2358608185280961E-003
   1.1399782608956602E-003
  -7.5134313792995329E-004
   3.1189285390725022E-004
  -3.2360320518800303E-004
   3.5909732293814813E-004
  -1.0675810413109349E-004
   2.2755030312668741E-004
  -1.9529302236391251E-004
   1.3319532633564067E-005
          34
  -1.2787410928947757E-006
  -9.1947282135035399E-006
  -1.1752175422283372E-005
  -5.0786160950169148E-006
  -1.2543650233259151E-006
   5.3270887840188975E-006
   4.8894826341885977E-006
   2.8388958840802014E-005
   8.7968864008822708E-005
   1.0071701676944292E-004
   1.9357111000703142E-004
   2.2011163387254388E-004
   3.3153889350683578E-004
   4.0554496373352753E-004
   7.2901392824290120E-004
   9.8248988182561971E-004
   1.0765587816160883E-003
   1.2897384241322225E-003
   2.1952654041608771E-003
   4.1981398447092158E-003
   8.2952639290116304E-003
   1.1607992878685081E-002
   2.1138052698513626E-002
   2.7293916093968688E-002
   3.1809721813314401E-002
   4.1408035830803915E-002
   6.7118581844581623E-002
  0.12981832605780727     
  0.27707545073435286     
  0.25903508813685572     
  0.17726490848049758     
   4.0613224053736477E-002
 -0.33566292325968022     
 -0.53902206688803123     
  -3.7155453395004881E-002
  0.60094195160881092     
 -0.17328444544490515     
   3.4601157917243483E-002
   6.1078744964969053E-003
  -2.2638669197665048E-002
  -3.3769440419672719E-003
   2.4072950484730475E-003
   4.1630332981237245E-003
  -2.8849248713464079E-003
  -1.7921512881575422E-003
  -1.1690865816714518E-003
   3.2911227324978250E-004
   6.8563105410179219E-004
  -1.1762568466063058E-003
   6.4075473176846689E-004
  -4.8748735282836179E-004
  -1.9152442842094834E-004
   2.6137469340418090E-004
   3.5404250855535250E-004
  -3.2636043237608327E-004
          35
   6.0411057599809619E-007
   2.9506679801860477E-006
   4.2264407231044488E-006
   5.9104563944737807E-006
  -6.6598279347619477E-006
  -5.0474372327928767E-006
  -4.4930116718984712E-006
   1.3823276267333718E-005
  -1.7282425159342761E-006
  -6.7213324768539261E-006
  -5.2035653928669310E-005
  -3.6194134595756699E-005
  -1.0190136161722104E-004
  -1.3245892330594679E-004
  -8.3977351391938102E-005
  -2.2749715083676385E-004
  -6.1658145762788605E-004
  -5.6643367275871373E-004
  -8.0439883928804478E-004
  -1.6840516889696571E-003
  -3.5391887344829731E-003
  -4.2450332525622121E-003
  -8.4822338116828915E-003
  -1.1952515266867553E-002
  -1.5831030389225717E-002
  -2.1393064177178352E-002
  -3.3643452876327813E-002
  -8.8403488479415329E-002
 -0.24439170804671578     
 -0.27492677419952222     
 -0.29083043520285295     
 -0.25170575661923222     
  -3.2497634877184010E-002
  0.19706227373506760     
  0.44167857219567652     
  0.37850862755612685     
 -0.52847148423858836     
  0.18335877452356825     
   3.2315541784808999E-002
 -0.11838032830810155     
   1.5028142542783764E-002
   4.5215609605118489E-003
  -1.2709511708701380E-002
  -2.0675450945596015E-003
   1.4756765634144580E-002
  -8.6047595478602160E-004
  -1.1773172562093508E-004
   7.5105022887233023E-004
  -1.2736689368935980E-003
   1.5225016540964555E-003
  -4.3043472310818259E-004
   1.7511906194368292E-003
  -2.6828860224922908E-003
   4.0007459777977381E-004
   7.1067302879685365E-005
          36
  -1.7992151144110757E-006
  -9.8404303716040726E-007
  -3.6691287702490168E-006
  -4.7901798344697694E-006
  -1.2360955214110387E-005
  -2.3571870185088607E-005
  -1.8839449122926150E-005
  -1.7524730267750571E-005
  -7.4195168102927808E-005
  -1.2188172916967036E-004
  -1.6083405337697756E-004
  -1.5574435012836823E-004
  -9.7621225307696863E-005
  -1.3859355790687253E-004
  -1.7591476865867669E-004
  -4.0453948956189806E-005
  -2.7983088340261897E-004
  -1.9075077522319960E-004
  -4.6658140532398871E-004
  -2.3300328545833800E-004
   6.1270263635763110E-005
  -1.0875570465491025E-003
  -6.1382735150521063E-004
   4.3160470612165137E-004
  -1.2687395292975165E-003
   1.8754794363687079E-003
   5.2439676040337575E-003
   9.5163000315230464E-003
  -7.1844869313164809E-003
  -1.2623757721215796E-002
  -1.0107774462858645E-002
  -2.3279547965444805E-002
  -2.9166476141602692E-002
  -2.6783529119355297E-002
   4.7151023338078100E-002
  -9.1607759665952998E-003
   6.6224234660155923E-002
 -0.43137552651763994     
  0.70958527549138795     
 -0.52885002476736420     
  0.14494459010423572     
   1.1606342288695974E-002
  -7.5535344638507796E-003
  -9.3674743641977542E-003
   1.3065088453725261E-002
   1.0834357562901260E-003
  -9.3281947528305520E-004
   2.1786100601093889E-003
  -1.5702202217347087E-003
   1.7044976969239306E-003
  -1.2821062638174376E-003
  -1.8510893233010565E-003
   1.7918228374837863E-003
  -7.1060172367439032E-004
   2.9584151280950436E-004
          37
  -8.3918492798861462E-007
   1.5668390467727849E-007
  -3.0424504322807612E-007
  -1.1890891754313407E-006
  -3.2267586250429504E-006
   2.6791661066639456E-007
   9.1468158836749213E-006
   2.6658201251056420E-005
  -5.3328571236940662E-007
  -2.5000048479120564E-006
  -6.5076121515317036E-006
   6.8383385758099250E-005
   5.7554083002643311E-005
   6.4634425930225732E-005
   7.4963221713276421E-005
  -2.0454865956460235E-004
  -3.7550024082653999E-004
  -3.4070268087856465E-004
  -5.0490276710705528E-004
  -1.0089362535687400E-003
  -1.2744931734763206E-003
  -2.0108001004468606E-003
  -5.4578740249554558E-003
  -1.1179117238433433E-002
  -1.6226980505974188E-002
  -1.8274865814288138E-002
  -2.5172694184920109E-002
  -7.5951483083843363E-002
 -0.21906997261803238     
 -0.25337635367135036     
 -0.28837459499711854     
 -0.30856605393632897     
 -0.26455350243608677     
 -0.15296467987170392     
   6.9818770565806820E-002
  0.24795038094701263     
  0.54241347146958907     
 -0.39344831931272894     
 -0.10648548396763641     
  0.27770948788047345     
  -6.7448691932619140E-002
  -1.0480249456730187E-002
  -6.0570063406326560E-003
   1.2294798933939611E-002
  -8.0271406635310377E-003
   4.6028083400842090E-003
  -7.2179274559301925E-004
  -1.5813160031971419E-003
   1.4972309370088358E-003
  -3.0315285775737218E-003
   2.8883447635963929E-003
  -5.9778903610583712E-003
   7.9764589468579537E-003
  -1.7311022580119315E-003
  -8.3263173364146442E-006
          38
  -1.8849359832710136E-006
  -2.4176078298014578E-006
  -1.9727766747081872E-006
  -5.3491234060370015E-006
  -2.4441632596391699E-006
  -8.1235880101625276E-007
  -4.1348644540058412E-006
  -1.1012520066298109E-005
  -2.5830473637779989E-005
  -2.5614766798721882E-005
   8.6067193323832336E-006
  -1.2079146951066929E-006
   2.0840922162047107E-006
   3.1876574540776348E-005
   1.7238687478674337E-005
   7.8339073565474835E-005
   1.7670522904263364E-004
   3.3569205205159590E-004
   2.0594629199365829E-004
   4.1713284412486475E-004
   6.0166691394093167E-004
   1.4696180621630382E-003
   3.2476949186476547E-003
   2.9368824732467157E-003
   6.0390724557499356E-003
   6.8074248777087471E-003
   9.9333150938180868E-003
   3.2785937952805211E-002
   9.8783492275665907E-002
  0.11875180950440008     
  0.15849658176136369     
  0.18272786252999432     
  0.21484490669056813     
  0.19544991148238380     
  0.19566933488198854     
  0.10436057200810572     
 -0.30067184936484048     
 -0.55181239373142854     
  0.16252374053376589     
  0.53315006398140530     
 -0.27248301830024035     
  -1.5712072619049094E-002
   1.0263904021622555E-002
   3.8010197242187002E-002
  -3.3329633117530393E-002
  -5.5487577852358898E-003
   4.2201174473799889E-004
  -3.5634678732533822E-003
   2.1606219645166004E-003
  -4.3786081532198057E-003
   3.1366016824388963E-003
  -1.1096597131252451E-003
   3.4291722248390444E-003
  -1.9200756822589607E-003
   1.3413456735134328E-003
          39
   9.1844354042174727E-007
   1.2275292055270305E-006
   8.3331211280369792E-007
   8.4655281962801673E-007
   8.9101901249943335E-007
  -4.7839075032663832E-006
  -2.1660029289756406E-006
   3.3893065914875481E-006
   3.0338058355140889E-005
   5.5699885039203325E-005
   6.8910163414760852E-005
   3.2605452907869036E-005
   1.3976904099963197E-005
   2.1461662108816281E-005
   7.7230306598189454E-005
   1.4292935875322502E-004
   4.1503148984417174E-004
   3.7625917849974926E-004
   4.2085137248283188E-004
   7.0964958347062514E-004
   1.6021272585703900E-003
   2.4017230537950844E-003
   4.4078155601832711E-003
   6.8277357361543551E-003
   1.0082287860634432E-002
   1.1864526925522721E-002
   1.4908826940320349E-002
   3.7814279927619002E-002
  0.10245107915127602     
  0.12602675416730649     
  0.14566062926557774     
  0.16757968689850897     
  0.23578872758228170     
  0.28133040807232462     
  0.28747180647627713     
  0.31177504886722196     
  0.23344569692439321     
 -0.22433753384304608     
 -0.41718429103351296     
 -0.23578968688950208     
  0.48902223234297421     
  -9.7827877896883519E-002
  0.12297902799921057     
  -9.0945502881374499E-002
   3.0161282798739329E-002
   1.9557079842445904E-003
   6.3369221594738205E-003
  -9.6380956084458000E-003
   4.1386023601813196E-003
   4.0484885953344591E-003
  -3.8330262659119273E-003
  -6.8014623123763881E-003
   6.7995753773336907E-003
   1.5370606727411020E-003
  -1.6897075372517968E-003
          40
  -1.1321846835285483E-007
  -3.9734240394958970E-007
   2.1852031361991055E-006
   3.3489902230301110E-006
   2.8137469953929608E-006
   7.4231310283370188E-006
   3.4650654880775626E-006
   9.4502460608166630E-006
  -2.1445778928925037E-007
   3.2549335302650021E-006
   2.1163592307321536E-006
   1.4045075401148501E-005
   8.7202061641756610E-006
   9.7535782834114939E-006
  -1.4627896185897989E-005
  -1.8131272219257982E-005
  -3.0414204830815209E-005
  -1.2940232178200878E-005
  -1.0589424875404880E-004
  -1.3786831989909433E-004
   1.8081752444115969E-004
   8.2330922153360476E-004
   1.5037292701812299E-003
   1.9303985449831151E-003
   3.0576451971441611E-003
   3.2819604224278037E-003
   4.6382480564442375E-003
   1.1984588530389815E-002
   4.4296675917855237E-002
   4.9979218114914591E-002
   5.7920356890150265E-002
   5.9833918235523614E-002
   7.6583309837697455E-002
  0.10470535840232374     
  0.11813465226113165     
  0.11937902490493522     
  0.15673908221264790     
   3.9504170066934609E-002
  -4.4511563184089532E-002
  -9.0604030876089633E-002
 -0.11862556471745676     
  0.61985781989403721     
 -0.69193191060577508     
  0.11169569971887897     
  -5.8074044590997485E-002
   9.1501061969273892E-002
  -5.4200884036217319E-002
   4.9633817202389262E-002
  -9.7059086181290751E-004
  -1.2536318897309391E-002
   7.2798102591826314E-003
  -1.2040790569170207E-002
   3.9130306566972093E-003
   5.9132770052244983E-004
   3.1690763369572302E-004
          41
   6.4191754096447072E-007
  -8.8332807366057289E-007
  -1.1871100404504727E-006
   1.4057280705701092E-006
   2.9524005885145114E-006
   4.1727811919575446E-006
   9.0324122032922454E-006
   2.9189017538340823E-006
   7.5088591235938498E-007
   5.1111356484895798E-006
   2.5933445644108814E-006
  -2.3078666721124887E-006
   2.6552323514255257E-005
   6.7644040817600634E-005
   5.9749547696491113E-005
   1.7274571064371870E-004
   2.2160249854639343E-004
   2.2172222802942273E-004
   1.8261135022818351E-004
   3.4030967657559011E-004
   6.9388822062353499E-004
   1.1934210494230916E-003
   2.6215711008227265E-003
   3.6955918962220035E-003
   5.5881490385190071E-003
   6.3236735894543457E-003
   8.3125129567251984E-003
   1.7848590289916245E-002
   5.4845844124117610E-002
   7.0812957802631610E-002
   8.5798317630141910E-002
   9.7836659510435395E-002
  0.14210429234165450     
  0.18977976937836721     
  0.23019608669010005     
  0.25870014403847003     
  0.41517404275246511     
  0.33532612039969717     
  0.19007134980904158     
 -0.15036450645269728     
 -0.60218691833250271     
 -0.15672492251817743     
  0.24275882700486778     
   5.7984060536408533E-002
  -5.5570754589825577E-002
  -3.8311387260483047E-002
   2.0381227775418117E-002
  -1.7284965449547017E-002
  -4.5084832745361661E-003
   1.3583853083392894E-003
   1.6684028870994900E-003
  -6.2401687563568128E-004
   8.9012176026528819E-003
  -4.8433671534183070E-003
   1.7152614902129141E-003
          42
  -1.5514802903632340E-007
   5.5983350840387454E-007
   1.1344936685081389E-006
   1.9383776764464405E-007
   2.5651573742254732E-006
   1.4003696593898888E-006
  -9.2118771530319425E-007
  -6.6136514135969148E-006
  -1.0423814036879513E-007
  -4.2262295650640356E-006
  -2.3748494092351980E-005
  -3.7033483946175698E-005
  -2.9044249319791570E-005
  -5.4491740171006650E-005
  -6.9014287282623472E-005
  -7.3942427549066563E-005
   1.8397849107466386E-005
  -3.9923609995958480E-005
  -3.9369727690357050E-005
  -4.3685488383849386E-005
   1.3449879601084240E-004
  -1.4835406843385806E-004
  -5.6923148973990251E-004
  -3.7575692165566193E-004
  -6.8549667097772440E-004
  -8.1194235417827586E-004
  -4.0830549508647857E-004
  -2.6948770332559852E-003
  -6.8521996772840620E-003
  -5.4903399686246114E-003
  -7.3295172320509243E-003
  -8.6483079882019934E-003
  -8.8751355951911595E-003
  -1.2080245591072248E-002
  -3.4418453616277839E-003
  -1.3230678884506113E-002
  -2.3549722676350700E-002
  -2.5839807415658929E-003
  -1.2690567952248117E-002
  -1.6871989466082565E-002
  0.10272930008053754     
  -8.6765507880428389E-002
   8.5093713360291548E-002
  0.39394609588551760     
 -0.78578494514447428     
  0.43434844129183908     
  -8.0543142730160416E-002
  -2.7838488287691993E-002
   4.6760001908507987E-002
  -1.9161122167517808E-002
  -2.8608016705054432E-002
   2.2818485089530986E-002
  -1.2213733137105505E-002
   2.0641659407581874E-002
  -1.9916484076670949E-003
          43
  -2.8702441389404191E-007
  -8.3431298572985969E-007
  -1.2642477323122215E-006
  -1.4173174622513049E-006
  -2.1694890371026402E-006
  -3.1404532464742396E-006
  -2.6214880145273294E-006
  -1.7498872467008785E-006
   2.1128472550150034E-006
  -1.0138397426961121E-006
  -8.7212185381628350E-006
  -3.4668954270150956E-006
   1.9240603891295504E-006
   1.5241129162935092E-005
   3.9515718759234863E-006
   1.6158679454662814E-005
  -7.3245891813831964E-005
  -9.6082789779298146E-005
  -1.0704008080886382E-004
  -2.1915244272167870E-004
  -3.1782029301804463E-004
  -5.1077500631095446E-004
  -9.9357752274930678E-004
  -1.0753228395716297E-003
  -1.5268887394324067E-003
  -1.7977050202238126E-003
  -2.3760447542782643E-003
  -7.3605259413203304E-003
  -2.2009329043178393E-002
  -2.5073704931484555E-002
  -3.0492778437627033E-002
  -3.3294844815723618E-002
  -4.6545443233471089E-002
  -6.4440371487145223E-002
  -9.0851812256272715E-002
 -0.10896250010548925     
 -0.18722067075753088     
 -0.33023441383960594     
 -0.40451960194200726     
 -0.40613861713860822     
 -0.41264794646266501     
  0.36885417278998606     
  0.33564306755269918     
 -0.13133085416131648     
 -0.18170960547267820     
 -0.12781632373799606     
   6.1984053503791971E-002
   2.2770585742230811E-002
  -5.8940634514469174E-002
   1.9102386788546595E-002
   5.5351543932673237E-003
  -3.3850137395977371E-002
   4.5997869846588074E-002
  -2.2176821717133817E-002
   8.3027043046939378E-003
          44
   2.4999003540144200E-007
   4.6376548285756861E-007
   5.4889992143326082E-007
   3.8025096264852038E-007
   3.5640928418937438E-007
   8.9747076602472460E-007
   1.0516429184096243E-006
   3.5924469231786475E-006
   7.8056239207299482E-006
   7.3221409414229014E-006
   8.7682279653938981E-006
   1.9729835239554027E-005
   2.0712593108077152E-005
  -1.2898466856090954E-005
  -2.3824716750726283E-005
  -3.7205580249363546E-005
  -8.0699154286373886E-005
  -7.5719549044377804E-005
  -5.4083625793873275E-005
  -1.4412274532312331E-004
  -2.0464420959438999E-004
  -1.7842667841435470E-004
  -4.2897043616808774E-004
  -3.3193227316625449E-004
  -7.4294442149211470E-004
  -9.8088434832563072E-004
  -8.9771085319394195E-004
  -2.3257243170036507E-003
  -3.8589707098302871E-004
  -2.7253802418307897E-003
  -6.9253110774079880E-003
  -9.8791084095635456E-003
  -1.9057674625939984E-002
  -3.4052180736117051E-002
  -5.0374904540101913E-002
  -6.0244154185170720E-002
 -0.10672490389197210     
 -0.20917236724633961     
 -0.27538259243540258     
 -0.29507364637605638     
 -0.28454671731918108     
 -0.51979326902569445     
 -0.36139096563399792     
  0.37121964942174540     
  0.31377239273901786     
  0.21618839906278703     
  -5.4698638311502894E-002
  -5.2239045172530564E-002
   4.9585438265870044E-002
  -1.0845203876001960E-002
  -1.1037942474934972E-002
  -2.0197772123724072E-002
   2.2441576224390140E-002
   4.5351732938795205E-003
   7.9849229758517681E-004
          45
  -7.9773389475698118E-009
   1.5511882125301895E-007
   8.4524313323809011E-007
   5.1631855479432632E-007
   4.6419188935089928E-007
  -1.0355156882012502E-006
  -8.3325299180332708E-007
  -9.4853458315918988E-007
  -4.9996448475157856E-006
  -3.2666728204945309E-006
  -3.2558671746036187E-006
  -3.4402068508647569E-006
   1.0557825267614028E-006
   1.0539123958132350E-005
   2.3765902261916039E-005
   5.4666835924345255E-005
   6.2272352004316269E-005
   6.6575871953611533E-005
   6.8539483165235213E-005
   4.2145160731270664E-005
   6.3835565259356223E-005
  -3.7271921895096323E-005
   7.8239813020243371E-006
  -8.6540299013690349E-005
  -5.1042771876036554E-005
  -1.5193719117711016E-004
  -8.5870881084998922E-005
  -4.5442297816836706E-004
  -1.1043688222029113E-003
  -1.2408205380102625E-003
  -1.4896199540074754E-003
  -1.6027200033691983E-003
  -1.8920496001681426E-003
  -3.0592764182472247E-003
  -3.2199692695646757E-003
  -2.1997656992350065E-003
  -4.6866881134941208E-003
  -2.8805040868101414E-003
  -3.3826995356635637E-003
  -9.7776266566566589E-003
  -1.6001889846962148E-002
   8.7979848255343343E-002
   3.7411193835654201E-002
  -6.2193955642732272E-002
   2.7297376227849602E-002
  -5.3019062060115658E-003
   1.7224431710278931E-002
 -0.48568608754202419     
  0.75943058592372481     
 -0.40679710906374750     
   8.1983216672991063E-002
   1.4029576849373305E-002
  -1.6997856134912767E-002
   1.2449785726575827E-002
  -4.5729118678301452E-003
          46
   3.1981299095833718E-008
   6.6456342954673371E-008
  -1.5405904319262568E-007
  -6.5696734675048140E-007
  -1.0914724354688525E-006
  -6.7770496653423522E-007
  -2.0376345481184454E-006
  -3.8280636806978215E-006
  -4.4716062542008795E-006
  -6.9207828487737912E-006
  -8.6255627349181487E-006
  -9.8743588684530688E-006
  -1.4533889693411863E-005
  -1.3065317426412852E-005
  -2.5183883810550003E-005
  -2.7611110678345250E-005
  -3.2253716683769627E-005
  -5.8178118320559104E-005
  -1.5456346412710700E-005
  -2.4212536863854846E-005
  -1.2542320302316304E-005
   8.3641436506088657E-006
  -8.2847179621934691E-005
  -1.0882581091566612E-004
  -8.6143218279984113E-005
  -7.2798474653434860E-005
   3.3789257750583488E-004
   2.7699484321882438E-004
  -1.0364906840707166E-004
   2.5978961972259465E-004
  -5.7848892801633256E-004
  -1.0667939798771420E-003
  -8.8376042688068036E-004
   6.2074112828944413E-004
  -1.8575183984874837E-003
  -1.2459701619746387E-003
  -2.0710380409711478E-003
  -4.4888617142838380E-003
  -1.4162330452212812E-003
  -5.4531334140180895E-003
  -5.2075320179457228E-002
   3.3344953269568489E-002
  0.12538137674846794     
 -0.20937452946066945     
  0.13345932471049377     
  0.31994084337303930     
 -0.61891884122201102     
  0.48268539724060577     
   5.6001949376237301E-002
 -0.40882781749279412     
  0.12997776499743444     
   9.2796831032345622E-002
  -6.0261023168512520E-002
  -9.0713151698215422E-003
   2.8968043641588618E-002
          47
  -2.9822147871979025E-008
  -3.1077878696918518E-007
  -3.9514106647878027E-007
  -1.7531939708624515E-007
  -4.8659096126618512E-008
   4.1621253072235611E-007
   9.3777255772946819E-007
  -1.1203531295796812E-006
   7.8538559149596973E-007
   2.7665966947702371E-006
   2.8538497475243848E-006
   4.3698822714938761E-006
   3.0463725747739154E-006
  -1.2487475510174851E-006
  -5.6336597665749227E-006
  -2.6488377897750813E-005
  -1.0730200944800896E-005
  -4.1455828776505061E-005
  -8.5749522173450375E-005
  -8.6233092882629592E-005
  -1.1671266368397661E-004
  -8.3220232905578930E-005
  -3.4842001878275472E-005
  -2.7467203556696113E-005
   5.4529941853707899E-005
   1.4134997688226175E-005
  -1.2173079228701060E-004
  -1.1280847971541326E-004
  -2.5407937151146167E-004
  -3.5662334703939889E-005
   3.3995127569424961E-004
   2.5404352290883810E-004
  -5.8927802686212941E-005
  -9.5882303606083393E-004
  -7.2308289121703658E-004
  -1.0670172052574742E-003
  -4.6475782238399764E-003
  -3.0529671479208520E-003
  -1.3104933064289078E-002
  -1.3686542723628587E-002
   4.7528945750271494E-002
 -0.12136734825267965     
 -0.10753862500485341     
  0.21242043885198916     
 -0.16800811505084454     
 -0.40849721045916654     
  0.33140773044668426     
  0.32227167176829519     
 -0.10605175243699157     
 -0.56966088544150606     
  0.40762341387178086     
  -9.8233526360864215E-002
   6.8223712712990839E-002
  -3.0316568565342088E-002
   1.8794331401827391E-003
          48
  -6.2243534707811914E-008
  -2.4324350518093207E-009
   6.1769014044959993E-008
  -1.0138728343477596E-007
  -1.6707093656824164E-007
  -9.1656079560470150E-007
  -9.7888452796291293E-007
  -4.2617864274051127E-007
   4.5077429499760339E-007
   3.6450848101672993E-007
  -2.6929920690509497E-006
  -2.7944435740454863E-006
   3.0717950927643680E-006
   5.5041804261817814E-006
   1.3341072164626408E-005
   2.1793383665748368E-005
   9.5426330900018358E-006
   2.3169015254911945E-005
   1.8237605778029205E-005
  -1.7326189300411575E-005
   7.4046976498054943E-006
   2.4935171742286270E-005
   4.2198627405886364E-005
   4.2640171083832931E-005
   1.0422599483802629E-004
  -2.6234060596953453E-005
  -2.7373787578598397E-005
   4.3559511213880490E-006
   3.0256176578653436E-004
   2.3742951833195591E-004
   2.7573672791762315E-004
   2.0284630727717925E-004
   3.5965172288933759E-004
   1.0133857133515643E-003
  -1.4927192767848999E-004
  -5.8544493829888842E-004
  -7.2350691580490322E-004
   2.9340117342292308E-002
   3.0078739162862328E-002
   2.8247416234436266E-002
   2.5012505417740478E-002
  -2.6623687489576570E-002
  -1.0144424710072236E-002
  -5.4354755813479691E-002
  -2.9196773328657690E-002
   1.4803359069106627E-002
 -0.15376027767765307     
   3.2931423283209957E-002
   9.5743431164751439E-002
   6.0718395614196258E-002
  -5.1199120120541980E-002
 -0.55173070812002911     
  0.76086982049440932     
 -0.25750349452633409     
   4.6168263549100350E-002
          49
   6.6497309457119580E-008
   2.4376935351619575E-007
   2.4474289606936673E-007
   9.4991801299179012E-008
   2.7334852582522629E-007
   2.0181196401162233E-007
  -6.9555060421496259E-007
  -1.6006053041367583E-006
  -2.5520745727219907E-006
  -2.8092372424611310E-006
  -5.0966238231952328E-006
  -7.4505181020414638E-006
  -4.6044327825143760E-006
  -4.0058963834918510E-006
  -3.7770536647433788E-006
  -5.0650556428059898E-006
  -3.6318584568067523E-006
  -1.8146811809251199E-005
  -1.9550288061789890E-005
  -2.4589742520113118E-005
  -4.5364213475419391E-005
  -6.7436279685362472E-005
  -7.8728498404384193E-005
  -1.3173114270157097E-004
   2.0262716064376346E-005
   2.4830978547125289E-005
   7.9915827275482205E-005
   6.6855832118585119E-005
   8.2849563382570931E-004
   1.2868109647966213E-003
   8.3565924438905325E-004
   1.2867134203016473E-003
   1.8425551749115501E-003
   1.8066360008040761E-003
   1.6367864045171562E-003
   1.8295412861355775E-003
   4.7008850963097312E-003
   1.7224048329205217E-002
   2.7102587056355504E-002
   2.3975427229597585E-002
  -2.5841004736156459E-002
   7.9714849338430496E-002
   6.5235683231792588E-002
 -0.22591723776689968     
  0.15763774839321301     
  0.60717292570427506     
  0.37268426994678278     
 -0.28996318286696676     
 -0.38214441440682179     
 -0.23635270189728305     
  0.29732476520187801     
  -9.2773864142925946E-002
  0.11308593212085652     
   6.4637804848005201E-002
  -6.0701427184958995E-002
          50
   9.5653334430438609E-008
   5.4234406525604595E-008
  -8.6578353652172349E-008
   2.0303368247615221E-007
   4.7145201159060203E-007
   1.1884567748339379E-007
   2.8423163762430495E-007
   5.1811977642650091E-007
  -3.6730884711710625E-007
  -9.8726778210473041E-007
   8.5256168575013524E-008
   2.6648035721641831E-006
   3.4468795827426067E-006
   4.1065045439291787E-006
   3.7125577970084216E-006
   8.5612193274743605E-007
   1.0952872729015199E-006
   5.5713464609632136E-006
   1.4537441912805982E-005
   2.0571512304784915E-005
   3.8289482915905383E-005
   7.1658115786464642E-005
   9.6119217757978444E-005
   1.2370204180921272E-004
   1.8380592390317740E-004
   1.1506895768945423E-004
   2.2668932079855566E-004
   7.3343796345616606E-004
   1.9022942485892285E-003
   1.8720135080483500E-003
   2.0041354371429934E-003
   2.1345021063445910E-003
   3.0576446527865132E-003
   4.3450167516942573E-003
   7.1118465499496342E-003
   8.8044415333995429E-003
   1.3009493258500612E-002
   2.5236689235876898E-002
   2.9435421939924877E-002
   5.3970610252854608E-002
  0.12424874810715270     
  0.35812893325329520     
  0.38678250319856350     
  0.70861072047299767     
  0.38569561812975089     
   2.3893217327618559E-002
  -8.0963116152179868E-002
  -6.8427753087580881E-002
  -7.1830552436513040E-002
  -2.5095181445667560E-002
   6.6555872988004638E-002
   3.4589715224857036E-002
   5.1107853528661221E-002
 -0.13401301220048040     
   8.5214741904519678E-002
          51
  -3.3786078502455015E-008
  -8.1459402056913167E-008
  -2.9334546535696123E-008
  -1.7015650319209683E-007
  -1.0197863582510291E-007
  -5.5616494492614402E-008
  -4.3969452347753027E-007
   3.6922469791028604E-007
   2.1200249797229472E-007
   1.0575514946346088E-006
   9.1209108599005549E-007
   2.3303840863611599E-006
   3.6026048012291202E-007
  -1.5117901561106967E-007
  -4.0071535401306777E-006
  -9.3390072155571159E-006
  -8.9647019076895443E-006
  -1.1065937969038724E-005
  -2.0364973697618746E-005
  -2.4431762367364222E-005
  -3.3822702268316452E-005
  -3.9644016122952015E-005
  -3.6258385362049029E-006
  -1.6127896861501405E-006
  -4.1491542135144007E-005
   3.9018462267224775E-005
  -3.2970547504222763E-005
   1.0269450111734569E-004
   3.8046282024721615E-004
   3.4447293451121404E-004
   4.7724727842370730E-004
   7.3092209405838581E-004
   1.3321782407596202E-003
   1.6639985115099376E-003
   2.5416721593094949E-003
   2.5817172359571153E-003
   4.4882313754313584E-003
   7.1991859119733929E-003
   1.1922028036318560E-002
   1.5854676871794201E-002
   3.0090110619480828E-003
   7.2444617093357727E-002
   8.2056880187835732E-002
   4.9023812341323560E-002
  0.12260921701418809     
  0.20978936643519258     
  0.44939384703399071     
  0.40479383794595852     
  0.19607348333678101     
 -0.20974499616462680     
 -0.66269304195789946     
 -0.10074123741875778     
   9.7876855534820700E-003
  0.15145168287015714     
  -7.4042803520687372E-002
          52
   2.5030838069462805E-008
   4.5331792562929314E-008
   5.0258423085267867E-008
   1.7517008501943278E-007
   1.3277039543599541E-007
   1.7235359869381504E-007
   2.7051011062256740E-007
   2.5634381885840062E-007
  -3.8069364899078058E-007
  -1.0929905975447697E-006
  -5.4598275260225848E-007
   1.1127715443330805E-006
   2.1065960218047369E-006
   4.7462866781993458E-006
   5.8273964043985709E-006
   2.4501970113649926E-006
  -4.1718060708046074E-006
  -7.3497358578991552E-006
  -7.0572819633840922E-006
  -8.7985267865644086E-006
  -2.8373534432578274E-005
  -8.4368914799946341E-006
  -1.1646541263007816E-005
  -2.3714839879882764E-005
  -8.4380314535316303E-007
   1.8334176253073048E-006
  -5.8515716761520014E-005
  -1.5897074335292794E-004
  -3.4831756763024728E-004
  -3.3638904355105191E-004
  -3.0537318493885129E-004
  -2.7425028188818263E-004
  -1.5309505972162279E-004
  -1.8939769725693066E-004
  -1.2526468038300353E-004
  -7.6149835986795888E-004
  -8.3360790707716044E-004
   2.1431190925376153E-003
   2.6796615873186241E-003
   4.4219855876267838E-003
   1.4100114631884429E-002
   4.2428562175499632E-002
   5.5240601082880023E-002
  0.11080734394031501     
   2.7580842685517862E-002
 -0.10767393965194028     
 -0.20476730646598970     
  -5.1709092380938994E-002
  -3.0856876369355232E-002
   2.7926915307178012E-002
   8.2616076928804016E-002
 -0.35187651320724522     
   1.6439493349624319E-002
  0.78441141041041895     
 -0.42158530284206153     
          53
   2.5692659154040632E-008
   3.7911461751534475E-008
   9.2095448832088112E-008
   9.8246230533479832E-008
   1.4722942815261802E-007
  -5.7726492200568232E-008
  -1.5636960582453746E-007
  -1.5241371757645829E-007
  -1.1658038197015208E-007
  -4.6830254955453575E-007
   3.2124601868699889E-007
   8.9395200226347393E-007
   6.3308147555557871E-007
   8.0298493585875775E-007
   1.5940381112377727E-006
  -1.0811645964265338E-006
   6.9481824690069091E-007
  -8.6546915341008966E-007
  -2.1336205548366661E-006
   3.3273320661985758E-006
   7.4605268362650480E-006
   2.6916797115939306E-005
   3.9377387775736664E-005
   5.3115156138738741E-005
   4.1802499751714218E-005
   5.0464748584422440E-005
   2.3581761448865820E-005
   4.2646279211611342E-005
   2.8940409823506228E-004
   3.6999457019469485E-004
   3.5878563847545098E-004
   3.8067312287759345E-004
   4.1309546740045508E-004
   4.0213639652872260E-004
   7.2632163458144744E-004
   9.4880022405898000E-004
   1.7654207270503498E-003
   4.0216299628500042E-003
   6.4797171143133126E-003
   6.6626903883354321E-003
  -4.3333033337636748E-003
   2.5745255624251843E-002
   4.8522615035010437E-002
  -7.8805329021782444E-003
   5.0728189745683445E-002
  0.16602377578706248     
  0.17922714051362351     
  0.26473110985206649     
  0.30495053098358171     
  0.34376454704738202     
  0.36881396684811801     
 -0.46105692685602190     
 -0.35378512795920158     
   6.7842824901157173E-002
  0.41823326402365835     
          54
  -7.6207166614331174E-009
  -1.5069430972222166E-008
  -2.3372590955109615E-008
  -2.4608077217823443E-009
   4.4036970662770653E-008
   6.1040329095909352E-009
  -1.9090042754076421E-007
  -1.1901802420701299E-007
  -1.8178974092154831E-007
  -5.7387547661983732E-007
  -6.0490949202966780E-007
  -6.0188429690699219E-007
   6.2692533918673953E-008
  -3.7663068347283983E-007
  -1.6786115893027498E-006
  -1.0748765264218818E-006
  -2.8065063648448310E-006
  -3.2507357964396824E-006
  -1.6588466906484061E-006
  -1.5166603766144664E-006
   6.9194158935317496E-006
   1.4683464489408363E-006
   2.1459633381225683E-006
   2.0827037886079280E-006
   1.7052518836166064E-006
   6.5496103904311869E-006
   2.8242044556003145E-005
  -2.7390041913838167E-005
  -2.3304699010967905E-004
  -2.5654254909633466E-004
  -2.8264796082714660E-004
  -3.1117403400441869E-004
  -3.8897839039114958E-004
  -2.9269770515752468E-004
  -3.0121238660923164E-004
  -1.9338781938428638E-004
   1.2618513885328020E-005
   6.1688483796172675E-005
  -1.6180760167616062E-003
  -2.1703271618737805E-003
   3.2534469811795635E-003
  -2.6167812022428065E-002
  -3.7174437601132745E-002
  -1.3158916022488951E-002
  -4.9118132543653353E-002
 -0.12773292733400515     
 -0.19339874173803087     
 -0.29233810539065541     
 -0.31455740842889818     
 -0.32967775757078877     
 -0.34651751230609434     
 -0.30510708991546548     
 -0.19237441233997868     
  0.15247443471377309     
  0.61244898435813744     
          55
  -1.9298818806932928E-010
   4.8915272854583385E-009
   1.5764625604807480E-008
   1.5383659225006227E-008
   5.3423593946934589E-009
  -9.9461704925599603E-009
   1.0919335164453018E-008
  -1.0934992227735217E-009
   1.2529134201129413E-007
   1.0533346575023089E-007
   6.2242607639758864E-008
   5.8878657486814770E-008
   1.1732950052180995E-007
   6.3072797479834467E-008
  -1.1526812184977860E-008
   1.0070051575310522E-007
   7.0425064596034259E-008
  -2.5336813982995705E-007
   6.3346625365392959E-007
   1.6441645598568710E-007
   1.3186114676218430E-006
   8.0650568031134643E-007
   5.9273904197194406E-007
   6.4313496367259172E-007
   1.1468225875349098E-006
   5.2484393892926915E-006
   8.7803575760862611E-006
   4.7283720416608763E-006
   6.1483709547874829E-006
   6.0002064833898118E-006
   2.8119309216567639E-006
   8.4756708791913379E-006
   3.3219309078119403E-005
   3.9043060563167524E-005
   4.4523054070039109E-005
   6.5677789077446506E-005
   1.6447189589479885E-004
   3.5160733018282188E-004
   4.0239768143263035E-004
   3.5791942470259904E-004
   1.8930411708282163E-004
   1.6495443705344319E-003
  -4.5338626642464864E-003
  -6.4947585077413132E-003
   8.1411200548429027E-003
   1.2622362794504016E-002
   8.7127445295972161E-002
   9.1885286470865107E-002
   9.4935780907730485E-002
   9.9948088656747050E-002
  0.10782953989866412     
  0.47475518603506861     
  0.48121568394437775     
  0.49329078894668033     
  0.50274039004250126     
