omega,S,S_edge,S_cont,Sr,Sr_edge,Sr_cont
-1.8125,0.0,0.0,0.0
-1.8074999999999992,9.594985680829462,9.594985680829462,0.0
-1.8025000000000002,10.977947439504085,10.977947439504085,0.0
-1.7974999999999994,1.455204566698698,1.455204566698698,0.0
-1.7925000000000004,0.025842741168429644,0.025842741168429644,0.0
-1.7874999999999996,0.0,0.0,0.0
-1.7825000000000006,0.0,0.0,0.0
-1.7774999999999999,0.18849178930420146,0.18849178930420146,0.0
-1.772499999999999,3.7699111843077512e-6,3.7699111843077512e-6,0.0
-1.7675,0.0,0.0,0.0
-1.7624999999999993,0.0,0.0,0.0
-1.7575000000000003,0.0,0.0,0.0
-1.7524999999999995,0.18849555921538536,0.18849555921538536,0.0
-1.7475000000000005,0.0,0.0,0.0
-1.7424999999999997,0.0,0.0,0.0
-1.7375000000000007,0.0,0.0,0.0
-1.7325,0.18849555921538527,0.18849555921538527,0.0
-1.7274999999999991,0.0,0.0,0.0
-1.7225000000000001,0.0,0.0,0.0
-1.7174999999999994,0.0,0.0,0.0
-1.7125000000000004,0.0,0.0,0.0
-1.7074999999999996,0.18849555921538516,0.18849555921538516,0.0
-1.7025000000000006,0.0,0.0,0.0
-1.6974999999999998,0.0,0.0,0.0
-1.692499999999999,0.0,0.0,0.0
-1.6875,0.18849555921538513,0.18849555921538513,0.0
-1.6824999999999992,0.0,0.0,0.0
-1.6775000000000002,0.0,0.0,0.0
-1.6724999999999994,0.0,0.0,0.0
-1.6675000000000004,0.0,0.0,0.0
-1.6624999999999996,0.18849555921538508,0.18849555921538508,0.0
-1.6575000000000006,0.0,0.0,0.0
-1.6524999999999999,0.0,0.0,0.0
-1.647499999999999,0.0,0.0,0.0
-1.6425,0.11801329971356828,0.11801329971356828,0.0
-1.6374999999999993,0.07048225950181682,0.07048225950181682,0.0
-1.6325000000000003,0.0,0.0,0.0
-1.6274999999999995,0.0,0.0,0.0
-1.6225000000000005,0.0,0.0,0.0
-1.6174999999999997,0.18849555921538505,0.18849555921538505,0.0
-1.6125000000000007,0.0,0.0,0.0
-1.6075,0.0,0.0,0.0
-1.6024999999999991,0.0,0.0,0.0
-1.5975000000000001,0.0,0.0,0.0
-1.5924999999999994,0.18849555921538505,0.18849555921538505,0.0
-1.5875000000000004,0.0,0.0,0.0
-1.5824999999999996,0.0,0.0,0.0
-1.5775000000000006,0.0,0.0,0.0
-1.5724999999999998,0.188495559215385,0.188495559215385,0.0
-1.567499999999999,0.0,0.0,0.0
-1.5625,0.0,0.0,0.0
-1.5574999999999992,0.0,0.0,0.0
-1.5525000000000002,0.0,0.0,0.0
-1.5474999999999994,0.18849555921538497,0.18849555921538497,0.0
-1.5425000000000004,0.0,0.0,0.0
-1.5374999999999996,0.0,0.0,0.0
-1.5325000000000006,0.0,0.0,0.0
-1.5274999999999999,0.18849555921538497,0.18849555921538497,0.0
-1.522499999999999,0.0,0.0,0.0
-1.5175,0.0,0.0,0.0
-1.5124999999999993,0.0,0.0,0.0
-1.5075000000000003,0.0,0.0,0.0
-1.5024999999999995,0.18849555921538497,0.18849555921538497,0.0
-1.4975000000000005,0.0,0.0,0.0
-1.4924999999999997,0.0,0.0,0.0
-1.4875000000000007,0.0,0.0,0.0
-1.4825,0.17480324179397935,0.17480324179397935,0.0
-1.4774999999999991,0.013692317421405562,0.013692317421405562,0.0
-1.4725000000000001,0.0,0.0,0.0
-1.4674999999999994,0.0,0.0,0.0
-1.4625000000000004,0.0,0.0,0.0
-1.4574999999999996,0.1884955592153849,0.1884955592153849,0.0
-1.4525000000000006,0.0,0.0,0.0
-1.4474999999999998,0.0,0.0,0.0
-1.442499999999999,0.0,0.0,0.0
-1.4375,0.01674217556951052,0.01674217556951052,0.0
-1.4324999999999992,0.17175338364587436,0.17175338364587436,0.0
-1.4275000000000002,0.0,0.0,0.0
-1.4224999999999994,0.0,0.0,0.0
-1.4175000000000004,0.0,0.0,0.0
-1.4124999999999996,0.18849555921538486,0.18849555921538486,0.0
-1.4075000000000006,0.0,0.0,0.0
-1.4024999999999999,0.0,0.0,0.0
-1.397499999999999,0.0,0.0,0.0
-1.3925,0.0,0.0,0.0
-1.3874999999999993,0.18849555921538483,0.18849555921538483,0.0
-1.3825000000000003,0.0,0.0,0.0
-1.3774999999999995,0.0,0.0,0.0
-1.3725000000000005,0.0,0.0,0.0
-1.3674999999999997,0.18849555921538483,0.18849555921538483,0.0
-1.362499999999999,0.0,0.0,0.0
-1.3575,0.0,0.0,0.0
-1.3524999999999991,0.0,0.0,0.0
-1.3475000000000001,0.0,0.0,0.0
-1.3424999999999994,0.18849555921538477,0.18849555921538477,0.0
-1.3375000000000004,0.0,0.0,0.0
-1.3324999999999996,0.0,0.0,0.0
-1.3275000000000006,0.0,0.0,0.0
-1.3224999999999998,0.18849555921538477,0.18849555921538477,0.0
-1.317499999999999,0.0,0.0,0.0
-1.3125,0.0,0.0,0.0
-1.3074999999999992,0.0,0.0,0.0
-1.3025000000000002,0.0,0.0,0.0
-1.2974999999999994,0.18849555921538474,0.18849555921538474,0.0
-1.2925000000000004,0.0,0.0,0.0
-1.2874999999999996,0.0,0.0,0.0
-1.2825000000000006,0.0,0.0,0.0
-1.2774999999999999,0.06698001201159481,0.06698001201159481,0.0
-1.272499999999999,0.1215155472037899,0.1215155472037899,0.0
-1.2675,0.0,0.0,0.0
-1.2624999999999993,0.0,0.0,0.0
-1.2575000000000003,0.0,0.0,0.0
-1.2524999999999995,0.18849555921538472,0.18849555921538472,0.0
-1.2475000000000005,0.0,0.0,0.0
-1.2424999999999997,0.0,0.0,0.0
-1.237499999999999,0.0,0.0,0.0
-1.2325,0.0,0.0,0.0
-1.2274999999999991,0.18849555921538474,0.18849555921538474,0.0
-1.2225000000000001,0.0,0.0,0.0
-1.2174999999999994,0.0,0.0,0.0
-1.2125000000000004,0.0,0.0,0.0
-1.2074999999999996,0.1884955592153847,0.1884955592153847,0.0
-1.2025000000000006,0.0,0.0,0.0
-1.1974999999999998,0.0,0.0,0.0
-1.192499999999999,0.0,0.0,0.0
-1.1875,0.0,0.0,0.0
-1.1824999999999992,0.18849555921538466,0.18849555921538466,0.0
-1.1775000000000002,0.0,0.0,0.0
-1.1724999999999994,0.0,0.0,0.0
-1.1675000000000004,0.0,0.0,0.0
-1.1624999999999996,0.18849555921538474,0.18849555921538474,0.0
-1.1575000000000006,0.0,0.0,0.0
-1.1524999999999999,0.0,0.0,0.0
-1.147499999999999,0.0,0.0,0.0
-1.1425,0.0,0.0,0.0
-1.1374999999999993,0.1884955592153846,0.1884955592153846,0.0
-1.1325000000000003,0.0,0.0,0.0
-1.1274999999999995,0.0,0.0,0.0
-1.1225000000000005,0.0,0.0,0.0
-1.1174999999999997,0.12422611334530714,0.12422611334530714,0.0
-1.112499999999999,0.06426944587007755,0.06426944587007755,0.0
-1.1075,0.0,0.0,0.0
-1.1024999999999991,0.0,0.0,0.0
-1.0975000000000001,0.0,0.0,0.0
-1.0924999999999994,0.18849555921538472,0.18849555921538472,0.0
-1.0875000000000004,0.0,0.0,0.0
-1.0824999999999996,0.0,0.0,0.0
-1.0775000000000006,0.0,0.0,0.0
-1.0724999999999998,0.0,0.0,0.0
-1.067499999999999,0.1884955592153846,0.1884955592153846,0.0
-1.0625,0.0,0.0,0.0
-1.0574999999999992,0.0,0.0,0.0
-1.0525000000000002,0.0,0.0,0.0
-1.0474999999999994,0.18849555921538474,0.18849555921538474,0.0
-1.0425000000000004,0.0,0.0,0.0
-1.0374999999999996,0.0,0.0,0.0
-1.0325000000000006,0.0,0.0,0.0
-1.0274999999999999,0.0,0.0,0.0
-1.022499999999999,0.18849555921538458,0.18849555921538458,0.0
-1.0175,0.0,0.0,0.0
-1.0124999999999993,0.0,0.0,0.0
-1.0075000000000003,0.0,0.0,0.0
-1.0024999999999995,0.1884955592153847,0.1884955592153847,0.0
-0.9975000000000005,0.0,0.0,0.0
-0.9924999999999997,0.0,0.0,0.0
-0.9874999999999989,0.0,0.0,0.0
-0.9824999999999999,0.0,0.0,0.0
-0.9774999999999991,0.1884955592153847,0.1884955592153847,0.0
-0.9725000000000001,0.0,0.0,0.0
-0.9674999999999994,0.0,0.0,0.0
-0.9625000000000004,0.0,0.0,0.0
-0.9574999999999996,0.1884955592153846,0.1884955592153846,0.0
-0.9525000000000006,0.0,0.0,0.0
-0.9474999999999998,0.0,0.0,0.0
-0.942499999999999,0.0,0.0,0.0
-0.9375,0.0,0.0,0.0
-0.9324999999999992,0.18849555921538474,0.18849555921538474,0.0
-0.9275000000000002,0.0,0.0,0.0
-0.9224999999999994,0.0,0.0,0.0
-0.9175000000000004,0.0,0.0,0.0
-0.9124999999999996,0.0,0.0,0.0
-0.9075000000000006,0.1884955592153846,0.1884955592153846,0.0
-0.9024999999999999,0.0,0.0,0.0
-0.8974999999999991,0.0,0.0,0.0
-0.8925000000000001,0.0,0.0,0.0
-0.8874999999999993,0.1884955592153848,0.1884955592153848,0.0
-0.8825000000000003,0.0,0.0,0.0
-0.8774999999999995,0.0,0.0,0.0
-0.8725000000000005,0.0,0.0,0.0
-0.8674999999999997,0.0,0.0,0.0
-0.8624999999999989,0.1884955592153847,0.1884955592153847,0.0
-0.8574999999999999,0.0,0.0,0.0
-0.8524999999999991,0.0,0.0,0.0
-0.8475000000000001,0.0,0.0,0.0
-0.8424999999999994,0.18849555921538486,0.18849555921538486,0.0
-0.8375000000000004,0.0,0.0,0.0
-0.8324999999999996,0.0,0.0,0.0
-0.8275000000000006,0.0,0.0,0.0
-0.8224999999999998,0.0,0.0,0.0
-0.817499999999999,0.18849555921538483,0.18849555921538483,0.0
-0.8125,0.0,0.0,0.0
-0.8074999999999992,0.0,0.0,0.0
-0.8025000000000002,0.0,0.0,0.0
-0.7974999999999994,0.18849555921538486,0.18849555921538486,0.0
-0.7925000000000004,0.0,0.0,0.0
-0.7874999999999996,0.0,0.0,0.0
-0.7825000000000006,0.0,0.0,0.0
-0.7774999999999999,0.0,0.0,0.0
-0.7724999999999991,0.18849555921538497,0.18849555921538497,0.0
-0.7675000000000001,0.0,0.0,0.0
-0.7624999999999993,0.0,0.0,0.0
-0.7575000000000003,0.0,0.0,0.0
-0.7524999999999995,0.011486919378585526,0.011486919378585526,0.0
-0.7475000000000005,0.1770086398367994,0.1770086398367994,0.0
-0.7424999999999997,0.0,0.0,0.0
-0.7374999999999989,0.0,0.0,0.0
-0.7324999999999999,0.0,0.0,0.0
-0.7274999999999991,0.18849555921538527,0.18849555921538527,0.0
-0.7225000000000001,0.0,0.0,0.0
-0.7174999999999994,0.0,0.0,0.0
-0.7125000000000004,0.0,0.0,0.0
-0.7074999999999996,0.0,0.0,0.0
-0.7025000000000006,0.18849555921538536,0.18849555921538536,0.0
-0.6974999999999998,0.0,0.0,0.0
-0.692499999999999,0.0,0.0,0.0
-0.6875,0.0,0.0,0.0
-0.6824999999999992,0.1884955592153857,0.1884955592153857,0.0
-0.6775000000000002,0.0,0.0,0.0
-0.6724999999999994,0.0,0.0,0.0
-0.6675000000000004,0.0,0.0,0.0
-0.6624999999999996,0.0,0.0,0.0
-0.6575000000000006,0.18849555921538566,0.18849555921538566,0.0
-0.6524999999999999,0.0,0.0,0.0
-0.6474999999999991,0.0,0.0,0.0
-0.6425000000000001,0.0,0.0,0.0
-0.6374999999999993,0.18849555921538627,0.18849555921538627,0.0
-0.6325000000000003,0.0,0.0,0.0
-0.6274999999999995,0.0,0.0,0.0
-0.6225000000000005,0.0,0.0,0.0
-0.6174999999999997,0.0,0.0,0.0
-0.6124999999999989,0.18849555921538652,0.18849555921538652,0.0
-0.6074999999999999,0.0,0.0,0.0
-0.6024999999999991,0.0,0.0,0.0
-0.5975000000000001,0.0,0.0,0.0
-0.5924999999999994,0.09192928422934417,0.09192928422934417,0.0
-0.5875000000000004,0.09656627498604313,0.09656627498604313,0.0
-0.5824999999999996,0.0,0.0,0.0
-0.5775000000000006,0.0,0.0,0.0
-0.5724999999999998,0.0,0.0,0.0
-0.567499999999999,0.18849555921538735,0.18849555921538735,0.0
-0.5625,0.0,0.0,0.0
-0.5574999999999992,0.0,0.0,0.0
-0.5525000000000002,0.0,0.0,0.0
-0.5474999999999994,0.0,0.0,0.0
-0.5425000000000004,0.18849555921538785,0.18849555921538785,0.0
-0.5374999999999996,0.0,0.0,0.0
-0.5325000000000006,0.0,0.0,0.0
-0.5274999999999999,0.0,0.0,0.0
-0.5224999999999991,0.18849555921538838,0.18849555921538838,0.0
-0.5175000000000001,0.0,0.0,0.0
-0.5124999999999993,0.0,0.0,0.0
-0.5075000000000003,0.0,0.0,0.0
-0.5024999999999995,0.0,0.0,0.0
-0.4975000000000005,0.18849555921538905,0.18849555921538905,0.0
-0.4924999999999997,0.0,0.0,0.0
-0.48749999999999893,0.0,0.0,0.0
-0.48249999999999993,0.0,0.0,0.0
-0.47749999999999915,0.18849555921538977,0.18849555921538977,0.0
-0.47250000000000014,0.0,0.0,0.0
-0.46749999999999936,0.0,0.0,0.0
-0.46250000000000036,0.0,0.0,0.0
-0.4574999999999996,0.0,0.0,0.0
-0.45250000000000057,0.18849555921539038,0.18849555921539038,0.0
-0.4474999999999998,0.0,0.0,0.0
-0.442499999999999,0.0,0.0,0.0
-0.4375,0.0,0.0,0.0
-0.4324999999999992,0.1884955592153906,0.1884955592153906,0.0
-0.4275000000000002,0.0,0.0,0.0
-0.42249999999999943,0.0,0.0,0.0
-0.4175000000000004,0.0,0.0,0.0
-0.41249999999999964,0.0,0.0,0.0
-0.40750000000000064,0.18849555921539135,0.18849555921539135,0.0
-0.40249999999999986,0.0,0.0,0.0
-0.3974999999999991,0.0,0.0,0.0
-0.39250000000000007,0.0,0.0,0.0
-0.3874999999999993,0.0,0.0,0.0
-0.3825000000000003,0.1884955592153921,0.1884955592153921,0.0
-0.3774999999999995,0.0,0.0,0.0
-0.3725000000000005,0.0,0.0,0.0
-0.3674999999999997,0.0,0.0,0.0
-0.36249999999999893,0.18849555921539293,0.18849555921539293,0.0
-0.35749999999999993,0.0,0.0,0.0
-0.35249999999999915,0.0,0.0,0.0
-0.34750000000000014,0.0,0.0,0.0
-0.34249999999999936,0.0,0.0,0.0
-0.33750000000000036,0.18849555921539332,0.18849555921539332,0.0
-0.3324999999999996,0.0,0.0,0.0
-0.32750000000000057,0.0,0.0,0.0
-0.3224999999999998,0.0,0.0,0.0
-0.317499999999999,0.1884955592153936,0.1884955592153936,0.0
-0.3125,0.0,0.0,0.0
-0.3074999999999992,0.0,0.0,0.0
-0.3025000000000002,0.0,0.0,0.0
-0.29749999999999943,0.0,0.0,0.0
-0.2925000000000004,0.1884955592153952,0.1884955592153952,0.0
-0.28749999999999964,0.0,0.0,0.0
-0.28250000000000064,0.0,0.0,0.0
-0.27749999999999986,0.0,0.0,0.0
-0.2724999999999991,0.1884955592153945,0.1884955592153945,0.0
-0.26750000000000007,0.0,0.0,0.0
-0.2624999999999993,0.0,0.0,0.0
-0.2575000000000003,0.0,0.0,0.0
-0.2524999999999995,0.0,0.0,0.0
-0.2475000000000005,0.18849555921539446,0.18849555921539446,0.0
-0.24249999999999972,0.0,0.0,0.0
-0.23749999999999893,0.0,0.0,0.0
-0.23249999999999993,0.0,0.0,0.0
-0.22749999999999915,0.0,0.0,0.0
-0.22250000000000014,0.18849555921539285,0.18849555921539285,0.0
-0.21749999999999936,0.0,0.0,0.0
-0.21250000000000036,0.0,0.0,0.0
-0.20749999999999957,0.0,0.0,0.0
-0.20250000000000057,0.188495559215392,0.188495559215392,0.0
-0.1974999999999998,0.0,0.0,0.0
-0.192499999999999,0.0,0.0,0.0
-0.1875,0.0,0.0,0.0
-0.18249999999999922,0.0,0.0,0.0
-0.1775000000000002,0.1884955592153914,0.1884955592153914,0.0
-0.17249999999999943,0.0,0.0,0.0
-0.16750000000000043,0.0,0.0,0.0
-0.16249999999999964,0.0,0.0,0.0
-0.15750000000000064,0.18849555921538924,0.18849555921538924,0.0
-0.15249999999999986,0.0,0.0,0.0
-0.14749999999999908,0.0,0.0,0.0
-0.14250000000000007,0.0,0.0,0.0
-0.1374999999999993,0.0,0.0,0.0
-0.13250000000000028,0.18849555921538724,0.18849555921538724,0.0
-0.1274999999999995,0.0,0.0,0.0
-0.1225000000000005,0.0,0.0,0.0
-0.11749999999999972,0.0,0.0,0.0
-0.11249999999999893,0.18849555921538458,0.18849555921538458,0.0
-0.10749999999999993,0.0,0.0,0.0
-0.10249999999999915,0.0,0.0,0.0
-0.09750000000000014,0.0,0.0,0.0
-0.09249999999999936,0.0,0.0,0.0
-0.08750000000000036,0.18849555921538239,0.18849555921538239,0.0
-0.08249999999999957,0.0,0.0,0.0
-0.07750000000000057,0.0,0.0,0.0
-0.07249999999999979,0.0,0.0,0.0
-0.067499999999999,0.0,0.0,0.0
-0.0625,0.18849555921538294,0.18849555921538294,0.0
-0.05749999999999922,0.0,0.0,0.0
-0.05250000000000021,0.0,0.0,0.0
-0.04749999999999943,0.0,0.0,0.0
-0.042500000000000426,0.18849555921539085,0.18849555921539085,0.0
-0.037499999999999645,0.0,0.0,0.0
-0.03250000000000064,0.0,0.0,0.0
-0.027499999999999858,0.0,0.0,0.0
-0.022499999999999076,0.0,0.0,0.0
-0.01750000000000007,0.18849555921540392,0.18849555921540392,0.0
-0.01249999999999929,0.0,0.0,0.0
-0.007500000000000284,0.0,0.0,0.0
-0.0024999999999995026,0.0,0.0,0.0
0.0024999999999995026,0.18849555921541952,0.18849555921541952,0.0
0.007500000000000284,0.0,0.0,0.0
0.012500000000001066,0.0,0.0,0.0
0.01750000000000007,0.0,0.0,0.0
0.022500000000000853,0.0,0.0,0.0
0.027499999999999858,0.1884955592154057,0.1884955592154057,0.0
0.03250000000000064,0.0,0.0,0.0
0.037499999999999645,0.0,0.0,0.0
0.042500000000000426,0.0,0.0,0.0
0.04749999999999943,0.1884955592153366,0.1884955592153366,0.0
0.05250000000000021,0.0,0.0,0.0
0.057500000000000995,0.0,0.0,0.0
0.0625,0.0,0.0,0.0
0.06750000000000078,0.0,0.0,0.0
0.07249999999999979,0.18849555921532546,0.18849555921532546,0.0
0.07750000000000057,0.0,0.0,0.0
0.08249999999999957,0.0,0.0,0.0
0.08750000000000036,0.0,0.0,0.0
0.09249999999999936,0.18849555921529743,0.18849555921529743,0.0
