omega,S,S_edge,S_cont,Sr,Sr_edge,Sr_cont
-1.112499999999999,0.0,0.0,0.0
-1.1075,0.3926990816987583,0.3926990816987583,0.0
-1.1024999999999991,0.0,0.0,0.0
-1.0975000000000001,0.3926990816987528,0.3926990816987528,0.0
-1.0924999999999994,0.39269908169875367,0.39269908169875367,0.0
-1.0875000000000004,0.39269908169874584,0.39269908169874584,0.0
-1.0824999999999996,0.39269908169875245,0.39269908169875245,0.0
-1.0775000000000006,0.3926990816987497,0.3926990816987497,0.0
-1.0724999999999998,0.3926990816987481,0.3926990816987481,0.0
-1.067499999999999,0.0,0.0,0.0
-1.0625,0.39269908169875184,0.39269908169875184,0.0
-1.0574999999999992,0.392699081698744,0.392699081698744,0.0
-1.0525000000000002,0.39269908169873685,0.39269908169873685,0.0
-1.0474999999999994,0.39269908169874707,0.39269908169874707,0.0
-1.0425000000000004,0.3926990816987599,0.3926990816987599,0.0
-1.0374999999999996,0.3926990816987664,0.3926990816987664,0.0
-1.0325000000000006,0.0,0.0,0.0
-1.0274999999999999,0.3926990816987616,0.3926990816987616,0.0
-1.022499999999999,0.3926990816987539,0.3926990816987539,0.0
-1.0175,0.39269908169874773,0.39269908169874773,0.0
-1.0124999999999993,0.39269908169875095,0.39269908169875095,0.0
-1.0075000000000003,0.39269908169875234,0.39269908169875234,0.0
-1.0024999999999995,0.3926990816987511,0.3926990816987511,0.0
-0.9975000000000005,0.0,0.0,0.0
-0.9924999999999997,0.3926990816987514,0.3926990816987514,0.0
-0.9874999999999989,0.39269908169875434,0.39269908169875434,0.0
-0.9824999999999999,0.3926990816987571,0.3926990816987571,0.0
-0.9774999999999991,0.39269908169875417,0.39269908169875417,0.0
-0.9725000000000001,0.3926990816987594,0.3926990816987594,0.0
-0.9674999999999994,0.3926990816987608,0.3926990816987608,0.0
-0.9625000000000004,0.0,0.0,0.0
-0.9574999999999996,0.3926990816987592,0.3926990816987592,0.0
-0.9525000000000006,0.3926990816987599,0.3926990816987599,0.0
-0.9474999999999998,0.3926990816987611,0.3926990816987611,0.0
-0.942499999999999,0.3926990816987691,0.3926990816987691,0.0
-0.9375,0.39269908169876244,0.39269908169876244,0.0
-0.9324999999999992,0.3926990816987554,0.3926990816987554,0.0
-0.9275000000000002,0.0,0.0,0.0
-0.9224999999999994,0.3926990816987511,0.3926990816987511,0.0
-0.9175000000000004,0.39269908169875367,0.39269908169875367,0.0
-0.9124999999999996,0.3926990816987559,0.3926990816987559,0.0
-0.9075000000000006,0.39269908169875894,0.39269908169875894,0.0
-0.9024999999999999,0.39269908169876416,0.39269908169876416,0.0
-0.8974999999999991,0.15705607073461011,0.15705607073461011,0.0
-0.8925000000000001,0.23564301096415888,0.23564301096415888,0.0
-0.8874999999999993,0.39269908169877393,0.39269908169877393,0.0
-0.8825000000000003,0.39269908169878115,0.39269908169878115,0.0
-0.8774999999999995,0.3926990816987856,0.3926990816987856,0.0
-0.8725000000000005,0.3926990816987724,0.3926990816987724,0.0
-0.8674999999999997,0.3926990816987602,0.3926990816987602,0.0
-0.8624999999999989,0.0,0.0,0.0
-0.8574999999999999,0.39269908169875695,0.39269908169875695,0.0
-0.8524999999999991,0.392699081698754,0.392699081698754,0.0
-0.8475000000000001,0.39269908169875156,0.39269908169875156,0.0
-0.8424999999999994,0.39269908169875123,0.39269908169875123,0.0
-0.8375000000000004,0.3926990816987525,0.3926990816987525,0.0
-0.8324999999999996,0.3926990816987495,0.3926990816987495,0.0
-0.8275000000000006,0.0,0.0,0.0
-0.8224999999999998,0.39269908169875956,0.39269908169875956,0.0
-0.817499999999999,0.3926990816987674,0.3926990816987674,0.0
-0.8125,0.39269908169877327,0.39269908169877327,0.0
-0.8074999999999992,0.39269908169877116,0.39269908169877116,0.0
-0.8025000000000002,0.39269908169877377,0.39269908169877377,0.0
-0.7974999999999994,0.392699081698783,0.392699081698783,0.0
-0.7925000000000004,0.0,0.0,0.0
-0.7874999999999996,0.3926990816987833,0.3926990816987833,0.0
-0.7825000000000006,0.3926990816987743,0.3926990816987743,0.0
-0.7774999999999999,0.39269908169877077,0.39269908169877077,0.0
-0.7724999999999991,0.39269908169876816,0.39269908169876816,0.0
-0.7675000000000001,0.3926990816987644,0.3926990816987644,0.0
-0.7624999999999993,0.39269908169876105,0.39269908169876105,0.0
-0.7575000000000003,0.0,0.0,0.0
-0.7524999999999995,0.3926990816987594,0.3926990816987594,0.0
-0.7475000000000005,0.3926990816987605,0.3926990816987605,0.0
-0.7424999999999997,0.3926990816987653,0.3926990816987653,0.0
-0.7374999999999989,0.3926990816987657,0.3926990816987657,0.0
-0.7324999999999999,0.3926990816987634,0.3926990816987634,0.0
-0.7274999999999991,0.3926990816987625,0.3926990816987625,0.0
-0.7225000000000001,0.0,0.0,0.0
-0.7174999999999994,0.39269908169875417,0.39269908169875417,0.0
-0.7125000000000004,0.3926990816987506,0.3926990816987506,0.0
-0.7074999999999996,0.39269908169875156,0.39269908169875156,0.0
-0.7025000000000006,0.39269908169876094,0.39269908169876094,0.0
-0.6974999999999998,0.39269908169875173,0.39269908169875173,0.0
-0.692499999999999,0.3926990816987519,0.3926990816987519,0.0
-0.6875,0.0,0.0,0.0
-0.6824999999999992,0.39269908169876067,0.39269908169876067,0.0
-0.6775000000000002,0.39269908169876405,0.39269908169876405,0.0
-0.6724999999999994,0.3926990816987533,0.3926990816987533,0.0
-0.6675000000000004,0.39269908169873907,0.39269908169873907,0.0
-0.6624999999999996,0.39269908169873907,0.39269908169873907,0.0
-0.6575000000000006,0.39269908169874257,0.39269908169874257,0.0
-0.6524999999999999,0.0,0.0,0.0
-0.6474999999999991,0.39269908169875956,0.39269908169875956,0.0
-0.6425000000000001,0.3926990816987741,0.3926990816987741,0.0
-0.6374999999999993,0.39269908169877316,0.39269908169877316,0.0
-0.6325000000000003,0.39269908169877343,0.39269908169877343,0.0
-0.6274999999999995,0.39269908169877116,0.39269908169877116,0.0
-0.6225000000000005,0.3926990816987679,0.3926990816987679,0.0
-0.6174999999999997,0.0,0.0,0.0
-0.6124999999999989,0.3926990816987645,0.3926990816987645,0.0
-0.6074999999999999,0.39269908169876006,0.39269908169876006,0.0
-0.6024999999999991,0.39269908169873646,0.39269908169873646,0.0
-0.5975000000000001,0.3926990816987186,0.3926990816987186,0.0
-0.5924999999999994,0.39269908169871914,0.39269908169871914,0.0
-0.5875000000000004,0.0,0.0,0.0
-0.5824999999999996,0.3926990816987195,0.3926990816987195,0.0
-0.5775000000000006,0.39269908169872575,0.39269908169872575,0.0
-0.5724999999999998,0.39269908169873247,0.39269908169873247,0.0
-0.567499999999999,0.392699081698746,0.392699081698746,0.0
-0.5625,0.3926990816987384,0.3926990816987384,0.0
-0.5574999999999992,0.39269908169872253,0.39269908169872253,0.0
-0.5525000000000002,0.0,0.0,0.0
-0.5474999999999994,0.3926990816987181,0.3926990816987181,0.0
-0.5425000000000004,0.39269908169872286,0.39269908169872286,0.0
-0.5374999999999996,0.3926990816987238,0.3926990816987238,0.0
-0.5325000000000006,0.392699081698737,0.392699081698737,0.0
-0.5274999999999999,0.3926990816987526,0.3926990816987526,0.0
-0.5224999999999991,0.3926990816987585,0.3926990816987585,0.0
-0.5175000000000001,0.0,0.0,0.0
-0.5124999999999993,0.392699081698754,0.392699081698754,0.0
-0.5075000000000003,0.39269908169874873,0.39269908169874873,0.0
-0.5024999999999995,0.3926990816987417,0.3926990816987417,0.0
-0.4975000000000005,0.39269908169873025,0.39269908169873025,0.0
-0.4924999999999997,0.3926990816987317,0.3926990816987317,0.0
-0.48749999999999893,0.39269908169872675,0.39269908169872675,0.0
-0.48249999999999993,0.0,0.0,0.0
-0.47749999999999915,0.3926990816987141,0.3926990816987141,0.0
-0.47250000000000014,0.39269908169870854,0.39269908169870854,0.0
-0.46749999999999936,0.39269908169870854,0.39269908169870854,0.0
-0.46250000000000036,0.39269908169870854,0.39269908169870854,0.0
-0.4574999999999996,0.39269908169870854,0.39269908169870854,0.0
-0.45250000000000057,0.392699081698707,0.392699081698707,0.0
-0.4474999999999998,0.0,0.0,0.0
-0.442499999999999,0.39269908169868356,0.39269908169868356,0.0
-0.4375,0.39269908169867335,0.39269908169867335,0.0
-0.4324999999999992,0.3926990816986657,0.3926990816986657,0.0
-0.4275000000000002,0.3926990816986718,0.3926990816986718,0.0
-0.42249999999999943,0.3926990816986802,0.3926990816986802,0.0
-0.4175000000000004,0.39269908169868184,0.39269908169868184,0.0
-0.41249999999999964,0.0,0.0,0.0
-0.40750000000000064,0.39269908169867584,0.39269908169867584,0.0
-0.40249999999999986,0.3926990816986869,0.3926990816986869,0.0
-0.3974999999999991,0.39269908169869816,0.39269908169869816,0.0
-0.39250000000000007,0.39269908169870854,0.39269908169870854,0.0
-0.3874999999999993,0.39269908169870854,0.39269908169870854,0.0
-0.3825000000000003,0.39269908169870865,0.39269908169870865,0.0
-0.3774999999999995,0.0,0.0,0.0
-0.3725000000000005,0.39269908169870854,0.39269908169870854,0.0
-0.3674999999999997,0.39269908169870854,0.39269908169870854,0.0
-0.36249999999999893,0.39269908169870854,0.39269908169870854,0.0
-0.35749999999999993,0.39269908169870316,0.39269908169870316,0.0
-0.35249999999999915,0.3926990816986894,0.3926990816986894,0.0
-0.34750000000000014,0.39269908169864914,0.39269908169864914,0.0
-0.34249999999999936,0.0,0.0,0.0
-0.33750000000000036,0.3926990816986387,0.3926990816986387,0.0
-0.3324999999999996,0.39269908169863277,0.39269908169863277,0.0
-0.32750000000000057,0.3926990816986213,0.3926990816986213,0.0
-0.3224999999999998,0.39269908169861417,0.39269908169861417,0.0
-0.317499999999999,0.3926990816986006,0.3926990816986006,0.0
-0.3125,0.39269908169859474,0.39269908169859474,0.0
-0.3074999999999992,0.0,0.0,0.0
-0.3025000000000002,0.39269908169859474,0.39269908169859474,0.0
-0.29749999999999943,0.3926990816985967,0.3926990816985967,0.0
-0.2925000000000004,0.3926990816986213,0.3926990816986213,0.0
-0.28749999999999964,0.39269908169863516,0.39269908169863516,0.0
-0.28250000000000064,0.3926990816986481,0.3926990816986481,0.0
-0.27749999999999986,0.0,0.0,0.0
-0.2724999999999991,0.392699081698655,0.392699081698655,0.0
-0.26750000000000007,0.39269908169868967,0.39269908169868967,0.0
-0.2624999999999993,0.39269908169870016,0.39269908169870016,0.0
-0.2575000000000003,0.39269908169865997,0.39269908169865997,0.0
-0.2524999999999995,0.3926990816986388,0.3926990816986388,0.0
-0.2475000000000005,0.3926990816986311,0.3926990816986311,0.0
-0.24249999999999972,0.0,0.0,0.0
-0.23749999999999893,0.392699081698618,0.392699081698618,0.0
-0.23249999999999993,0.3926990816986036,0.3926990816986036,0.0
-0.22749999999999915,0.39269908169859474,0.39269908169859474,0.0
-0.22250000000000014,0.39269908169859474,0.39269908169859474,0.0
-0.21749999999999936,0.39269908169859474,0.39269908169859474,0.0
-0.21250000000000036,0.3926990816985947,0.3926990816985947,0.0
-0.20749999999999957,0.0,0.0,0.0
-0.20250000000000057,0.39269908169859474,0.39269908169859474,0.0
-0.1974999999999998,0.39269908169859474,0.39269908169859474,0.0
-0.192499999999999,0.39269908169859474,0.39269908169859474,0.0
-0.1875,0.39269908169859474,0.39269908169859474,0.0
-0.18249999999999922,0.39269908169859474,0.39269908169859474,0.0
-0.1775000000000002,0.39269908169859474,0.39269908169859474,0.0
-0.17249999999999943,0.0,0.0,0.0
-0.16750000000000043,0.3926990816985739,0.3926990816985739,0.0
-0.16249999999999964,0.3926990816985258,0.3926990816985258,0.0
-0.15750000000000064,0.39269908169851503,0.39269908169851503,0.0
-0.15249999999999986,0.3926990816985255,0.3926990816985255,0.0
-0.14749999999999908,0.3926990816985323,0.3926990816985323,0.0
-0.14250000000000007,0.3926990816985539,0.3926990816985539,0.0
-0.1374999999999993,0.0,0.0,0.0
-0.13250000000000028,0.39269908169859474,0.39269908169859474,0.0
-0.1274999999999995,0.39269908169859474,0.39269908169859474,0.0
-0.1225000000000005,0.39269908169859474,0.39269908169859474,0.0
-0.11749999999999972,0.39269908169859474,0.39269908169859474,0.0
-0.11249999999999893,0.39269908169859474,0.39269908169859474,0.0
-0.10749999999999993,0.39269908169859474,0.39269908169859474,0.0
-0.10249999999999915,0.0,0.0,0.0
-0.09750000000000014,0.39269908169859474,0.39269908169859474,0.0
-0.09249999999999936,0.39269908169859474,0.39269908169859474,0.0
-0.08750000000000036,0.39269908169859474,0.39269908169859474,0.0
-0.08249999999999957,0.39269908169859474,0.39269908169859474,0.0
-0.07750000000000057,0.392699081698531,0.392699081698531,0.0
-0.07249999999999979,0.39269908169850515,0.39269908169850515,0.0
-0.067499999999999,0.0,0.0,0.0
-0.0625,0.3926990816984809,0.3926990816984809,0.0
-0.05749999999999922,0.3926990816984809,0.3926990816984809,0.0
-0.05250000000000021,0.3926990816984809,0.3926990816984809,0.0
-0.04749999999999943,0.3926990816984809,0.3926990816984809,0.0
-0.042500000000000426,0.3926990816984809,0.3926990816984809,0.0
-0.037499999999999645,0.3926990816984809,0.3926990816984809,0.0
-0.03250000000000064,0.0,0.0,0.0
-0.027499999999999858,0.3926990816984809,0.3926990816984809,0.0
-0.022499999999999076,0.3926990816984809,0.3926990816984809,0.0
-0.01750000000000007,0.3926990816984809,0.3926990816984809,0.0
-0.01249999999999929,0.3926990816984813,0.3926990816984813,0.0
-0.007500000000000284,0.39269908169857587,0.39269908169857587,0.0
-0.0024999999999995026,0.39269908169859474,0.39269908169859474,0.0
0.0024999999999995026,0.0,0.0,0.0
0.007500000000000284,0.39269908169859474,0.39269908169859474,0.0
0.012500000000001066,0.39269908169859474,0.39269908169859474,0.0
0.01750000000000007,0.3926990816984809,0.3926990816984809,0.0
0.022500000000000853,0.3926990816984809,0.3926990816984809,0.0
0.027499999999999858,0.3926990816984809,0.3926990816984809,0.0
0.03250000000000064,0.0,0.0,0.0
0.037499999999999645,0.3926990816984809,0.3926990816984809,0.0
0.042500000000000426,0.3926990816984809,0.3926990816984809,0.0
0.04749999999999943,0.3926990816984809,0.3926990816984809,0.0
0.05250000000000021,0.3926990816984809,0.3926990816984809,0.0
0.057500000000000995,0.3926990816984809,0.3926990816984809,0.0
