10.0 13.0 10000.0 0.9999999999995554
0.2 0.2789937807626159 1.45787370778404e-5 3.674084340515081e-6
0.8 0.07189344725696317 1.3988859889973327e-5 4.1172312425079985e-6
1.3 0.028628025670108064 1.2664091996364939e-5 4.615365487021041e-6
2.0 0.0089364484836343 1.1086910583641874e-5 5.358355732048976e-6
2.9 0.0022013408358587893 9.1131596700823e-6 6.085700294330322e-6
4.0 0.00045695294835819183 8.649213186070276e-6 7.017218098105169e-6
5.9 0.000401934820902139 8.218506249951368e-6 9.467772150343243e-6
7.0 0.0018860188594035886 8.953232924704798e-6 1.0061689459170208e-5
7.9 0.007619358075336962 1.0609987930903844e-5 1.2073780735693932e-5
8.6 0.024092128666876544 1.2762606869570803e-5 1.2642339914877738e-5
9.1 0.059232555810353416 1.3800933876591057e-5 1.3613693079204583e-5
9.7 0.21525210347028614 1.5709255552893234e-5 1.7915172040025537e-5
9.9 0.3689956429334066 1.1826557793722854e-5 2.6079702452701938e-5
1
0.02415932266964246
-0.010709703163104179
-0.03601596950447955
-0.12730373771910639
-0.2084504549335611
0.6384130972095229
-0.6925922188200234
0.18998780363806983
0.11370389776061206
0.015370171564524906
0.01050588056658386
0.007697919505267048
-0.0407623074261878
2
-0.0001195961505416151
-0.0001974013231981139
0.228156032634918
-0.01909541230152511
-0.624410226871551
-0.22018246410504463
0.16033268296805786
0.6573285305619632
0.05472710407761753
-0.21810892760726677
-0.009454531639825276
0.0235549972056868
0.014612843890510619
3
0.032372188686846125
0.07137712551153298
0.030093517551484154
0.6711317940764984
-0.07860723026269525
0.08959509352151962
-0.12207399334048122
0.050202863423952145
-0.7076561707287663
-0.013433812676487474
-0.07588999066482682
-0.06184387911965514
-0.019063011158085945
4
0.0843743446210184
0.04491075321950448
-0.6718330892994151
-0.004741567604595996
-0.20428582685098293
-0.1234604140013264
0.05669324855897294
0.2063508099951093
-0.01922424093731986
0.6553727442865124
0.005673542362105677
-0.05694403243181925
-0.05961577369227479
5
0.06227447813828899
-0.682973292553977
-0.0399599943270112
0.08704714098234763
-0.003367237720636403
0.0008837857902178441
0.010000514644464607
0.019889065693195172
-0.057118433929248966
-0.025179107050724566
0.7155413494504379
-0.030101701329737118
-0.0564413183188984
6
-0.7612507503554894
-0.034183449741527795
-0.09272161935880642
0.08571630223195738
-0.014354734652619173
-0.0014206927917286441
-0.04467770369373902
0.03153273142386506
-0.009657554358527755
0.07264722141376036
0.07256209253615545
0.4492549620082046
0.43326614367064936
7
-0.11410876132549122
-0.058125795960362193
0.0974885619719318
-0.08599996224599907
-0.09629025448285243
0.04772946173764059
0.08725780234709896
-0.09569689273857275
-0.11786542786658681
0.09772045975371185
-0.07033956171621816
0.5769167142254197
-0.7597083248187642
8
-0.04122667013729804
0.18247093412032797
-0.18160078538961102
0.1510827393885862
-0.4637360737144338
0.4840371379331854
0.47674618807280367
-0.38995801420759446
0.14780634198679438
-0.16577225956563363
0.15521294348084322
-0.08027473985808056
0.025305224159683105
9
0.03926102266202338
0.07535439083998106
-0.1933092329213493
0.35899368901430745
-0.2715554078495284
-0.4829845357619797
-0.4498145847911017
-0.33818566005812944
0.36004124845558505
-0.22922634738259612
0.04418056921802028
0.07837032196365079
-0.112017891132201
10
0.1128723200155904
-0.439855561374863
0.4032994819503045
0.025546812915494578
-0.34952206268835556
-0.019012465870547102
-0.02215262569844773
-0.33686510398393527
0.042220733767231414
0.4510222825503195
-0.3640596285631291
0.004464049534383736
0.23711768983781442
11
0.12440886495484342
-0.29687243112475925
-0.12629206395237402
0.5107127277232465
0.2955828903447433
0.22212477255283167
0.19109953185561576
0.2958136688248573
0.46066125214451226
-0.0680726757216142
-0.33356194795315175
0.17341219856602666
-0.026468070510364823
12
0.441457548419253
-0.1702619172293044
-0.3582761919500036
-0.258773006866645
-0.07445754807084155
-0.008129558408805105
0.007000426229993783
-0.07805530215960718
-0.28210114686684284
-0.35054175423949596
-0.17666321424742484
0.47769535251441086
0.32739248880479976
13
-0.41049255735811235
-0.41497561018093215
-0.3120495848652034
-0.17470607171914124
-0.07339578651163246
-0.03263055924371053
-0.010216112181345173
-0.0515928393943849
-0.14364068154446727
-0.30996417116171515
-0.4132076554100486
-0.4311369597652129
-0.22101128056232128
