omega,S,S_edge,S_cont,Sr,Sr_edge,Sr_cont
-1.5175,0.0,0.0,0.0
-1.5124999999999993,0.0027184201231512475,0.0027184201231512475,0.0
-1.5075000000000003,0.050747402770497385,0.050747402770497385,0.0
-1.5024999999999995,0.24813995238085143,0.24813995238085143,0.0
-1.4975000000000005,0.6112332932306742,0.6112332932306742,0.0
-1.4924999999999997,0.9942047474368154,0.9942047474368154,0.0
-1.4875000000000007,1.2593922381931006,1.2593922381931006,0.0
-1.4825,1.40577569036491,1.40577569036491,0.0
-1.4774999999999991,1.3926642534251534,1.3926642534251534,0.0
-1.4725000000000001,1.1806061209893162,1.1806061209893162,0.0
-1.4674999999999994,1.0003679239046277,1.0003679239046277,0.0
-1.4625000000000004,0.8583478297693891,0.8583478297693891,0.0
-1.4574999999999996,0.7731208193072148,0.7731208193072148,0.0
-1.4525000000000006,0.7090803955415842,0.7090803955415842,0.0
-1.4474999999999998,0.6630114525508137,0.6630114525508137,0.0
-1.442499999999999,0.6220589073556796,0.6220589073556796,0.0
-1.4375,0.5900787507791975,0.5900787507791975,0.0
-1.4324999999999992,0.5597809170687128,0.5597809170687128,0.0
-1.4275000000000002,0.534332445778309,0.534332445778309,0.0
-1.4224999999999994,0.5128574608761655,0.5128574608761655,0.0
-1.4175000000000004,0.4928031041719751,0.4928031041719751,0.0
-1.4124999999999996,0.4750772959426255,0.4750772959426255,0.0
-1.4075000000000006,0.4598455981209606,0.4598455981209606,0.0
-1.4024999999999999,0.4433054269590757,0.4433054269590757,0.0
-1.397499999999999,0.43089362270327314,0.43089362270327314,0.0
-1.3925,0.41741901765276124,0.41741901765276124,0.0
-1.3874999999999993,0.40749064238962135,0.40749064238962135,0.0
-1.3825000000000003,0.39527644431172954,0.39527644431172954,0.0
-1.3774999999999995,0.3843440160365024,0.3843440160365024,0.0
-1.3725000000000005,0.37697383967118075,0.37697383967118075,0.0
-1.3674999999999997,0.365074743336444,0.365074743336444,0.0
-1.362499999999999,0.3580730757893884,0.3580730757893884,0.0
-1.3575,0.3512316294676659,0.3512316294676659,0.0
-1.3524999999999991,0.3427505859400349,0.3427505859400349,0.0
-1.3475000000000001,0.3338155822739602,0.3338155822739602,0.0
-1.3424999999999994,0.32789807835165846,0.32789807835165846,0.0
-1.3375000000000004,0.3216975169312683,0.3216975169312683,0.0
-1.3324999999999996,0.31551297763341146,0.31551297763341146,0.0
-1.3275000000000006,0.30946195602333215,0.30946195602333215,0.0
-1.3224999999999998,0.30394500516436307,0.30394500516436307,0.0
-1.317499999999999,0.2980648861946391,0.2980648861946391,0.0
-1.3125,0.2922488557150483,0.2922488557150483,0.0
-1.3074999999999992,0.28728199772972285,0.28728199772972285,0.0
-1.3025000000000002,0.28257149370493034,0.28257149370493034,0.0
-1.2974999999999994,0.27826688345098155,0.27826688345098155,0.0
-1.2925000000000004,0.27323593697552284,0.27323593697552284,0.0
-1.2874999999999996,0.26873372054366335,0.26873372054366335,0.0
-1.2825000000000006,0.26463739788264756,0.26463739788264756,0.0
-1.2774999999999999,0.2598788274902551,0.2598788274902551,0.0
-1.272499999999999,0.2558198897818171,0.2558198897818171,0.0
-1.2675,0.25266887235026647,0.25266887235026647,0.0
-1.2624999999999993,0.24918139034551637,0.24918139034551637,0.0
-1.2575000000000003,0.24580072249098847,0.24580072249098847,0.0
-1.2524999999999995,0.2412878246441067,0.2412878246441067,0.0
-1.2475000000000005,0.23818487358015608,0.23818487358015608,0.0
-1.2424999999999997,0.23422206860691788,0.23422206860691788,0.0
-1.237499999999999,0.23153569272883331,0.23153569272883331,0.0
-1.2325,0.22832058680714948,0.22832058680714948,0.0
-1.2274999999999991,0.22518025079062107,0.22518025079062107,0.0
-1.2225000000000001,0.22242444571489214,0.22242444571489214,0.0
-1.2174999999999994,0.21924138403827492,0.21924138403827492,0.0
-1.2125000000000004,0.21740952136196676,0.21740952136196676,0.0
-1.2074999999999996,0.21222369436868607,0.21222369436868607,0.0
-1.2025000000000006,0.21029035824966694,0.21029035824966694,0.0
-1.1974999999999998,0.20812737170767034,0.20812737170767034,0.0
-1.192499999999999,0.2059270002130961,0.2059270002130961,0.0
-1.1875,0.20295222612941188,0.20295222612941188,0.0
-1.1824999999999992,0.20067708472968213,0.20067708472968213,0.0
-1.1775000000000002,0.19821501856706378,0.19821501856706378,0.0
-1.1724999999999994,0.1947115144397805,0.1947115144397805,0.0
-1.1675000000000004,0.19238296596493973,0.19238296596493973,0.0
-1.1624999999999996,0.19180082884622957,0.19180082884622957,0.0
-1.1575000000000006,0.18945625824885548,0.18945625824885548,0.0
-1.1524999999999999,0.18563231167090594,0.18563231167090594,0.0
-1.147499999999999,0.183864537484731,0.183864537484731,0.0
-1.1425,0.18257742697455526,0.18257742697455526,0.0
-1.1374999999999993,0.18070283863815823,0.18070283863815823,0.0
-1.1325000000000003,0.17837963087082856,0.17837963087082856,0.0
-1.1274999999999995,0.17467317985812333,0.17467317985812333,0.0
-1.1225000000000005,0.17450761792527916,0.17450761792527916,0.0
-1.1174999999999997,0.1738827551464801,0.1738827551464801,0.0
-1.112499999999999,0.1687823794733771,0.1687823794733771,0.0
-1.1075,0.16812013174200036,0.16812013174200036,0.0
-1.1024999999999991,0.16871829098324387,0.16871829098324387,0.0
-1.0975000000000001,0.16324406578436368,0.16324406578436368,0.0
-1.0924999999999994,0.16417334889129553,0.16417334889129553,0.0
-1.0875000000000004,0.16147629159818866,0.16147629159818866,0.0
-1.0824999999999996,0.1588700263327706,0.1588700263327706,0.0
-1.0775000000000006,0.1582718670915271,0.1582718670915271,0.0
-1.0724999999999998,0.15765768572775027,0.15765768572775027,0.0
-1.067499999999999,0.15472029659664382,0.15472029659664382,0.0
-1.0625,0.15320353566349065,0.15320353566349065,0.0
-1.0574999999999992,0.15188972161575942,0.15188972161575942,0.0
-1.0525000000000002,0.1501860359197177,0.1501860359197177,0.0
-1.0474999999999994,0.1484075803185205,0.1484075803185205,0.0
-1.0425000000000004,0.148071115745321,0.148071115745321,0.0
-1.0374999999999996,0.1445729523255488,0.1445729523255488,0.0
-1.0325000000000006,0.14581733717563572,0.14581733717563572,0.0
-1.0274999999999999,0.14162488177942012,0.14162488177942012,0.0
-1.022499999999999,0.14293335511964028,0.14293335511964028,0.0
-1.0175,0.13926962976702384,0.13926962976702384,0.0
-1.0124999999999993,0.14009209872373368,0.14009209872373368,0.0
-1.0075000000000003,0.13674347511427232,0.13674347511427232,0.0
-1.0024999999999995,0.13752855911840442,0.13752855911840442,0.0
-0.9975000000000005,0.1340570992361877,0.1340570992361877,0.0
-0.9924999999999997,0.13465525847743115,0.13465525847743115,0.0
-0.9874999999999989,0.13220387372983503,0.13220387372983503,0.0
-0.9824999999999999,0.13217717019227954,0.13217717019227954,0.0
-0.9774999999999991,0.12970442261463902,0.12970442261463902,0.0
-0.9725000000000001,0.12925580318370639,0.12925580318370639,0.0
-0.9674999999999994,0.1275254139501091,0.1275254139501091,0.0
-0.9625000000000004,0.12663351579575496,0.12663351579575496,0.0
-0.9574999999999996,0.12511675486260185,0.12511675486260185,0.0
-0.9525000000000006,0.12462006906406929,0.12462006906406929,0.0
-0.9474999999999998,0.1224036754469617,0.1224036754469617,0.0
-0.942499999999999,0.1234664762416711,0.1234664762416711,0.0
-0.9375,0.12039556942278708,0.12039556942278708,0.0
-0.9324999999999992,0.1199950163594544,0.1199950163594544,0.0
-0.9275000000000002,0.11916720669523347,0.11916720669523347,0.0
-0.9224999999999994,0.11581324237826097,0.11581324237826097,0.0
-0.9175000000000004,0.12050238357300914,0.12050238357300914,0.0
-0.9124999999999996,0.11115080472106836,0.11115080472106836,0.0
-0.9075000000000006,0.11961582612616609,0.11961582612616609,0.0
-0.9024999999999999,0.10938303053489339,0.10938303053489339,0.0
-0.8974999999999991,0.11432318498266333,0.11432318498266333,0.0
-0.8925000000000001,0.11392263191933065,0.11392263191933065,0.0
-0.8874999999999993,0.10671801748685318,0.10671801748685318,0.0
-0.8825000000000003,0.11478248582861819,0.11478248582861819,0.0
-0.8774999999999995,0.10295815939903691,0.10295815939903691,0.0
-0.8725000000000005,0.1127904019269769,0.1127904019269769,0.0
-0.8674999999999997,0.10536147777903311,0.10536147777903311,0.0
-0.8624999999999989,0.10505705745090027,0.10505705745090027,0.0
-0.8574999999999999,0.1085498801631614,0.1085498801631614,0.0
-0.8524999999999991,0.09995134107028612,0.09995134107028612,0.0
-0.8475000000000001,0.10845908813547264,0.10845908813547264,0.0
-0.8424999999999994,0.09963623932713106,0.09963623932713106,0.0
-0.8375000000000004,0.09998872602286384,0.09998872602286384,0.0
-0.8324999999999996,0.10604508834045423,0.10604508834045423,0.0
-0.8275000000000006,0.09464801851176119,0.09464801851176119,0.0
-0.8224999999999998,0.10266976119343736,0.10266976119343736,0.0
-0.817499999999999,0.09951340305437574,0.09951340305437574,0.0
-0.8125,0.09219129305665398,0.09219129305665398,0.0
-0.8074999999999992,0.10336405316988073,0.10336405316988073,0.0
-0.8025000000000002,0.09363328408465169,0.09363328408465169,0.0
-0.7974999999999994,0.09154506744781056,0.09154506744781056,0.0
-0.7925000000000004,0.10119038521286193,0.10119038521286193,0.0
-0.7874999999999996,0.09047692594559001,0.09047692594559001,0.0
-0.7825000000000006,0.09063714717092308,0.09063714717092308,0.0
-0.7774999999999999,0.09732905368233472,0.09732905368233472,0.0
-0.7724999999999991,0.08816439959328257,0.08816439959328257,0.0
-0.7675000000000001,0.09027931976767922,0.09027931976767922,0.0
-0.7624999999999993,0.09357987700954065,0.09357987700954065,0.0
-0.7575000000000003,0.08698944394083998,0.08698944394083998,0.0
-0.7524999999999995,0.08801485978297169,0.08801485978297169,0.0
-0.7475000000000005,0.09101633740421139,0.09101633740421139,0.0
-0.7424999999999997,0.08538723168750918,0.08538723168750918,0.0
-0.7374999999999989,0.08586789536350843,0.08586789536350843,0.0
-0.7324999999999999,0.08812167393319374,0.08812167393319374,0.0
-0.7274999999999991,0.08489054588897664,0.08489054588897664,0.0
-0.7225000000000001,0.0834058292008901,0.0834058292008901,0.0
-0.7174999999999994,0.08485316093639893,0.08485316093639893,0.0
-0.7125000000000004,0.08493327154906546,0.08493327154906546,0.0
-0.7074999999999996,0.08123216124387132,0.08123216124387132,0.0
-0.7025000000000006,0.08145113025182654,0.08145113025182654,0.0
-0.6974999999999998,0.08369956811400076,0.08369956811400076,0.0
-0.692499999999999,0.0807942232279609,0.0807942232279609,0.0
-0.6875,0.07788887834192107,0.07788887834192107,0.0
-0.6824999999999992,0.08152590015698197,0.08152590015698197,0.0
-0.6775000000000002,0.08109330284858267,0.08109330284858267,0.0
-0.6724999999999994,0.07533067944410288,0.07533067944410288,0.0
-0.6675000000000004,0.07832147565032037,0.07832147565032037,0.0
-0.6624999999999996,0.07985425870600682,0.07985425870600682,0.0
-0.6575000000000006,0.07671926339698958,0.07671926339698958,0.0
-0.6524999999999999,0.07403288751890494,0.07403288751890494,0.0
-0.6474999999999991,0.07740821466592182,0.07740821466592182,0.0
-0.6425000000000001,0.07787819692689886,0.07787819692689886,0.0
-0.6374999999999993,0.07080175947468785,0.07080175947468785,0.0
-0.6325000000000003,0.07458832110005963,0.07458832110005963,0.0
-0.6274999999999995,0.07604633425059064,0.07604633425059064,0.0
-0.6225000000000005,0.0731249672420175,0.0731249672420175,0.0
-0.6174999999999997,0.0711168612178429,0.0711168612178429,0.0
-0.6124999999999989,0.07201410007970814,0.07201410007970814,0.0
-0.6074999999999999,0.07306087875188426,0.07306087875188426,0.0
-0.6024999999999991,0.07111686121784289,0.07111686121784289,0.0
-0.5975000000000001,0.0703264365061997,0.0703264365061997,0.0
-0.5924999999999994,0.06809936147406989,0.06809936147406989,0.0
-0.5875000000000004,0.0710634541427319,0.0710634541427319,0.0
-0.5824999999999996,0.07219568413508563,0.07219568413508563,0.0
-0.5775000000000006,0.06673214035122761,0.06673214035122761,0.0
-0.5724999999999998,0.0646866493744753,0.0646866493744753,0.0
-0.567499999999999,0.07020894094095545,0.07020894094095545,0.0
-0.5625,0.07282054691388465,0.07282054691388465,0.0
-0.5574999999999992,0.0630737557061223,0.0630737557061223,0.0
-0.5525000000000002,0.06044078690314869,0.06044078690314869,0.0
-0.5474999999999994,0.07057744975922153,0.07057744975922153,0.0
-0.5425000000000004,0.07213693635246352,0.07213693635246352,0.0
-0.5374999999999996,0.060846680673992494,0.060846680673992494,0.0
-0.5325000000000006,0.05714557036879835,0.05714557036879835,0.0
-0.5274999999999999,0.07059347188175484,0.07059347188175484,0.0
-0.5224999999999991,0.06984043212268937,0.06984043212268937,0.0
-0.5175000000000001,0.05877982686719577,0.05877982686719577,0.0
-0.5124999999999993,0.057209658858931596,0.057209658858931596,0.0
-0.5075000000000003,0.06662532620100557,0.06662532620100557,0.0
-0.5024999999999995,0.06851059595242481,0.06851059595242481,0.0
-0.4975000000000005,0.05677172084302116,0.05677172084302116,0.0
-0.4924999999999997,0.05759953050724209,0.05759953050724209,0.0
-0.48749999999999893,0.0648842555523861,0.0648842555523861,0.0
-0.48249999999999993,0.06526878649318549,0.06526878649318549,0.0
-0.47749999999999915,0.05689989782328764,0.05689989782328764,0.0
-0.47250000000000014,0.054080004257425436,0.054080004257425436,0.0
-0.46749999999999936,0.06526344578567439,0.06526344578567439,0.0
-0.46250000000000036,0.063266021176522,0.063266021176522,0.0
-0.4574999999999996,0.05655275183506596,0.05655275183506596,0.0
-0.45250000000000057,0.05095569036343039,0.05095569036343039,0.0
-0.4474999999999998,0.06094281340919235,0.06094281340919235,0.0
-0.442499999999999,0.06636897224047263,0.06636897224047263,0.0
-0.4375,0.055949251886311356,0.055949251886311356,0.0
-0.4324999999999992,0.05018128777432051,0.05018128777432051,0.0
-0.4275000000000002,0.05515882717466817,0.05515882717466817,0.0
-0.42249999999999943,0.06302568933852239,0.06302568933852239,0.0
-0.4175000000000004,0.0606544152035928,0.0606544152035928,0.0
-0.41249999999999964,0.049823460371076614,0.049823460371076614,0.0
-0.40750000000000064,0.05148442040702954,0.05148442040702954,0.0
-0.40249999999999986,0.05695864560590977,0.05695864560590977,0.0
-0.3974999999999991,0.06131132222745842,0.06131132222745842,0.0
-0.39250000000000007,0.05334298662089327,0.05334298662089327,0.0
-0.3874999999999993,0.04912916839463328,0.04912916839463328,0.0
-0.3825000000000003,0.05378092463680369,0.05378092463680369,0.0
-0.3774999999999995,0.058576879981773855,0.058576879981773855,0.0
-0.3725000000000005,0.05551131387040093,0.05551131387040093,0.0
-0.3674999999999997,0.048290677315390156,0.048290677315390156,0.0
-0.36249999999999893,0.049599150655610304,0.049599150655610304,0.0
-0.35749999999999993,0.055564720945511965,0.055564720945511965,0.0
-0.35249999999999915,0.05704943763359851,0.05704943763359851,0.0
-0.34750000000000014,0.05212530530836185,0.05212530530836185,0.0
-0.34249999999999936,0.045022164318595334,0.045022164318595334,0.0
-0.33750000000000036,0.04767115524410225,0.04767115524410225,0.0
-0.3324999999999996,0.05851279149164064,0.05851279149164064,0.0
-0.32750000000000057,0.05511076080706825,0.05511076080706825,0.0
-0.3224999999999998,0.05013856211423168,0.05013856211423168,0.0
-0.317499999999999,0.04389527503375267,0.04389527503375267,0.0
-0.3125,0.04390595644877489,0.04390595644877489,0.0
-0.3074999999999992,0.056136176649199954,0.056136176649199954,0.0
-0.3025000000000002,0.056483322637421625,0.056483322637421625,0.0
-0.29749999999999943,0.04949233650538826,0.04949233650538826,0.0
-0.2925000000000004,0.044413323662329626,0.044413323662329626,0.0
-0.28749999999999964,0.04305144324699846,0.04305144324699846,0.0
-0.28250000000000064,0.04835476580552339,0.04835476580552339,0.0
-0.27749999999999986,0.05445919449071372,0.05445919449071372,0.0
-0.2724999999999991,0.05144169474694073,0.05144169474694073,0.0
-0.26750000000000007,0.04746820835868035,0.04746820835868035,0.0
-0.2624999999999993,0.04244794329824386,0.04244794329824386,0.0
-0.2575000000000003,0.046207801386060135,0.046207801386060135,0.0
-0.2524999999999995,0.04583395186028294,0.04583395186028294,0.0
-0.2475000000000005,0.04867520825618955,0.04867520825618955,0.0
-0.24249999999999972,0.05143635403942962,0.05143635403942962,0.0
-0.23749999999999893,0.04590872176543838,0.04590872176543838,0.0
-0.23249999999999993,0.04587133681286066,0.04587133681286066,0.0
-0.22749999999999915,0.04410890333419678,0.04410890333419678,0.0
-0.22250000000000014,0.04090981953504629,0.04090981953504629,0.0
-0.21749999999999936,0.045679071342460964,0.045679071342460964,0.0
-0.21250000000000036,0.04986618603116543,0.04986618603116543,0.0
-0.20749999999999957,0.049107805564588866,0.049107805564588866,0.0
-0.20250000000000057,0.04684334557988134,0.04684334557988134,0.0
-0.1974999999999998,0.03987906298540348,0.03987906298540348,0.0
-0.192499999999999,0.037908341913806605,0.037908341913806605,0.0
-0.1875,0.04338256711268682,0.04338256711268682,0.0
-0.18249999999999922,0.0467525535521926,0.0467525535521926,0.0
-0.1775000000000002,0.05196508408302879,0.05196508408302879,0.0
-0.17249999999999943,0.04620780138606012,0.04620780138606012,0.0
-0.16750000000000043,0.037881638376251095,0.037881638376251095,0.0
-0.16249999999999964,0.036418284518208964,0.036418284518208964,0.0
-0.15750000000000064,0.04244260259073276,0.04244260259073276,0.0
-0.15249999999999986,0.044365257294729704,0.044365257294729704,0.0
-0.14749999999999908,0.04887815514161146,0.04887815514161146,0.0
-0.14250000000000007,0.04764979241405784,0.04764979241405784,0.0
-0.1374999999999993,0.03650907654589771,0.03650907654589771,0.0
-0.13250000000000028,0.037187346399807746,0.037187346399807746,0.0
-0.1274999999999995,0.04180705839691153,0.04180705839691153,0.0
-0.1225000000000005,0.042784407871443324,0.042784407871443324,0.0
-0.11749999999999972,0.043649602488241956,0.043649602488241956,0.0
-0.11249999999999893,0.044370598002240816,0.044370598002240816,0.0
-0.10749999999999993,0.040418474444024854,0.040418474444024854,0.0
-0.10249999999999915,0.03563854122158797,0.03563854122158797,0.0
-0.09750000000000014,0.04159877080397853,0.04159877080397853,0.0
-0.09249999999999936,0.044333213049663096,0.044333213049663096,0.0
-0.08750000000000036,0.038746832993049714,0.038746832993049714,0.0
-0.08249999999999957,0.040829708922379755,0.040829708922379755,0.0
-0.07750000000000057,0.03855990823016112,0.03855990823016112,0.0
-0.07249999999999979,0.03789231979127329,0.03789231979127329,0.0
-0.067499999999999,0.04071221335713549,0.04071221335713549,0.0
-0.0625,0.04332381933006469,0.04332381933006469,0.0
-0.05749999999999922,0.03937169577184873,0.03937169577184873,0.0
-0.05250000000000021,0.03896046129349383,0.03896046129349383,0.0
-0.04749999999999943,0.03664259423367528,0.03664259423367528,0.0
-0.042500000000000426,0.0360978420675428,0.0360978420675428,0.0
-0.037499999999999645,0.03744370036034067,0.03744370036034067,0.0
-0.03250000000000064,0.042816452116509945,0.042816452116509945,0.0
-0.027499999999999858,0.04149195665375648,0.04149195665375648,0.0
-0.022499999999999076,0.03720336852234106,0.03720336852234106,0.0
-0.01750000000000007,0.03799913394149535,0.03799913394149535,0.0
-0.01249999999999929,0.03424995726870128,0.03424995726870128,0.0
-0.007500000000000284,0.03640760310318676,0.03640760310318676,0.0
-0.0024999999999995026,0.03665861635620858,0.03665861635620858,0.0
0.0024999999999995026,0.04067482840455777,0.04067482840455777,0.0
0.007500000000000284,0.03918477100896014,0.03918477100896014,0.0
0.012500000000001066,0.03684554111909718,0.03684554111909718,0.0
0.01750000000000007,0.03627408541540919,0.03627408541540919,0.0
0.022500000000000853,0.03518992179065535,0.03518992179065535,0.0
0.027499999999999858,0.036482373008342193,0.036482373008342193,0.0
0.03250000000000064,0.036055116407453985,0.036055116407453985,0.0
0.037499999999999645,0.03578808103189885,0.03578808103189885,0.0
0.042500000000000426,0.037048488004519084,0.037048488004519084,0.0
0.04749999999999943,0.03642896593323117,0.03642896593323117,0.0
0.05250000000000021,0.03525401028078859,0.03525401028078859,0.0
0.057500000000000995,0.03514719613056653,0.03514719613056653,0.0
0.0625,0.03819139941189505,0.03819139941189505,0.0
0.06750000000000078,0.03674940838389733,0.03674940838389733,0.0
0.07249999999999979,0.031285864600039306,0.031285864600039306,0.0
0.07750000000000057,0.03363577590492448,0.03363577590492448,0.0
0.08249999999999957,0.03562251909905468,0.03562251909905468,0.0
0.08750000000000036,0.0362901075379425,0.0362901075379425,0.0
0.09249999999999936,0.031504833607994526,0.031504833607994526,0.0
0.09750000000000014,0.035991027917320756,0.035991027917320756,0.0
0.10250000000000092,0.040803005384824245,0.040803005384824245,0.0
0.10749999999999993,0.03438347495647885,0.03438347495647885,0.0
0.11250000000000071,0.029325824943464644,0.029325824943464644,0.0
0.11749999999999972,0.030164316022707752,0.030164316022707752,0.0
0.1225000000000005,0.03647169159331999,0.03647169159331999,0.0
0.1274999999999995,0.032337983979726544,0.032337983979726544,0.0
0.13250000000000028,0.02971035588426403,0.02971035588426403,0.0
0.13750000000000107,0.03881092148318296,0.03881092148318296,0.0
0.14250000000000007,0.039654753269937164,0.039654753269937164,0.0
0.14750000000000085,0.033523621047191324,0.033523621047191324,0.0
0.15249999999999986,0.02894663471017636,0.02894663471017636,0.0
0.15750000000000064,0.03037260361564076,0.03037260361564076,0.0
0.16249999999999964,0.03216708133937125,0.03216708133937125,0.0
0.16750000000000043,0.027590095002356284,0.027590095002356284,0.0
0.17249999999999943,0.030474077058351708,0.030474077058351708,0.0
0.1775000000000002,0.03847445690998349,0.03847445690998349,0.0
0.182500000000001,0.03698439951438585,0.03698439951438585,0.0
0.1875,0.03559581556149916,0.03559581556149916,0.0
0.19250000000000078,0.03140870087279468,0.03140870087279468,0.0
0.1974999999999998,0.031157687619772854,0.031157687619772854,0.0
0.20250000000000057,0.02901606390782069,0.02901606390782069,0.0
0.20749999999999957,0.02300242725031911,0.02300242725031911,0.0
0.21250000000000036,0.026164126096891872,0.026164126096891872,0.0
0.21749999999999936,0.03760392158567375,0.03760392158567375,0.0
0.22250000000000014,0.03501901915030007,0.03501901915030007,0.0
0.22750000000000092,0.034661191747056196,0.034661191747056196,0.0
0.23249999999999993,0.03653578008345322,0.03653578008345322,0.0
0.2375000000000007,0.034463585569145395,0.034463585569145395,0.0
0.24249999999999972,0.029058789567909516,0.029058789567909516,0.0
0.2475000000000005,0.02145362207209934,0.02145362207209934,0.0
0.2524999999999995,0.020930232736011283,0.020930232736011283,0.0
0.2575000000000003,0.027413851654489896,0.027413851654489896,0.0
0.26250000000000107,0.034004284723190566,0.034004284723190566,0.0
0.26750000000000007,0.03399894401567947,0.03399894401567947,0.0
0.27250000000000085,0.03759858087816265,0.03759858087816265,0.0
0.27749999999999986,0.03829821356211711,0.03829821356211711,0.0
0.28250000000000064,0.033908151987990715,0.033908151987990715,0.0
0.28749999999999964,0.02643116147244701,0.02643116147244701,0.0
0.2925000000000004,0.01821715332037114,0.01821715332037114,0.0
0.29749999999999943,0.019792662036146418,0.019792662036146418,0.0
0.3025000000000002,0.02431624129805036,0.02431624129805036,0.0
0.307500000000001,0.03008420541004122,0.03008420541004122,0.0
0.3125,0.033496917509635814,0.033496917509635814,0.0
0.3175000000000008,0.041000611562735045,0.041000611562735045,0.0
0.3224999999999998,0.03855456752265002,0.03855456752265002,0.0
0.32750000000000057,0.03362509448990227,0.03362509448990227,0.0
0.3324999999999996,0.02683171453577971,0.02683171453577971,0.0
0.33750000000000036,0.01689265785761768,0.01689265785761768,0.0
0.34249999999999936,0.01882065326912574,0.01882065326912574,0.0
0.34750000000000014,0.020310710664723373,0.020310710664723373,0.0
0.3525000000000009,0.024668727993783137,0.024668727993783137,0.0
0.35749999999999993,0.03195879374643825,0.03195879374643825,0.0
0.3625000000000007,0.039115341811315804,0.039115341811315804,0.0
0.3674999999999997,0.04078164255477983,0.04078164255477983,0.0
0.3725000000000005,0.036391580980653454,0.036391580980653454,0.0
0.3774999999999995,0.026324347322224956,0.026324347322224956,0.0
0.3825000000000003,0.01931199836014718,0.01931199836014718,0.0
0.38750000000000107,0.0177311489368608,0.0177311489368608,0.0
0.39250000000000007,0.019376086850280413,0.019376086850280413,0.0
0.39750000000000085,0.019328020482680487,0.019328020482680487,0.0
0.40249999999999986,0.025688803128403742,0.025688803128403742,0.0
0.40750000000000064,0.03586819164456539,0.03586819164456539,0.0
0.41249999999999964,0.034960271367677945,0.034960271367677945,0.0
0.4175000000000004,0.039852359447847964,0.039852359447847964,0.0
0.42249999999999943,0.03497629349021125,0.03497629349021125,0.0
0.4275000000000002,0.022067803435876148,0.022067803435876148,0.0
0.432500000000001,0.017570927711527715,0.017570927711527715,0.0
0.4375,0.017255825968372662,0.017255825968372662,0.0
0.4425000000000008,0.0181423834152157,0.0181423834152157,0.0
0.4474999999999998,0.020834100000811435,0.020834100000811435,0.0
0.45250000000000057,0.0280280330182667,0.0280280330182667,0.0
0.4574999999999996,0.03192140879386053,0.03192140879386053,0.0
0.46250000000000036,0.030644979698707,0.030644979698707,0.0
0.46749999999999936,0.03594830225723193,0.03594830225723193,0.0
0.47250000000000014,0.035633200514076875,0.035633200514076875,0.0
0.4775000000000009,0.024925081954316065,0.024925081954316065,0.0
0.48249999999999993,0.019285294822591666,0.019285294822591666,0.0
0.4875000000000007,0.015803153525352737,0.015803153525352737,0.0
0.4924999999999997,0.015626910177486353,0.015626910177486353,0.0
0.4975000000000005,0.018414759498281936,0.018414759498281936,0.0
0.5024999999999995,0.026869099488357424,0.026869099488357424,0.0
0.5075000000000003,0.03057020979355156,0.03057020979355156,0.0
0.5125000000000011,0.02735510387186777,0.02735510387186777,0.0
0.5175000000000001,0.030260448757907607,0.030260448757907607,0.0
0.5225000000000009,0.032092311434215814,0.032092311434215814,0.0
0.5274999999999999,0.03060759474612928,0.03060759474612928,0.0
0.5325000000000006,0.025298931480093247,0.025298931480093247,0.0
0.5374999999999996,0.01727718879841707,0.01727718879841707,0.0
0.5425000000000004,0.01598473758073023,0.01598473758073023,0.0
0.5474999999999994,0.014745693438154416,0.014745693438154416,0.0
0.5525000000000002,0.019456197462946953,0.019456197462946953,0.0
0.557500000000001,0.025320294310137662,0.025320294310137662,0.0
0.5625,0.027654183492489517,0.027654183492489517,0.0
0.5675000000000008,0.027536687927245257,0.027536687927245257,0.0
0.5724999999999998,0.027921218868044648,0.027921218868044648,0.0
0.5775000000000006,0.028492674571732633,0.028492674571732633,0.0
0.5824999999999996,0.028893227635065334,0.028893227635065334,0.0
0.5875000000000004,0.023419002436185117,0.023419002436185117,0.0
0.5924999999999994,0.022158595463564894,0.022158595463564894,0.0
0.5975000000000001,0.01594735262815251,0.01594735262815251,0.0
0.6025000000000009,0.015391919046997835,0.015391919046997835,0.0
0.6074999999999999,0.018067613510060265,0.018067613510060265,0.0
0.6125000000000007,0.018697816996370374,0.018697816996370374,0.0
0.6174999999999997,0.023280144040896452,0.023280144040896452,0.0
0.6225000000000005,0.02660740482031339,0.02660740482031339,0.0
0.6274999999999995,0.0260039048715588,0.0260039048715588,0.0
0.6325000000000003,0.02870630287217674,0.02870630287217674,0.0
0.6375000000000011,0.026799670290713097,0.026799670290713097,0.0
0.6425000000000001,0.023525816586407174,0.023525816586407174,0.0
0.6475000000000009,0.022820843194941622,0.022820843194941622,0.0
0.6524999999999999,0.019573693028191213,0.019573693028191213,0.0
0.6575000000000006,0.01800352501992703,0.01800352501992703,0.0
0.6624999999999996,0.015840538477930457,0.015840538477930457,0.0
0.6675000000000004,0.016748458754817907,0.016748458754817907,0.0
0.6724999999999994,0.018046250680015856,0.018046250680015856,0.0
0.6775000000000002,0.01999026821405722,0.01999026821405722,0.0
0.682500000000001,0.02128271943174406,0.02128271943174406,0.0
0.6875,0.026244236709558416,0.026244236709558416,0.0
0.6925000000000008,0.026869099488357424,0.026869099488357424,0.0
0.6974999999999998,0.024593958088627695,0.024593958088627695,0.0
0.7025000000000006,0.02313594493809668,0.02313594493809668,0.0
0.7074999999999996,0.023419002436185117,0.023419002436185117,0.0
0.7125000000000004,0.018468166573392963,0.018468166573392963,0.0
0.7174999999999994,0.018211812612860034,0.018211812612860034,0.0
0.7225000000000001,0.015674976545086275,0.015674976545086275,0.0
0.7275000000000009,0.017079582620506274,0.017079582620506274,0.0
0.7324999999999999,0.017405365778683537,0.017405365778683537,0.0
0.7375000000000007,0.014158215611933124,0.014158215611933124,0.0
0.7424999999999997,0.01678584370739563,0.01678584370739563,0.0
0.7475000000000005,0.02207848485089835,0.02207848485089835,0.0
0.7524999999999995,0.02477554214400519,0.02477554214400519,0.0
0.7575000000000003,0.024156020072717284,0.024156020072717284,0.0
0.7625000000000011,0.023520475878896066,0.023520475878896066,0.0
0.7675000000000001,0.025176095207337885,0.025176095207337885,0.0
0.7725000000000009,0.021031706178722236,0.021031706178722236,0.0
0.7774999999999999,0.014825804050820953,0.014825804050820953,0.0
0.7825000000000006,0.01485784829588757,0.01485784829588757,0.0
0.7874999999999996,0.016540171161884904,0.016540171161884904,0.0
0.7925000000000004,0.015488051782197683,0.015488051782197683,0.0
0.7974999999999994,0.014606835042865746,0.014606835042865746,0.0
0.8025000000000002,0.014681604948021187,0.014681604948021187,0.0
0.807500000000001,0.014398547449932745,0.014398547449932745,0.0
0.8125,0.017480135683838972,0.017480135683838972,0.0
0.8175000000000008,0.02067387877547836,0.02067387877547836,0.0
0.8224999999999998,0.02054036108770079,0.02054036108770079,0.0
0.8275000000000006,0.023670015689206944,0.023670015689206944,0.0
0.8324999999999996,0.025186776622360095,0.025186776622360095,0.0
0.8375000000000004,0.02603594911662541,0.02603594911662541,0.0
0.8424999999999994,0.02072728585058938,0.02072728585058938,0.0
0.8475000000000001,0.016625622482062546,0.016625622482062546,0.0
0.8525000000000009,0.011984547654914345,0.011984547654914345,0.0
0.8574999999999999,0.009244764701718686,0.009244764701718686,0.0
0.8625000000000007,0.007503694053099223,0.007503694053099223,0.0
0.8674999999999997,0.009479755832207202,0.009479755832207202,0.0
0.8725000000000005,0.010531875211894423,0.010531875211894423,0.0
0.8774999999999995,0.012203516662869554,0.012203516662869554,0.0
0.8825000000000003,0.014361162497355024,0.014361162497355024,0.0
0.8875000000000011,0.015600206639930841,0.015600206639930841,0.0
0.8925000000000001,0.01959505585823562,0.01959505585823562,0.0
0.8975000000000009,0.022479037914231052,0.022479037914231052,0.0
0.9024999999999999,0.024407033325739107,0.024407033325739107,0.0
0.9075000000000006,0.023915688234717666,0.023915688234717666,0.0
0.9124999999999996,0.023872962574628846,0.023872962574628846,0.0
0.9175000000000004,0.029293780698398036,0.029293780698398036,0.0
0.9224999999999994,0.024310900590539263,0.024310900590539263,0.0
0.9275000000000002,0.017042197667928558,0.017042197667928558,0.0
0.932500000000001,0.00810719400185382,0.00810719400185382,0.0
0.9375,0.0047959553449701785,0.0047959553449701785,0.0
0.9425000000000008,0.0018211812612860029,0.0018211812612860029,0.0
0.9474999999999998,0.0004539601384437252,0.0004539601384437252,0.0
0.9525000000000006,0.00098803088955399,0.00098803088955399,0.0
0.9574999999999996,0.0019867431941301855,0.0019867431941301855,0.0
0.9625000000000004,0.00207753522181893,0.00207753522181893,0.0
0.9674999999999994,0.0035088448347944403,0.0035088448347944403,0.0
0.9725000000000001,0.0060563623175904045,0.0060563623175904045,0.0
0.9775000000000009,0.00824605239714249,0.00824605239714249,0.0
0.9824999999999999,0.012823038734157462,0.012823038734157462,0.0
0.9875000000000007,0.015477370367175478,0.015477370367175478,0.0
0.9924999999999997,0.022382905179031205,0.022382905179031205,0.0
0.9975000000000005,0.03231128044217103,0.03231128044217103,0.0
1.0024999999999995,0.03808992596918409,0.03808992596918409,0.0
1.0075000000000003,0.04333984145259801,0.04333984145259801,0.0
1.012500000000001,0.044776491773084605,0.044776491773084605,0.0
1.0175,0.0274085109469788,0.0274085109469788,0.0
1.0225000000000009,0.006627818021278387,0.006627818021278387,0.0
1.0274999999999999,0.00032578315817726155,0.00032578315817726155,0.0
