omega,S,S_edge,S_cont
0.6075,0,0,0
0.6125,0.0,0.0,0.0
0.6175,0.002407596844282448,0.002407596844282448,0.0
0.6225,0.04509228256270667,0.04509228256270667,0.0
0.6275000000000001,0.3652525045846831,0.3652525045846831,0.0
0.6325000000000001,1.3908386019814156,1.3908386019814156,0.0
0.6375000000000001,3.4575097014599465,3.4575097014599465,0.0
0.6425,5.403299376048482,5.403299376048482,0.0
0.6475,5.890285996072204,5.890285996072204,0.0
0.6525,4.842780735738966,4.842780735738966,0.0
0.6575,3.7250539007808348,3.7250539007808348,0.0
0.6625,3.388190975651646,3.388190975651646,0.0
0.6675,2.4310709135141964,2.4310709135141964,0.0
0.6725,2.9860721443888893,2.9860721443888893,0.0
0.6775,2.0325133192502745,2.0325133192502745,0.0
0.6825,2.5047534086027565,2.5047534086027565,0.0
0.6875,2.0657682506619253,2.0657682506619253,0.0
0.6925,1.8957317235344784,1.8957317235344784,0.0
0.6975,2.2884208004904623,2.2884208004904623,0.0
0.7025,1.564486524375287,1.564486524375287,0.0
0.7075,2.0037726319216533,2.0037726319216533,0.0
0.7125,1.9239206699196185,1.9239206699196185,0.0
0.7175,1.3331565942538155,1.3331565942538155,0.0
0.7225,2.024538154703589,2.024538154703589,0.0
0.7275,1.7123530972282988,1.7123530972282988,0.0
0.7325,1.1853401796683916,1.1853401796683916,0.0
0.7375,1.9340024817050514,1.9340024817050514,0.0
0.7425,1.6456426013346404,1.6456426013346404,0.0
0.7475,1.1094005625383163,1.1094005625383163,0.0
0.7525000000000001,1.6653548004972027,1.6653548004972027,0.0
0.7575000000000001,1.7624612065499277,1.7624612065499277,0.0
0.7625000000000001,1.0731361350713118,1.0731361350713118,0.0
0.7675000000000001,1.224463628387981,1.224463628387981,0.0
0.7725,1.8996440684064377,1.8996440684064377,0.0
0.7775,1.3691702303828737,1.3691702303828737,0.0
0.7825,0.7573396823295978,0.7573396823295978,0.0
0.7875,1.5438213181285287,1.5438213181285287,0.0
0.7925,1.8995437518712588,1.8995437518712588,0.0
0.7975,0.9633396873185143,0.9633396873185143,0.0
0.8025,0.6572237802215193,0.6572237802215193,0.0
0.8075,1.6918383657843095,1.6918383657843095,0.0
0.8125,1.9276825399888102,1.9276825399888102,0.0
0.8175,0.7046233430933299,0.7046233430933299,0.0
0.8225,0.5479790734122031,0.5479790734122031,0.0
0.8275,1.5984436715331867,1.5984436715331867,0.0
0.8325,2.105042174184283,2.105042174184283,0.0
0.8375,0.7051750840368112,0.7051750840368112,0.0
0.8425,0.3100282519689544,0.3100282519689544,0.0
0.8475,1.2859576644523618,1.2859576644523618,0.0
0.8525,2.2566706171064874,2.2566706171064874,0.0
0.8575,1.0996698586260074,1.0996698586260074,0.0
0.8625,0.1451078681356067,0.1451078681356067,0.0
0.8675,0.6568726723483945,0.6568726723483945,0.0
0.8725,2.00332120751335,2.00332120751335,0.0
0.8775000000000001,1.9212622817373903,1.9212622817373903,0.0
0.8825000000000001,0.37232482031476277,0.37232482031476277,0.0
0.8875000000000001,0.13868760988418682,0.13868760988418682,0.0
0.8925000000000001,1.0563331154289237,1.0563331154289237,0.0
0.8975,2.307982524850257,2.307982524850257,0.0
0.9025,1.3765434957184883,1.3765434957184883,0.0
0.9075,0.14365327837551947,0.14365327837551947,0.0
0.9125,0.18724081291054956,0.18724081291054956,0.0
0.9175,1.1933153442150763,1.1933153442150763,0.0
0.9225,2.324133487013985,2.324133487013985,0.0
0.9275,1.1877477765126736,1.1877477765126736,0.0
0.9325,0.12338933826947553,0.12338933826947553,0.0
0.9375,0.17630631057610008,0.17630631057610008,0.0
0.9425,1.008732919486756,1.008732919486756,0.0
0.9475,2.286815735927607,2.286815735927607,0.0
0.9525,1.3117390139932195,1.3117390139932195,0.0
0.9575,0.22872170020683258,0.22872170020683258,0.0
0.9625,0.1005673265163814,0.1005673265163814,0.0
0.9675,0.6340005023277114,0.6340005023277114,0.0
0.9725,1.9931390791927392,1.9931390791927392,0.0
0.9775,1.7460092947806645,1.7460092947806645,0.0
0.9825,0.5083038837491319,0.5083038837491319,0.0
0.9875,0.06174482740232692,0.06174482740232692,0.0
0.9925,0.27637205441658935,0.27637205441658935,0.0
0.9975,1.19888291191748,1.19888291191748,0.0
1.0025,2.1411059685809306,2.1411059685809306,0.0
1.0075,1.0986165350066341,1.0986165350066341,0.0
1.0125,0.25385099226903063,0.25385099226903063,0.0
1.0175,0.08536937143684846,0.08536937143684846,0.0
1.0225,0.4517755161760836,0.4517755161760836,0.0
1.0275,1.473549585236035,1.473549585236035,0.0
1.0325,1.9294882376220222,1.9294882376220222,0.0
1.0375,0.8728040143199767,0.8728040143199767,0.0
1.0425,0.20579937191856013,0.20579937191856013,0.0
1.0475,0.0974073556582607,0.0974073556582607,0.0
1.0525,0.45137425003536985,0.45137425003536985,0.0
1.0575,1.4436552577528614,1.4436552577528614,0.0
1.0625,1.8332846803859026,1.8332846803859026,0.0
1.0675000000000001,0.9201032606566086,0.9201032606566086,0.0
1.0725,0.2548039993532257,0.2548039993532257,0.0
1.0775000000000001,0.08562016277479455,0.08562016277479455,0.0
1.0825,0.30034770632423535,0.30034770632423535,0.0
1.0875000000000001,1.1346301711356923,1.1346301711356923,0.0
1.0925,1.7926564836386365,1.7926564836386365,0.0
1.0975,1.2723146156680947,1.2723146156680947,0.0
1.1025,0.37814317935511194,0.37814317935511194,0.0
1.1075,0.10362698083932372,0.10362698083932372,0.0
1.1125,0.13016070439401983,0.13016070439401983,0.0
1.1175,0.6220126763738884,0.6220126763738884,0.0
1.1225,1.4959703308484154,1.4959703308484154,0.0
1.1275,1.6825590862803042,1.6825590862803042,0.0
1.1325,0.8145201073813059,0.8145201073813059,0.0
1.1375,0.22300365770166167,0.22300365770166167,0.0
1.1425,0.06299878409205739,0.06299878409205739,0.0
1.1475,0.1961689845414303,0.1961689845414303,0.0
1.1525,0.776550298816268,0.776550298816268,0.0
1.1575,1.6170022305411968,1.6170022305411968,0.0
1.1625,1.5315325425691706,1.5315325425691706,0.0
1.1675,0.6686598652318609,0.6686598652318609,0.0
1.1725,0.18403068378483958,0.18403068378483958,0.0
1.1775,0.03807012510021619,0.03807012510021619,0.0
1.1825,0.18578622315046223,0.18578622315046223,0.0
1.1875,0.7244860170586601,0.7244860170586601,0.0
1.1925000000000001,1.5210494646430237,1.5210494646430237,0.0
1.1975,1.59247483769007,1.59247483769007,0.0
1.2025000000000001,0.7233825351716974,0.7233825351716974,0.0
1.2075,0.22340492384237548,0.22340492384237548,0.0
1.2125000000000001,0.022370587344791075,0.022370587344791075,0.0
1.2175,0.09946384462941862,0.09946384462941862,0.0
1.2225,0.5385994773730194,0.5385994773730194,0.0
1.2275,1.226319484288782,1.226319484288782,0.0
1.2325,1.7081398027508046,1.7081398027508046,0.0
1.2375,1.0050212076851541,1.0050212076851541,0.0
1.2425,0.3952973068706245,0.3952973068706245,0.0
1.2475,0.03220160779227773,0.03220160779227773,0.0
1.2525,0.01795665979693992,0.01795665979693992,0.0
1.2575,0.21387485300042408,0.21387485300042408,0.0
1.2625,0.837592910472346,0.837592910472346,0.0
1.2675,1.467329960054972,1.467329960054972,0.0
1.2725,1.4982776111575196,1.4982776111575196,0.0
1.2775,0.7764499822810896,0.7764499822810896,0.0
1.2825,0.20143560263829818,0.20143560263829818,0.0
1.2875,0.0032101291257099307,0.0032101291257099307,0.0
1.2925,0.031047967637725733,0.031047967637725733,0.0
1.2975,0.23057755610763359,0.23057755610763359,0.0
1.3025,0.9845566345087535,0.9845566345087535,0.0
1.3075,1.4733991104332673,1.4733991104332673,0.0
1.3125,1.3986632917253337,1.3986632917253337,0.0
1.3175000000000001,0.7512705319513022,0.7512705319513022,0.0
1.3225,0.14450596892453615,0.14450596892453615,0.0
1.3275000000000001,0.0035110787312452366,0.0035110787312452366,0.0
1.3325,0.029543219610049194,0.029543219610049194,0.0
1.3375000000000001,0.16637497359343495,0.16637497359343495,0.0
1.3425,0.8134166254943431,0.8134166254943431,0.0
1.3475,1.4585021049592697,1.4585021049592697,0.0
1.3525,1.4821266489937912,1.4821266489937912,0.0
1.3575,0.8579070088459793,0.8579070088459793,0.0
1.3625,0.20354224987704528,0.20354224987704528,0.0
1.3675,0.004263452745083501,0.004263452745083501,0.0
1.3725,0.021166788922649848,0.021166788922649848,0.0
1.3775,0.08622206198586516,0.08622206198586516,0.0
1.3825,0.4381826256594056,0.4381826256594056,0.0
1.3875,1.1581543986350356,1.1581543986350356,0.0
1.3925,1.6808035469146814,1.6808035469146814,0.0
1.3975,1.1655276639706504,1.1655276639706504,0.0
1.4025,0.44124227998234783,0.44124227998234783,0.0
1.4075,0.022119796006844984,0.022119796006844984,0.0
1.4125,0.004915510223743332,0.004915510223743332,0.0
1.4175,0.04905478570225486,0.04905478570225486,0.0
1.4225,0.1522805004008648,0.1522805004008648,0.0
1.4275,0.5642303521111095,0.5642303521111095,0.0
1.4325,1.3193630706667807,1.3193630706667807,0.0
1.4375,1.7428994821901331,1.7428994821901331,0.0
1.4425000000000001,0.946035085000234,0.946035085000234,0.0
1.4475,0.23233309547325623,0.23233309547325623,0.0
1.4525000000000001,0.004815193688564896,0.004815193688564896,0.0
1.4575,0.0036615535340128896,0.0036615535340128896,0.0
1.4625000000000001,0.06886730139999585,0.06886730139999585,0.0
1.4675,0.13683175398338576,0.13683175398338576,0.0
1.4725,0.541057232484891,0.541057232484891,0.0
1.4775,1.2986477061524337,1.2986477061524337,0.0
1.4825,1.8178860922360127,1.8178860922360127,0.0
1.4875,0.938411028326673,0.938411028326673,0.0
1.4925,0.20299050893356388,0.20299050893356388,0.0
1.4975,0.007473581870793431,0.007473581870793431,0.0
1.5025,0.0023574385766932304,0.0023574385766932304,0.0
1.5075,0.03972534793066037,0.03972534793066037,0.0
1.5125,0.11852398631332134,0.11852398631332134,0.0
1.5175,0.3771901722709169,0.3771901722709169,0.0
1.5225,1.0375237650829672,1.0375237650829672,0.0
1.5275,1.81487659618066,1.81487659618066,0.0
1.5325,1.2843024416219175,1.2843024416219175,0.0
1.5375,0.31494376219269776,0.31494376219269776,0.0
1.5425,0.02638324875192849,0.02638324875192849,0.0
1.5475,0.0008025322814274827,0.0008025322814274827,0.0
1.5525,0.008627222025345438,0.008627222025345438,0.0
1.5575,0.07062284076561846,0.07062284076561846,0.0
1.5625,0.20263940106043932,0.20263940106043932,0.0
1.5675000000000001,0.6117302315180989,0.6117302315180989,0.0
1.5725,1.4723959450814827,1.4723959450814827,0.0
1.5775000000000001,1.6867222224902099,1.6867222224902099,0.0
1.5825,0.8371916443316321,0.8371916443316321,0.0
1.5875000000000001,0.11772145403189391,0.11772145403189391,0.0
1.5925,0.007373265335614996,0.007373265335614996,0.0
1.5975000000000001,0.000902848816605918,0.000902848816605918,0.0
1.6025,0.012790358235250501,0.012790358235250501,0.0
1.6075,0.0809554438889973,0.0809554438889973,0.0
1.6125,0.29783979294477453,0.29783979294477453,0.0
1.6175,0.7360725768717694,0.7360725768717694,0.0
1.6225,1.5252627591205183,1.5252627591205183,0.0
1.6275,1.5672953873602824,1.5672953873602824,0.0
1.6325,0.6911809273794195,0.6911809273794195,0.0
1.6375,0.10041685171361381,0.10041685171361381,0.0
1.6425,0.0031098125905314952,0.0031098125905314952,0.0
1.6475,0.0007022157462490473,0.0007022157462490473,0.0
1.6525,0.010131970053021968,0.010131970053021968,0.0
1.6575,0.06400194944384173,0.06400194944384173,0.0
1.6625,0.3124358488132368,0.3124358488132368,0.0
1.6675,0.7340662461682008,0.7340662461682008,0.0
1.6725,1.3378714714072018,1.3378714714072018,0.0
1.6775,1.5946818014639954,1.5946818014639954,0.0
1.6825,0.7668697531715492,0.7668697531715492,0.0
1.6875,0.18784271212162018,0.18784271212162018,0.0
1.6925000000000001,0.007222790532847342,0.007222790532847342,0.0
1.6975,0.00010031653517843533,0.00010031653517843533,0.0
1.7025000000000001,0.004012661407137413,0.004012661407137413,0.0
1.7075,0.041581203831461425,0.041581203831461425,0.0
1.7125000000000001,0.2127212128458721,0.2127212128458721,0.0
1.7175,0.5763686528677004,0.5763686528677004,0.0
1.7225000000000001,1.1201344318024087,1.1201344318024087,0.0
1.7275,1.5039956536626902,1.5039956536626902,0.0
1.7325,1.086127126376919,1.086127126376919,0.0
1.7375,0.4233859367205864,0.4233859367205864,0.0
1.7425,0.04729924633663225,0.04729924633663225,0.0
1.7475,0.00010031653517843533,0.00010031653517843533,0.0
1.7525,0.00040126614071374134,0.00040126614071374134,0.0
1.7575,0.020163623570865496,0.020163623570865496,0.0
1.7625,0.10147017533298736,0.10147017533298736,0.0
1.7675,0.3206618046978686,0.3206618046978686,0.0
1.7725,0.7649637390031588,0.7649637390031588,0.0
1.7775,1.3306486808743547,1.3306486808743547,0.0
1.7825,1.3631010800045784,1.3631010800045784,0.0
1.7875,0.8062439932290851,0.8062439932290851,0.0
1.7925,0.28469832683639956,0.28469832683639956,0.0
1.7975,0.023474069231753863,0.023474069231753863,0.0
1.8025,0.0,0.0,0.0
1.8075,0.0037618700691913246,0.0037618700691913246,0.0
1.8125,0.032953981806116,0.032953981806116,0.0
1.8175000000000001,0.12915753904223548,0.12915753904223548,0.0
1.8225,0.3508570817865776,0.3508570817865776,0.0
1.8275000000000001,0.8202883081540658,0.8202883081540658,0.0
1.8325,1.372731467381708,1.372731467381708,0.0
1.8375000000000001,1.2508468771399095,1.2508468771399095,0.0
1.8425,0.7490635681773768,0.7490635681773768,0.0
1.8475000000000001,0.28404626935773963,0.28404626935773963,0.0
1.8525,0.02211979600684498,0.02211979600684498,0.0
1.8575,0.0,0.0,0.0
1.8625,0.0030596543229422777,0.0030596543229422777,0.0
1.8675,0.027887996779605018,0.027887996779605018,0.0
1.8725,0.10849233279547779,0.10849233279547779,0.0
1.8775,0.30726954725154737,0.30726954725154737,0.0
1.8825,0.7381290658429274,0.7381290658429274,0.0
1.8875,1.3070742951074223,1.3070742951074223,0.0
1.8925,1.2745717377096093,1.2745717377096093,0.0
1.8975,0.8214921065762074,0.8214921065762074,0.0
1.9025,0.3796479273827885,0.3796479273827885,0.0
1.9075,0.04785098728011364,0.04785098728011364,0.0
1.9125,0.00035110787312452366,0.00035110787312452366,0.0
1.9175,0.0,0.0,0.0
1.9225,0.009128804701237614,0.009128804701237614,0.0
1.9275,0.06149403606438084,0.06149403606438084,0.0
1.9325,0.2352422749934308,0.2352422749934308,0.0
1.9375,0.5079026176084183,0.5079026176084183,0.0
1.9425000000000001,1.0861772846445084,1.0861772846445084,0.0
1.9475,1.3301470981984624,1.3301470981984624,0.0
1.9525000000000001,1.0557813744854425,1.0557813744854425,0.0
1.9575,0.5609700647178106,0.5609700647178106,0.0
1.9625000000000001,0.16331531927049273,0.16331531927049273,0.0
1.9675,0.0056678842375815965,0.0056678842375815965,0.0
1.9725000000000001,0.0,0.0,0.0
1.9775,0.0,0.0,0.0
1.9825000000000002,0.007423423603204214,0.007423423603204214,0.0
1.9875,0.1031755564310207,0.1031755564310207,0.0
1.9925,0.3204110133599224,0.3204110133599224,0.0
1.9975,0.6854127266066596,0.6854127266066596,0.0
2.0025,1.1919109127225789,1.1919109127225789,0.0
2.0075,1.2952369439563671,1.2952369439563671,0.0
2.0125,0.8978329898469966,0.8978329898469966,0.0
2.0175,0.430909676858969,0.430909676858969,0.0
2.0225,0.08351351553604744,0.08351351553604744,0.0
2.0275,0.0,0.0,0.0
2.0325,0.0,0.0,0.0
2.0375,0.00020063307035687067,0.00020063307035687067,0.0
2.0425,0.006520574786598296,0.006520574786598296,0.0
2.0475,0.07558850925695101,0.07558850925695101,0.0
2.0525,0.3586316132629064,0.3586316132629064,0.0
2.0575,0.757389840597187,0.757389840597187,0.0
2.0625,1.119281741253392,1.119281741253392,0.0
2.0675,1.3231750990035613,1.3231750990035613,0.0
2.0725000000000002,0.8950241268620002,0.8950241268620002,0.0
2.0775,0.3953976234058029,0.3953976234058029,0.0
2.0825,0.08230971711390622,0.08230971711390622,0.0
2.0875,0.0023072803091040124,0.0023072803091040124,0.0
2.0925000000000002,0.0,0.0,0.0
2.0975,0.0,0.0,0.0
2.1025,0.003210129125709931,0.003210129125709931,0.0
2.1075,0.0264334070195177,0.0264334070195177,0.0
2.1125,0.25480399935322573,0.25480399935322573,0.0
2.1175,0.6911809273794196,0.6911809273794196,0.0
2.1225,1.054226468190177,1.054226468190177,0.0
2.1275,1.295889001435027,1.295889001435027,0.0
2.1325,1.0286457517196759,1.0286457517196759,0.0
2.1375,0.5274643419682132,0.5274643419682132,0.0
2.1425,0.10503141233182184,0.10503141233182184,0.0
2.1475,0.028941320398978586,0.028941320398978586,0.0
2.1525,0.0,0.0,0.0
2.1575,0.0,0.0,0.0
2.1625,0.0,0.0,0.0
2.1675,0.0055174094348139436,0.0055174094348139436,0.0
2.1725,0.09294326984282032,0.09294326984282032,0.0
2.1775,0.3918865446745577,0.3918865446745577,0.0
2.1825,0.9261724110349044,0.9261724110349044,0.0
2.1875,1.264991508600069,1.264991508600069,0.0
2.1925,1.1836347985703581,1.1836347985703581,0.0
2.1975000000000002,0.8059430436235496,0.8059430436235496,0.0
2.2025,0.2653873938145506,0.2653873938145506,0.0
2.2075,0.06410226597902016,0.06410226597902016,0.0
2.2125,0.015248113347122163,0.015248113347122163,0.0
2.2175000000000002,0.0,0.0,0.0
2.2225,0.0,0.0,0.0
2.2275,0.0015047480276765299,0.0015047480276765299,0.0
2.2325,0.015298271614711385,0.015298271614711385,0.0
2.2375000000000003,0.12268712252322636,0.12268712252322636,0.0
2.2425,0.4340696477170898,0.4340696477170898,0.0
2.2475,1.0038174092630132,1.0038174092630132,0.0
2.2525,1.3742362154093848,1.3742362154093848,0.0
2.2575,1.0834687381946908,1.0834687381946908,0.0
2.2625,0.6856133596770165,0.6856133596770165,0.0
2.2675,0.22195033408228818,0.22195033408228818,0.0
2.2725,0.05015826758921764,0.05015826758921764,0.0
2.2775,0.023022644823450907,0.023022644823450907,0.0
2.2825,0.0,0.0,0.0
2.2875,0.0008025322814274827,0.0008025322814274827,0.0
2.2925,0.003360603928477583,0.003360603928477583,0.0
2.2975,0.020263940106043928,0.020263940106043928,0.0
2.3025,0.09259216196969579,0.09259216196969579,0.0
2.3075,0.3891779982247399,0.3891779982247399,0.0
2.3125,0.9017453347189555,0.9017453347189555,0.0
2.3175,1.3202659194833868,1.3202659194833868,0.0
2.3225000000000002,1.1414015372602369,1.1414015372602369,0.0
2.3275,0.7385303319836412,0.7385303319836412,0.0
2.3325,0.31689993462867716,0.31689993462867716,0.0
2.3375,0.053669346320462906,0.053669346320462906,0.0
2.3425000000000002,0.03711711801602106,0.03711711801602106,0.0
2.3475,0.0,0.0,0.0
2.3525,0.0,0.0,0.0
2.3575,0.0034609204636560187,0.0034609204636560187,0.0
2.3625000000000003,0.015348429882300601,0.015348429882300601,0.0
2.3675,0.05708010851652969,0.05708010851652969,0.0
2.3725,0.2422644324559213,0.2422644324559213,0.0
2.3775,0.6918329848580795,0.6918329848580795,0.0
2.3825,1.0411351603493912,1.0411351603493912,0.0
2.3875,1.2184947945448643,1.2184947945448643,0.0
2.3925,0.9803433400312596,0.9803433400312596,0.0
2.3975,0.5311760537698152,0.5311760537698152,0.0
2.4025,0.18252593575716314,0.18252593575716314,0.0
2.4075,0.043838325872976217,0.043838325872976217,0.0
2.4125,0.008326272419810132,0.008326272419810132,0.0
2.4175,0.0,0.0,0.0
2.4225,0.0,0.0,0.0
2.4275,0.0035612369988344546,0.0035612369988344546,0.0
2.4325,0.02432675978077056,0.02432675978077056,0.0
2.4375,0.1340228909983896,0.1340228909983896,0.0
2.4425,0.3467441038442618,0.3467441038442618,0.0
2.4475000000000002,0.7318592823942753,0.7318592823942753,0.0
2.4525,0.9712646935976109,0.9712646935976109,0.0
2.4575,1.1374390341206888,1.1374390341206888,0.0
2.4625,0.9474395164927325,0.9474395164927325,0.0
2.4675000000000002,0.5050435963558328,0.5050435963558328,0.0
2.4725,0.17194254129583814,0.17194254129583814,0.0
2.4775,0.041480887296283,0.041480887296283,0.0
2.4825,0.0007022157462490473,0.0007022157462490473,0.0
2.4875000000000003,0.0,0.0,0.0
2.4925,0.0,0.0,0.0
2.4975,0.001253956689730442,0.001253956689730442,0.0
2.5025,0.028790845596210934,0.028790845596210934,0.0
2.5075,0.16271342005942205,0.16271342005942205,0.0
2.5125,0.32211639445795587,0.32211639445795587,0.0
2.5175,0.6186520724454109,0.6186520724454109,0.0
2.5225,0.8478251970605465,0.8478251970605465,0.0
2.5275,1.0811614578855868,1.0811614578855868,0.0
2.5325,0.9514020196322812,0.9514020196322812,0.0
2.5375,0.6466403857601944,0.6466403857601944,0.0
2.5425,0.2924728583127281,0.2924728583127281,0.0
2.5475,0.06174482740232696,0.06174482740232696,0.0
2.5525,0.0010533236193735712,0.0010533236193735712,0.0
2.5575,0.0,0.0,0.0
2.5625,0.0,0.0,0.0
2.5675,0.0030596543229422773,0.0030596543229422773,0.0
2.5725000000000002,0.017655710191404616,0.017655710191404616,0.0
2.5775,0.08436620608506411,0.08436620608506411,0.0
2.5825,0.25992014264732594,0.25992014264732594,0.0
2.5875,0.42769954773325913,0.42769954773325913,0.0
2.5925000000000002,0.681099115593987,0.681099115593987,0.0
2.5975,0.9060589457316283,0.9060589457316283,0.0
2.6025,1.0172096667093342,1.0172096667093342,0.0
2.6075,0.855499412001697,0.855499412001697,0.0
2.6125000000000003,0.49546336724629214,0.49546336724629214,0.0
2.6175,0.24080984269583405,0.24080984269583405,0.0
2.6225,0.026985147962999098,0.026985147962999098,0.0
2.6275,0.0,0.0,0.0
2.6325,0.0,0.0,0.0
2.6375,0.00040126614071374134,0.00040126614071374134,0.0
2.6425,0.01263988343248285,0.01263988343248285,0.0
2.6475,0.04027708887414177,0.04027708887414177,0.0
2.6525,0.09073630606889474,0.09073630606889474,0.0
2.6575,0.19877721445606958,0.19877721445606958,0.0
2.6625,0.4550859618369719,0.4550859618369719,0.0
2.6675,0.674177274666675,0.674177274666675,0.0
2.6725,0.9396649850164042,0.9396649850164042,0.0
2.6775,0.905808154393682,0.905808154393682,0.0
2.6825,0.8810299702046085,0.8810299702046085,0.0
2.6875,0.5118651207479664,0.5118651207479664,0.0
2.6925,0.21618213330952812,0.21618213330952812,0.0
2.6975000000000002,0.08697443599970348,0.08697443599970348,0.0
2.7025,0.0022069637739255774,0.0022069637739255774,0.0
2.7075,0.0,0.0,0.0
2.7125,0.001203798422141224,0.001203798422141224,0.0
2.7175000000000002,0.006169466913473774,0.006169466913473774,0.0
2.7225,0.03842123297334072,0.03842123297334072,0.0
2.7275,0.07007109982213706,0.07007109982213706,0.0
2.7325,0.11145167058324162,0.11145167058324162,0.0
2.7375000000000003,0.31880594879706753,0.31880594879706753,0.0
2.7425,0.5588634174790633,0.5588634174790633,0.0
2.7475,0.896177767016552,0.896177767016552,0.0
2.7525,0.8964787166220878,0.8964787166220878,0.0
2.7575,0.9123788874478694,0.9123788874478694,0.0
2.7625,0.7351697280551637,0.7351697280551637,0.0
2.7675,0.26137473240741327,0.26137473240741327,0.0
2.7725,0.11686876348287714,0.11686876348287714,0.0
2.7775,0.09088678087166245,0.09088678087166245,0.0
2.7825,0.00150474802767653,0.00150474802767653,0.0
2.7875,0.0,0.0,0.0
2.7925,0.0,0.0,0.0
2.7975,0.0012539566897304417,0.0012539566897304417,0.0
2.8025,0.025881666076036307,0.025881666076036307,0.0
2.8075,0.08551984623961612,0.08551984623961612,0.0
2.8125,0.1476659397826568,0.1476659397826568,0.0
2.8175,0.3301918755398199,0.3301918755398199,0.0
2.8225000000000002,0.537144887612932,0.537144887612932,0.0
2.8275,0.8650294828436482,0.8650294828436482,0.0
2.8325,1.0564334319641024,1.0564334319641024,0.0
2.8375,0.8869988040477254,0.8869988040477254,0.0
2.8425000000000002,0.6131848212781862,0.6131848212781862,0.0
2.8475,0.24467202930020374,0.24467202930020374,0.0
2.8525,0.09685561471477931,0.09685561471477931,0.0
2.8575,0.11616654773662813,0.11616654773662813,0.0
2.8625000000000003,0.008827855095702308,0.008827855095702308,0.0
2.8675,0.0,0.0,0.0
2.8725,0.0,0.0,0.0
2.8775,0.0,0.0,0.0
2.8825,0.007523740138382651,0.007523740138382651,0.0
2.8875,0.040076455803784904,0.040076455803784904,0.0
2.8925,0.11626686427180653,0.11626686427180653,0.0
2.8975,0.25274751038206783,0.25274751038206783,0.0
2.9025,0.4841777570387183,0.4841777570387183,0.0
2.9075,0.6772870872572064,0.6772870872572064,0.0
2.9125,1.0250343564532522,1.0250343564532522,0.0
2.9175,1.0505147563885748,1.0505147563885748,0.0
2.9225,0.6919834596608473,0.6919834596608473,0.0
2.9275,0.35461895185576886,0.35461895185576886,0.0
2.9325,0.13332067525214059,0.13332067525214059,0.0
2.9375,0.1053323619373571,0.1053323619373571,0.0
2.9425,0.07528755965141573,0.07528755965141573,0.0
2.9475000000000002,0.0016552228304441833,0.0016552228304441833,0.0
2.9525,0.0,0.0,0.0
2.9575,0.0,0.0,0.0
2.9625,0.000601899211070612,0.000601899211070612,0.0
2.9675000000000002,0.007925006279096392,0.007925006279096392,0.0
2.9725,0.04188215343699673,0.04188215343699673,0.0
2.9775,0.11441100837100547,0.11441100837100547,0.0
2.9825,0.23549306633137695,0.23549306633137695,0.0
2.9875000000000003,0.5835914434005477,0.5835914434005477,0.0
2.9925,0.7330129225488272,0.7330129225488272,0.0
2.9975,0.9846569510439322,0.9846569510439322,0.0
3.0025,0.9500477464073719,0.9500477464073719,0.0
3.0075000000000003,0.7340662461682009,0.7340662461682009,0.0
3.0125,0.29227222524237123,0.29227222524237123,0.0
3.0175,0.17129048381717832,0.17129048381717832,0.0
3.0225,0.12604772645170398,0.12604772645170398,0.0
3.0275,0.03937424005753585,0.03937424005753585,0.0
3.0325,0.0011536401545520062,0.0011536401545520062,0.0
3.0375,0.0,0.0,0.0
3.0425,0.0009530070841951356,0.0009530070841951356,0.0
3.0475,0.0015047480276765299,0.0015047480276765299,0.0
3.0525,0.011185293672395537,0.011185293672395537,0.0
3.0575,0.017756026726583052,0.017756026726583052,0.0
3.0625,0.08155734310006793,0.08155734310006793,0.0
3.0675,0.1831278349682337,0.1831278349682337,0.0
3.0725000000000002,0.42338593672058633,0.42338593672058633,0.0
3.0775,0.7049242926988653,0.7049242926988653,0.0
3.0825,0.8907105158493276,0.8907105158493276,0.0
3.0875,0.8177803947746051,0.8177803947746051,0.0
3.0925000000000002,0.8633742600132039,0.8633742600132039,0.0
3.0975,0.5435651458643521,0.5435651458643521,0.0
3.1025,0.2586661859575955,0.2586661859575955,0.0
3.1075,0.17846311608243642,0.17846311608243642,0.0
3.1125000000000003,0.03791965029744854,0.03791965029744854,0.0
3.1175,0.0009530070841951356,0.0009530070841951356,0.0
3.1225,0.0,0.0,0.0
3.1275,0.0,0.0,0.0
3.1325000000000003,0.0,0.0,0.0
3.1375,0.0064704165190090784,0.0064704165190090784,0.0
3.1425,0.013442415713910331,0.013442415713910331,0.0
3.1475,0.026634040089874578,0.026634040089874578,0.0
3.1525,0.09429754306772921,0.09429754306772921,0.0
3.1575,0.22591283722183628,0.22591283722183628,0.0
3.1625,0.4874380444320174,0.4874380444320174,0.0
3.1675,0.6992062501936944,0.6992062501936944,0.0
3.1725,0.6444334219862689,0.6444334219862689,0.0
3.1775,0.7718855799304708,0.7718855799304708,0.0
3.1825,0.8557502033396429,0.8557502033396429,0.0
3.1875,0.5987893984800808,0.5987893984800808,0.0
3.1925,0.4383832587297625,0.4383832587297625,0.0
3.1975000000000002,0.14851863033167356,0.14851863033167356,0.0
3.2025,0.004664718885797244,0.004664718885797244,0.0
3.2075,0.0,0.0,0.0
3.2125,0.0,0.0,0.0
3.2175000000000002,0.0,0.0,0.0
3.2225,0.0,0.0,0.0
3.2275,0.0017555393656226183,0.0017555393656226183,0.0
3.2325,0.009078646433648398,0.009078646433648398,0.0
3.2375000000000003,0.030395910159065898,0.030395910159065898,0.0
3.2425,0.07950085412891,0.07950085412891,0.0
3.2475,0.20996250812846512,0.20996250812846512,0.0
3.2525,0.41084636982328193,0.41084636982328193,0.0
3.2575000000000003,0.4423959201368999,0.4423959201368999,0.0
3.2625,0.5697979198135129,0.5697979198135129,0.0
3.2675,0.7070810982052018,0.7070810982052018,0.0
3.2725,0.691933301393258,0.691933301393258,0.0
3.2775,0.7309564335776693,0.7309564335776693,0.0
3.2825,0.7572895240620087,0.7572895240620087,0.0
3.2875,0.2968867858605793,0.2968867858605793,0.0
3.2925,0.07383296989132844,0.07383296989132844,0.0
3.2975,0.004112977942315849,0.004112977942315849,0.0
3.3025,0.0,0.0,0.0
3.3075,0.0,0.0,0.0
3.3125,0.0,0.0,0.0
3.3175,0.0,0.0,0.0
3.3225000000000002,0.000451424408302959,0.000451424408302959,0.0
3.3275,0.011285610207573973,0.011285610207573973,0.0
3.3325,0.0653060644011614,0.0653060644011614,0.0
3.3375,0.11927636032715958,0.11927636032715958,0.0
3.3425000000000002,0.23067787264281206,0.23067787264281206,0.0
3.3475,0.31669930155832027,0.31669930155832027,0.0
3.3525,0.3185049991915321,0.3185049991915321,0.0
3.3575,0.5367937797398076,0.5367937797398076,0.0
3.3625000000000003,0.6351039842146743,0.6351039842146743,0.0
3.3675,0.6973002360253042,0.6973002360253042,0.0
3.3725,0.7302542178314203,0.7302542178314203,0.0
3.3775,0.6256742299079014,0.6256742299079014,0.0
3.3825000000000003,0.4093416217956053,0.4093416217956053,0.0
3.3875,0.24131142537172612,0.24131142537172612,0.0
3.3925,0.07644119980596774,0.07644119980596774,0.0
3.3975,0.0014044314924980946,0.0014044314924980946,0.0
3.4025,0.0,0.0,0.0
3.4075,0.0,0.0,0.0
3.4125,0.0,0.0,0.0
3.4175,0.0,0.0,0.0
3.4225,0.013091307840785809,0.013091307840785809,0.0
3.4275,0.03741806762155636,0.03741806762155636,0.0
3.4325,0.10397808871244822,0.10397808871244822,0.0
3.4375,0.13974093350356043,0.13974093350356043,0.0
3.4425,0.23278451988155924,0.23278451988155924,0.0
3.4475000000000002,0.20208766011695797,0.20208766011695797,0.0
3.4525,0.32447383303464905,0.32447383303464905,0.0
3.4575,0.559465316690134,0.559465316690134,0.0
3.4625,0.7264421894946397,0.7264421894946397,0.0
3.4675000000000002,0.7336148217598977,0.7336148217598977,0.0
3.4725,0.5658354166739645,0.5658354166739645,0.0
3.4775,0.47213977281730596,0.47213977281730596,0.0
3.4825,0.2956328291708489,0.2956328291708489,0.0
3.4875000000000003,0.33410422041177884,0.33410422041177884,0.0
3.4925,0.23815145451360548,0.23815145451360548,0.0
3.4975,0.03686632667807497,0.03686632667807497,0.0
3.5025,0.0,0.0,0.0
3.5075000000000003,0.0,0.0,0.0
3.5125,0.0,0.0,0.0
3.5175,0.0,0.0,0.0
3.5225,0.0,0.0,0.0
3.5275,0.005718042505170814,0.005718042505170814,0.0
3.5325,0.04915510223743331,0.04915510223743331,0.0
3.5375,0.10753932571128266,0.10753932571128266,0.0
3.5425,0.17615583577333244,0.17615583577333244,0.0
3.5475,0.228370592333708,0.228370592333708,0.0
3.5525,0.2680959402643684,0.2680959402643684,0.0
3.5575,0.4440511429673441,0.4440511429673441,0.0
3.5625,0.5143730341274272,0.5143730341274272,0.0
3.5675,0.6835067124382695,0.6835067124382695,0.0
3.5725000000000002,0.680647691185684,0.680647691185684,0.0
3.5775,0.4437501933618087,0.4437501933618087,0.0
3.5825,0.36028683609335044,0.36028683609335044,0.0
3.5875,0.35356562823639537,0.35356562823639537,0.0
3.5925000000000002,0.2797828166126561,0.2797828166126561,0.0
3.5975,0.2544528914801012,0.2544528914801012,0.0
3.6025,0.15554078779416403,0.15554078779416403,0.0
3.6075,0.010834185799271015,0.010834185799271015,0.0
3.6125000000000003,0.0,0.0,0.0
3.6175,0.0,0.0,0.0
3.6225,0.0,0.0,0.0
3.6275,0.0,0.0,0.0
3.6325000000000003,0.0,0.0,0.0
3.6375,0.011887509418644585,0.011887509418644585,0.0
3.6425,0.034960312509684704,0.034960312509684704,0.0
3.6475,0.0679142943158007,0.0679142943158007,0.0
3.6525,0.20504699790472175,0.20504699790472175,0.0
3.6575,0.32467446610500594,0.32467446610500594,0.0
3.6625,0.34152764401498303,0.34152764401498303,0.0
3.6675,0.3727762447230657,0.3727762447230657,0.0
3.6725,0.5089559412277918,0.5089559412277918,0.0
3.6775,0.6036547504362347,0.6036547504362347,0.0
3.6825,0.5640297190407529,0.5640297190407529,0.0
3.6875,0.46175701142633785,0.46175701142633785,0.0
3.6925,0.3661553534012889,0.3661553534012889,0.0
3.6975000000000002,0.4146583981600625,0.4146583981600625,0.0
3.7025,0.29623472838191955,0.29623472838191955,0.0
3.7075,0.20233845145490406,0.20233845145490406,0.0
3.7125,0.1847328995310887,0.1847328995310887,0.0
3.7175000000000002,0.0545220368694796,0.0545220368694796,0.0
3.7225,0.0,0.0,0.0
3.7275,0.0,0.0,0.0
3.7325,0.0,0.0,0.0
3.7375000000000003,0.0,0.0,0.0
3.7425,5.015826758921767e-5,5.015826758921767e-5,0.0
3.7475,0.00988117871507588,0.00988117871507588,0.0
3.7525,0.0494058935753794,0.0494058935753794,0.0
3.7575000000000003,0.12690041700072066,0.12690041700072066,0.0
3.7625,0.10036669344602457,0.10036669344602457,0.0
3.7675,0.05838422347384936,0.05838422347384936,0.0
3.7725,0.10061748478397065,0.10061748478397065,0.0
3.7775,0.21823862228068608,0.21823862228068608,0.0
3.7825,0.4107962115556926,0.4107962115556926,0.0
3.7875,0.5664373158850354,0.5664373158850354,0.0
3.7925,0.5933221473128559,0.5933221473128559,0.0
3.7975,0.5258091191377688,0.5258091191377688,0.0
3.8025,0.5010309349486952,0.5010309349486952,0.0
3.8075,0.461556378355981,0.461556378355981,0.0
3.8125,0.4790114554770288,0.4790114554770288,0.0
3.8175,0.3379664070161486,0.3379664070161486,0.0
3.8225000000000002,0.24818310803144897,0.24818310803144897,0.0
3.8275,0.1746009294780667,0.1746009294780667,0.0
3.8325,0.05326808017974915,0.05326808017974915,0.0
3.8375,0.0,0.0,0.0
3.8425000000000002,0.0,0.0,0.0
3.8475,0.0,0.0,0.0
3.8525,0.0008526905490167003,0.0008526905490167003,0.0
3.8575,0.016201120431317304,0.016201120431317304,0.0
3.8625000000000003,0.03154955031361789,0.03154955031361789,0.0
3.8675,0.05211444002519715,0.05211444002519715,0.0
3.8725,0.06876698486481742,0.06876698486481742,0.0
3.8775,0.06084197858572102,0.06084197858572102,0.0
3.8825000000000003,0.06841587699169291,0.06841587699169291,0.0
3.8875,0.0664597045557134,0.0664597045557134,0.0
3.8925,0.07965132893167766,0.07965132893167766,0.0
3.8975,0.12123253276313907,0.12123253276313907,0.0
3.9025000000000003,0.17023716019780477,0.17023716019780477,0.0
3.9075,0.2246087222645167,0.2246087222645167,0.0
3.9125,0.42840176347950804,0.42840176347950804,0.0
3.9175,0.6350036676794959,0.6350036676794959,0.0
3.9225,0.7436966335453306,0.7436966335453306,0.0
3.9275,0.64307914876136,0.64307914876136,0.0
3.9325,0.5168809475068881,0.5168809475068881,0.0
3.9375,0.4767543334355139,0.4767543334355139,0.0
3.9425,0.38917799822473986,0.38917799822473986,0.0
3.9475000000000002,0.18453226646073181,0.18453226646073181,0.0
3.9525,0.03681616841048575,0.03681616841048575,0.0
3.9575,0.0005517409434813944,0.0005517409434813944,0.0
3.9625,0.0,0.0,0.0
3.9675000000000002,0.0,0.0,0.0
3.9725,0.0,0.0,0.0
3.9775,0.0,0.0,0.0
3.9825,0.001203798422141224,0.001203798422141224,0.0
3.9875000000000003,0.003912344871958977,0.003912344871958977,0.0
3.9925,0.020865839317114544,0.020865839317114544,0.0
3.9975,0.07338154548302545,0.07338154548302545,0.0
4.0025,0.07503676831346964,0.07503676831346964,0.0
4.0075,0.07473581870793433,0.07473581870793433,0.0
4.0125,0.0661587549501781,0.0661587549501781,0.0
4.0175,0.05723058331929734,0.05723058331929734,0.0
4.0225,0.09670513991201166,0.09670513991201166,0.0
4.0275,0.13943998389802512,0.13943998389802512,0.0
4.0325,0.1902503089659026,0.1902503089659026,0.0
4.0375,0.22671536950326382,0.22671536950326382,0.0
4.0425,0.24236474899109978,0.24236474899109978,0.0
4.0475,0.3692651659918204,0.3692651659918204,0.0
4.0525,0.5695471284755669,0.5695471284755669,0.0
4.0575,0.7929018940503532,0.7929018940503532,0.0
4.0625,0.8345332561494035,0.8345332561494035,0.0
4.0675,0.6392671204245793,0.6392671204245793,0.0
4.0725,0.3381168818189162,0.3381168818189162,0.0
4.0775,0.15137765158425892,0.15137765158425892,0.0
4.0825000000000005,0.05211444002519715,0.05211444002519715,0.0
4.0875,0.0007022157462490473,0.0007022157462490473,0.0
4.0925,0.0,0.0,0.0
4.0975,0.0,0.0,0.0
4.1025,0.0,0.0,0.0
4.1075,0.0,0.0,0.0
4.1125,0.0,0.0,0.0
4.1175,0.0,0.0,0.0
4.1225000000000005,0.0,0.0,0.0
4.1275,0.0,0.0,0.0
4.1325,0.0,0.0,0.0
4.1375,0.001354273224908877,0.001354273224908877,0.0
4.1425,0.006721207856955166,0.006721207856955166,0.0
4.1475,0.04293547705637032,0.04293547705637032,0.0
4.1525,0.06806476911856839,0.06806476911856839,0.0
4.1575,0.10232286588200405,0.10232286588200405,0.0
4.1625,0.14861894686685193,0.14861894686685193,0.0
4.1675,0.1490202130075657,0.1490202130075657,0.0
4.1725,0.20113465303276287,0.20113465303276287,0.0
4.1775,0.24552471984922047,0.24552471984922047,0.0
4.1825,0.3752339998349373,0.3752339998349373,0.0
4.1875,0.4813688940537222,0.4813688940537222,0.0
4.1925,0.5837920764709045,0.5837920764709045,0.0
4.1975,0.7216269958060748,0.7216269958060748,0.0
4.2025,0.687619690380585,0.687619690380585,0.0
4.2075000000000005,0.4056800682615925,0.4056800682615925,0.0
4.2125,0.3246243078374168,0.3246243078374168,0.0
4.2175,0.27722474496560606,0.27722474496560606,0.0
4.2225,0.1492710043455118,0.1492710043455118,0.0
4.2275,0.03380667235513269,0.03380667235513269,0.0
4.2325,0.005868517307938467,0.005868517307938467,0.0
4.2375,0.004012661407137413,0.004012661407137413,0.0
4.2425,0.0,0.0,0.0
4.2475000000000005,0.0,0.0,0.0
4.2525,0.0,0.0,0.0
4.2575,0.0,0.0,0.0
4.2625,0.0,0.0,0.0
4.2675,0.0,0.0,0.0
4.2725,0.0,0.0,0.0
4.2775,0.0,0.0,0.0
4.2825,0.0,0.0,0.0
4.2875000000000005,0.0,0.0,0.0
4.2925,0.0,0.0,0.0
4.2975,0.0,0.0,0.0
4.3025,0.0,0.0,0.0
4.3075,0.009078646433648398,0.009078646433648398,0.0
4.3125,0.04203262823976439,0.04203262823976439,0.0
4.3175,0.1181227201726076,0.1181227201726076,0.0
4.3225,0.2186398884213998,0.2186398884213998,0.0
4.3275,0.36685756914753803,0.36685756914753803,0.0
4.3325000000000005,0.5559040796912995,0.5559040796912995,0.0
4.3375,0.640571235381899,0.640571235381899,0.0
4.3425,0.5692461788700315,0.5692461788700315,0.0
4.3475,0.4886418428541587,0.4886418428541587,0.0
4.3525,0.5121660703535017,0.5121660703535017,0.0
4.3575,0.37262576992029806,0.37262576992029806,0.0
4.3625,0.2897141535953212,0.2897141535953212,0.0
4.3675,0.29844169215584515,0.29844169215584515,0.0
4.3725000000000005,0.2668921418422272,0.2668921418422272,0.0
4.3775,0.1754536200270834,0.1754536200270834,0.0
4.3825,0.056127101432334556,0.056127101432334556,0.0
4.3875,0.02658388182228535,0.02658388182228535,0.0
4.3925,0.008727538560523874,0.008727538560523874,0.0
4.3975,0.0,0.0,0.0
4.4025,0.0,0.0,0.0
4.4075,0.0,0.0,0.0
4.4125000000000005,0.0,0.0,0.0
4.4175,0.0,0.0,0.0
4.4225,0.0,0.0,0.0
4.4275,0.0,0.0,0.0
4.4325,0.0,0.0,0.0
4.4375,0.0,0.0,0.0
4.4425,0.0,0.0,0.0
4.4475,0.0,0.0,0.0
4.4525,0.0,0.0,0.0
4.4575000000000005,0.0034107621960668016,0.0034107621960668016,0.0
4.4625,0.012790358235250501,0.012790358235250501,0.0
4.4675,0.033505722749597386,0.033505722749597386,0.0
4.4725,0.09555149975745965,0.09555149975745965,0.0
4.4775,0.12007889260858709,0.12007889260858709,0.0
4.4825,0.24707962614448614,0.24707962614448614,0.0
4.4875,0.3125361653484152,0.3125361653484152,0.0
4.4925,0.3656036124578076,0.3656036124578076,0.0
4.4975000000000005,0.3410762196066801,0.3410762196066801,0.0
4.5025,0.3773406470736845,0.3773406470736845,0.0
4.5075,0.33189725663785324,0.33189725663785324,0.0
4.5125,0.41355491627309965,0.41355491627309965,0.0
4.5175,0.4429476610803812,0.4429476610803812,0.0
4.5225,0.454183113020366,0.454183113020366,0.0
4.5275,0.3872719840563496,0.3872719840563496,0.0
4.5325,0.2873065567510388,0.2873065567510388,0.0
4.5375000000000005,0.2530484599876031,0.2530484599876031,0.0
4.5425,0.2400574686819957,0.2400574686819957,0.0
4.5475,0.13377209966044354,0.13377209966044354,0.0
4.5525,0.09479912574362141,0.09479912574362141,0.0
4.5575,0.049104943969844085,0.049104943969844085,0.0
4.5625,0.018909666881135056,0.018909666881135056,0.0
4.5675,0.0,0.0,0.0
4.5725,0.0,0.0,0.0
4.5775,0.0,0.0,0.0
4.5825000000000005,0.0,0.0,0.0
4.5875,0.0,0.0,0.0
4.5925,0.0,0.0,0.0
4.5975,0.0,0.0,0.0
4.6025,0.0,0.0,0.0
4.6075,0.0,0.0,0.0
4.6125,0.003260287393299148,0.003260287393299148,0.0
4.6175,0.007172632265258125,0.007172632265258125,0.0
4.6225000000000005,0.012138300756590673,0.012138300756590673,0.0
4.6275,0.01921061648667036,0.01921061648667036,0.0
4.6325,0.06846603525928212,0.06846603525928212,0.0
4.6375,0.07684246594668148,0.07684246594668148,0.0
4.6425,0.07187679745534893,0.07187679745534893,0.0
4.6475,0.10568346981048163,0.10568346981048163,0.0
4.6525,0.127201366606256,0.127201366606256,0.0
4.6575,0.14229900515061053,0.14229900515061053,0.0
4.6625000000000005,0.21728561519649098,0.21728561519649098,0.0
4.6675,0.31639835195278504,0.31639835195278504,0.0
4.6725,0.3268312716113423,0.3268312716113423,0.0
4.6775,0.24351838914565174,0.24351838914565174,0.0
4.6825,0.2079060191573072,0.2079060191573072,0.0
4.6875,0.23228293720566703,0.23228293720566703,0.0
4.6925,0.2984416921558451,0.2984416921558451,0.0
4.6975,0.3528634124901463,0.3528634124901463,0.0
4.7025,0.3482488518719382,0.3482488518719382,0.0
4.7075000000000005,0.3504056573782746,0.3504056573782746,0.0
4.7125,0.3654531376550399,0.3654531376550399,0.0
4.7175,0.2828424709355984,0.2828424709355984,0.0
4.7225,0.2539011505366198,0.2539011505366198,0.0
4.7275,0.15885123345505237,0.15885123345505237,0.0
4.7325,0.11631702253939577,0.11631702253939577,0.0
4.7375,0.14400438624864395,0.14400438624864395,0.0
4.7425,0.09550134148987045,0.09550134148987045,0.0
4.7475000000000005,0.04343705973226249,0.04343705973226249,0.0
4.7525,0.007724373208739521,0.007724373208739521,0.0
4.7575,0.01890966688113506,0.01890966688113506,0.0
4.7625,0.0005517409434813942,0.0005517409434813942,0.0
4.7675,0.0,0.0,0.0
4.7725,0.0,0.0,0.0
4.7775,0.0,0.0,0.0
4.7825,0.0,0.0,0.0
4.7875000000000005,0.0,0.0,0.0
4.7925,0.000300949605535306,0.000300949605535306,0.0
4.7975,0.006821524392133602,0.006821524392133602,0.0
4.8025,0.013392257446321115,0.013392257446321115,0.0
4.8075,0.03054638496183355,0.03054638496183355,0.0
4.8125,0.03109812590531495,0.03109812590531495,0.0
4.8175,0.034057463693078785,0.034057463693078785,0.0
4.8225,0.028941320398978582,0.028941320398978582,0.0
4.8275,0.031198442440493378,0.031198442440493378,0.0
4.8325000000000005,0.04905478570225486,0.04905478570225486,0.0
4.8375,0.05692963371376205,0.05692963371376205,0.0
4.8425,0.09053567299853789,0.09053567299853789,0.0
4.8475,0.12710105007107758,0.12710105007107758,0.0
4.8525,0.11471195797654078,0.11471195797654078,0.0
4.8575,0.09098709740684086,0.09098709740684086,0.0
4.8625,0.13412320753356805,0.13412320753356805,0.0
4.8675,0.20685269553793362,0.20685269553793362,0.0
4.8725000000000005,0.22661505296808546,0.22661505296808546,0.0
4.8775,0.2630801135054467,0.2630801135054467,0.0
4.8825,0.34644315423872635,0.34644315423872635,0.0
4.8875,0.34905138415336573,0.34905138415336573,0.0
4.8925,0.3672086770206625,0.3672086770206625,0.0
4.8975,0.3257277897243795,0.3257277897243795,0.0
4.9025,0.2860024417937191,0.2860024417937191,0.0
4.9075,0.24055905135788785,0.24055905135788785,0.0
4.9125000000000005,0.20710348687587968,0.20710348687587968,0.0
4.9175,0.19742294123116072,0.19742294123116072,0.0
4.9225,0.2220506506174666,0.2220506506174666,0.0
4.9275,0.18342878457376896,0.18342878457376896,0.0
4.9325,0.15343414055541685,0.15343414055541685,0.0
4.9375,0.17339713105592547,0.17339713105592547,0.0
4.9425,0.19421281210545083,0.19421281210545083,0.0
4.9475,0.12659946739518543,0.12659946739518543,0.0
4.9525,0.07684246594668148,0.07684246594668148,0.0
4.9575000000000005,0.02583150780844709,0.02583150780844709,0.0
4.9625,0.004163136209905066,0.004163136209905066,0.0
4.9675,0.0,0.0,0.0
4.9725,0.0,0.0,0.0
4.9775,0.0,0.0,0.0
4.9825,0.0,0.0,0.0
4.9875,0.0,0.0,0.0
4.9925,0.0,0.0,0.0
4.9975000000000005,0.0,0.0,0.0
5.0025,0.0,0.0,0.0
5.0075,0.0,0.0,0.0
5.0125,0.0,0.0,0.0
5.0175,0.0,0.0,0.0
5.0225,0.0,0.0,0.0
5.0275,0.0,0.0,0.0
5.0325,0.0,0.0,0.0
5.0375000000000005,0.0,0.0,0.0
5.0425,0.0,0.0,0.0
5.0475,0.0,0.0,0.0
5.0525,0.0,0.0,0.0
5.0575,0.0,0.0,0.0
5.0625,0.0060691503782953375,0.0060691503782953375,0.0
5.0675,0.02011346530327628,0.02011346530327628,0.0
5.0725,0.040477721944498654,0.040477721944498654,0.0
5.0775,0.06450353211973392,0.06450353211973392,0.0
5.0825000000000005,0.12364012960742155,0.12364012960742155,0.0
5.0875,0.13231750990035623,0.13231750990035623,0.0
5.0925,0.14972242875381472,0.14972242875381472,0.0
5.0975,0.16191088777799464,0.16191088777799464,0.0
5.1025,0.2089593427766808,0.2089593427766808,0.0
5.1075,0.20961140025534059,0.20961140025534059,0.0
5.1125,0.19155442392322225,0.19155442392322225,0.0
5.1175,0.17339713105592547,0.17339713105592547,0.0
5.1225000000000005,0.16948478618396648,0.16948478618396648,0.0
5.1275,0.19476455304893217,0.19476455304893217,0.0
5.1325,0.26498612767383684,0.26498612767383684,0.0
5.1375,0.33159630703231796,0.33159630703231796,0.0
5.1425,0.3378660904809702,0.3378660904809702,0.0
5.1475,0.3649515549791478,0.3649515549791478,0.0
5.1525,0.37046896441396177,0.37046896441396177,0.0
5.1575,0.40101534937579525,0.40101534937579525,0.0
5.1625000000000005,0.3604373108961182,0.3604373108961182,0.0
5.1675,0.24391965528636547,0.24391965528636547,0.0
5.1725,0.19416265383786158,0.19416265383786158,0.0
5.1775,0.14144631460159382,0.14144631460159382,0.0
5.1825,0.1080910666547641,0.1080910666547641,0.0
5.1875,0.038722182578876024,0.038722182578876024,0.0
5.1925,0.008025322814274826,0.008025322814274826,0.0
5.1975,0.0032101291257099307,0.0032101291257099307,0.0
5.2025,0.00040126614071374134,0.00040126614071374134,0.0
5.2075000000000005,0.0,0.0,0.0
5.2125,0.0,0.0,0.0
5.2175,0.0,0.0,0.0
5.2225,0.0,0.0,0.0
5.2275,0.0,0.0,0.0
5.2325,0.0,0.0,0.0
5.2375,0.0,0.0,0.0
5.2425,0.0,0.0,0.0
5.2475000000000005,0.0,0.0,0.0
5.2525,0.0,0.0,0.0
5.2575,0.0,0.0,0.0
5.2625,0.0,0.0,0.0
5.2675,0.0,0.0,0.0
5.2725,0.0,0.0,0.0
5.2775,0.0,0.0,0.0
5.2825,0.0,0.0,0.0
5.2875000000000005,0.0,0.0,0.0
5.2925,0.0,0.0,0.0
5.2975,0.0,0.0,0.0
5.3025,0.0,0.0,0.0
5.3075,0.0,0.0,0.0
5.3125,0.0,0.0,0.0
5.3175,0.0,0.0,0.0
5.3225,0.0,0.0,0.0
5.3275,0.0,0.0,0.0
5.3325000000000005,0.0,0.0,0.0
5.3375,0.0,0.0,0.0
5.3425,0.0,0.0,0.0
5.3475,0.0,0.0,0.0
5.3525,0.0009530070841951357,0.0009530070841951357,0.0
5.3575,0.008276114152220916,0.008276114152220916,0.0
5.3625,0.01514779681194373,0.01514779681194373,0.0
5.3675,0.03265303220058069,0.03265303220058069,0.0
5.3725000000000005,0.04032724714173099,0.04032724714173099,0.0
5.3775,0.038722182578876024,0.038722182578876024,0.0
5.3825,0.06640954628812419,0.06640954628812419,0.0
5.3875,0.08973314071711043,0.08973314071711043,0.0
5.3925,0.08145702656488948,0.08145702656488948,0.0
5.3975,0.12193474850938815,0.12193474850938815,0.0
5.4025,0.17991770584252376,0.17991770584252376,0.0
5.4075,0.2042444656232943,0.2042444656232943,0.0
5.4125000000000005,0.22400682305344607,0.22400682305344607,0.0
5.4175,0.23679718128869656,0.23679718128869656,0.0
5.4225,0.21643292464747424,0.21643292464747424,0.0
5.4275,0.20218797665213645,0.20218797665213645,0.0
5.4325,0.19110299951491933,0.19110299951491933,0.0
5.4375,0.20464573176400808,0.20464573176400808,0.0
5.4425,0.23002581516415224,0.23002581516415224,0.0
5.4475,0.2425653820614566,0.2425653820614566,0.0
5.4525,0.21462722701426243,0.21462722701426243,0.0
5.4575000000000005,0.17500219561878042,0.17500219561878042,0.0
5.4625,0.14581008388185576,0.14581008388185576,0.0
5.4675,0.16020550667996122,0.16020550667996122,0.0
5.4725,0.1726447570420872,0.1726447570420872,0.0
5.4775,0.1917048987259899,0.1917048987259899,0.0
5.4825,0.1529325578795247,0.1529325578795247,0.0
5.4875,0.1293581721125924,0.1293581721125924,0.0
5.4925,0.10528220366976793,0.10528220366976793,0.0
5.4975000000000005,0.10232286588200405,0.10232286588200405,0.0
5.5025,0.09775846353138523,0.09775846353138523,0.0
5.5075,0.09931336982665101,0.09931336982665101,0.0
5.5125,0.0856703210423838,0.0856703210423838,0.0
5.5175,0.0879274430838986,0.0879274430838986,0.0
5.5225,0.09349501078630174,0.09349501078630174,0.0
5.5275,0.09319406118076642,0.09319406118076642,0.0
5.5325,0.09188994622344679,0.09188994622344679,0.0
5.5375000000000005,0.07468566044034512,0.07468566044034512,0.0
5.5425,0.05968833843116903,0.05968833843116903,0.0
5.5475,0.02156805506336359,0.02156805506336359,0.0
5.5525,0.006971999194901255,0.006971999194901255,0.0
5.5575,0.008677380292934654,0.008677380292934654,0.0
5.5625,0.002658388182228536,0.002658388182228536,0.0
5.5675,0.0031098125905314952,0.0031098125905314952,0.0
5.5725,0.009128804701237616,0.009128804701237616,0.0
5.5775,0.0026583881822285363,0.0026583881822285363,0.0
5.5825000000000005,0.0,0.0,0.0
5.5875,0.0,0.0,0.0
5.5925,0.0,0.0,0.0
5.5975,0.0,0.0,0.0
5.6025,0.0,0.0,0.0
5.6075,0.0,0.0,0.0
5.6125,0.0,0.0,0.0
5.6175,0.0,0.0,0.0
5.6225000000000005,0.0,0.0,0.0
5.6275,0.0,0.0,0.0
5.6325,0.0,0.0,0.0
5.6375,0.0,0.0,0.0
5.6425,0.0,0.0,0.0
5.6475,0.0,0.0,0.0
5.6525,0.0,0.0,0.0
5.6575,0.0,0.0,0.0
5.6625000000000005,0.0,0.0,0.0
5.6675,0.0,0.0,0.0
5.6725,0.0,0.0,0.0
5.6775,0.0,0.0,0.0
5.6825,0.0,0.0,0.0
5.6875,0.0,0.0,0.0
5.6925,0.0,0.0,0.0
5.6975,0.0,0.0,0.0
5.7025,0.0,0.0,0.0
5.7075000000000005,0.0,0.0,0.0
5.7125,0.0,0.0,0.0
5.7175,0.0,0.0,0.0
5.7225,0.0,0.0,0.0
5.7275,0.0,0.0,0.0
5.7325,0.0,0.0,0.0
5.7375,0.0,0.0,0.0
5.7425,0.0,0.0,0.0
5.7475000000000005,0.0,0.0,0.0
5.7525,0.0,0.0,0.0
5.7575,0.0,0.0,0.0
5.7625,0.0,0.0,0.0
5.7675,0.0,0.0,0.0
5.7725,0.0,0.0,0.0
5.7775,0.0,0.0,0.0
5.7825,0.0,0.0,0.0
5.7875000000000005,0.0,0.0,0.0
5.7925,0.0,0.0,0.0
5.7975,0.0,0.0,0.0
5.8025,0.0,0.0,0.0
5.8075,0.0,0.0,0.0
5.8125,0.0,0.0,0.0
5.8175,0.0,0.0,0.0
5.8225,0.0,0.0,0.0
5.8275,0.0,0.0,0.0
5.8325000000000005,0.0,0.0,0.0
5.8375,0.0,0.0,0.0
5.8425,0.0,0.0,0.0
5.8475,0.0,0.0,0.0
5.8525,0.0,0.0,0.0
5.8575,0.0,0.0,0.0
5.8625,0.0,0.0,0.0
5.8675,0.0,0.0,0.0
5.8725000000000005,0.0,0.0,0.0
5.8775,0.0,0.0,0.0
5.8825,0.0,0.0,0.0
5.8875,0.0,0.0,0.0
5.8925,0.0,0.0,0.0
5.8975,0.0,0.0,0.0
5.9025,0.0,0.0,0.0
5.9075,0.0,0.0,0.0
5.9125000000000005,0.0,0.0,0.0
5.9175,0.0,0.0,0.0
5.9225,0.0,0.0,0.0
5.9275,0.0,0.0,0.0
5.9325,0.0,0.0,0.0
5.9375,0.0,0.0,0.0
5.9425,0.0,0.0,0.0
5.9475,0.0,0.0,0.0
5.9525,0.0,0.0,0.0
5.9575000000000005,0.0,0.0,0.0
5.9625,0.0,0.0,0.0
5.9675,0.0,0.0,0.0
5.9725,0.0,0.0,0.0
5.9775,0.0,0.0,0.0
5.9825,0.0,0.0,0.0
5.9875,0.0,0.0,0.0
5.9925,0.0,0.0,0.0
5.9975000000000005,0.0,0.0,0.0
6.0025,0.0,0.0,0.0
6.0075,0.0,0.0,0.0
6.0125,0.0,0.0,0.0
6.0175,0.0,0.0,0.0
6.0225,0.0,0.0,0.0
6.0275,0.0,0.0,0.0
6.0325,0.0,0.0,0.0
6.0375000000000005,0.0,0.0,0.0
6.0425,0.0,0.0,0.0
6.0475,0.0,0.0,0.0
6.0525,0.0,0.0,0.0
6.0575,0.0,0.0,0.0
6.0625,0.0,0.0,0.0
6.0675,0.0,0.0,0.0
6.0725,0.0,0.0,0.0
6.077500000000001,0.0,0.0,0.0
6.0825000000000005,0.0,0.0,0.0
6.0875,0.0,0.0,0.0
6.0925,0.0,0.0,0.0
6.0975,0.0,0.0,0.0
6.1025,0.0,0.0,0.0
6.1075,0.0,0.0,0.0
6.1125,0.0,0.0,0.0
6.1175,0.0,0.0,0.0
6.1225000000000005,0.0,0.0,0.0
6.1275,0.0,0.0,0.0
6.1325,0.0,0.0,0.0
6.1375,0.0,0.0,0.0
6.1425,0.0,0.0,0.0
6.1475,0.0,0.0,0.0
6.1525,0.0,0.0,0.0
6.1575,0.0002507913379460883,0.0002507913379460883,0.0
6.1625000000000005,0.00386218660436976,0.00386218660436976,0.0
6.1675,0.007774531476328738,0.007774531476328738,0.0
6.1725,0.01911029995149193,0.01911029995149193,0.0
6.1775,0.035813003058701415,0.035813003058701415,0.0
6.1825,0.036465060537361225,0.036465060537361225,0.0
6.1875,0.024376918048359782,0.024376918048359782,0.0
6.1925,0.04609544791449102,0.04609544791449102,0.0
6.1975,0.07202727225811657,0.07202727225811657,0.0
6.202500000000001,0.06540638093633985,0.06540638093633985,0.0
6.2075000000000005,0.06836571872410369,0.06836571872410369,0.0
6.2125,0.09705624778513619,0.09705624778513619,0.0
6.2175,0.14716435710676462,0.14716435710676462,0.0
6.2225,0.17961675623698847,0.17961675623698847,0.0
6.2275,0.20705332860829054,0.20705332860829054,0.0
6.2325,0.255556373367064,0.255556373367064,0.0
6.2375,0.22230144195541268,0.22230144195541268,0.0
6.2425,0.22581252068665794,0.22581252068665794,0.0
6.2475000000000005,0.23012613169933072,0.23012613169933072,0.0
6.2525,0.2275179017846913,0.2275179017846913,0.0
6.2575,0.15233065866845408,0.15233065866845408,0.0
6.2625,0.09309374464558799,0.09309374464558799,0.0
6.2675,0.0968054564471901,0.0968054564471901,0.0
6.2725,0.11235451939984757,0.11235451939984757,0.0
6.2775,0.12795374062009426,0.12795374062009426,0.0
6.2825,0.12358997133983236,0.12358997133983236,0.0
6.2875000000000005,0.08461699742301022,0.08461699742301022,0.0
6.2925,0.08341319900086898,0.08341319900086898,0.0
6.2975,0.08210908404354934,0.08210908404354934,0.0
6.3025,0.0715256895822244,0.0715256895822244,0.0
6.3075,0.08938203284398588,0.08938203284398588,0.0
6.3125,0.08251035018426307,0.08251035018426307,0.0
6.3175,0.07433455256722057,0.07433455256722057,0.0
6.3225,0.06926856754070959,0.06926856754070959,0.0
6.327500000000001,0.10658631862708755,0.10658631862708755,0.0
6.3325000000000005,0.11476211624413,0.11476211624413,0.0
6.3375,0.1456094508114989,0.1456094508114989,0.0
6.3425,0.13898855948972214,0.13898855948972214,0.0
6.3475,0.15604237047005615,0.15604237047005615,0.0
6.3525,0.14455612719212532,0.14455612719212532,0.0
6.3575,0.15995471534201516,0.15995471534201516,0.0
6.3625,0.17374823892905003,0.17374823892905003,0.0
6.3675,0.18342878457376904,0.18342878457376904,0.0
6.3725000000000005,0.08105576042417575,0.08105576042417575,0.0
6.3775,0.04589481484413416,0.04589481484413416,0.0
6.3825,0.011335768475163191,0.011335768475163191,0.0
6.3875,0.008075481081864044,0.008075481081864044,0.0
6.3925,0.015197955079532949,0.015197955079532949,0.0
6.3975,0.012840516502839723,0.012840516502839723,0.0
6.4025,0.002407596844282448,0.002407596844282448,0.0
6.4075,0.000300949605535306,0.000300949605535306,0.0
6.4125000000000005,0.0,0.0,0.0
6.4175,0.0,0.0,0.0
6.4225,0.0,0.0,0.0
6.4275,0.0,0.0,0.0
6.4325,0.0,0.0,0.0
6.4375,0.0,0.0,0.0
6.4425,0.0,0.0,0.0
6.4475,0.0,0.0,0.0
6.452500000000001,0.0,0.0,0.0
6.4575000000000005,0.0,0.0,0.0
6.4625,0.0,0.0,0.0
6.4675,0.0,0.0,0.0
6.4725,0.0,0.0,0.0
6.4775,0.0,0.0,0.0
6.4825,0.0,0.0,0.0
6.4875,0.0,0.0,0.0
6.4925,0.0,0.0,0.0
6.4975000000000005,0.0,0.0,0.0
6.5025,0.0,0.0,0.0
6.5075,0.0,0.0,0.0
6.5125,0.0,0.0,0.0
6.5175,0.0,0.0,0.0
6.5225,0.0,0.0,0.0
6.5275,0.0,0.0,0.0
6.5325,0.0,0.0,0.0
6.5375000000000005,0.0,0.0,0.0
6.5425,0.0,0.0,0.0
6.5475,0.0,0.0,0.0
6.5525,0.0,0.0,0.0
6.5575,0.0,0.0,0.0
6.5625,0.0,0.0,0.0
6.5675,0.0,0.0,0.0
6.5725,0.0,0.0,0.0
6.577500000000001,0.0,0.0,0.0
6.5825000000000005,0.0,0.0,0.0
6.5875,0.0,0.0,0.0
6.5925,0.0,0.0,0.0
6.5975,0.0,0.0,0.0
6.6025,0.0,0.0,0.0
6.6075,0.0,0.0,0.0
6.6125,0.0,0.0,0.0
6.6175,0.0,0.0,0.0
6.6225000000000005,0.0,0.0,0.0
6.6275,0.0,0.0,0.0
6.6325,0.0,0.0,0.0
6.6375,0.0,0.0,0.0
6.6425,0.0,0.0,0.0
6.6475,0.0,0.0,0.0
6.6525,0.0,0.0,0.0
6.6575,0.0,0.0,0.0
6.6625000000000005,0.0,0.0,0.0
6.6675,0.0,0.0,0.0
6.6725,0.0,0.0,0.0
6.6775,0.0,0.0,0.0
6.6825,0.0,0.0,0.0
6.6875,0.0,0.0,0.0
6.6925,0.0,0.0,0.0
6.6975,0.0,0.0,0.0
6.702500000000001,0.0,0.0,0.0
6.7075000000000005,0.0,0.0,0.0
6.7125,0.0,0.0,0.0
6.7175,0.0,0.0,0.0
6.7225,0.0,0.0,0.0
6.7275,0.0,0.0,0.0
6.7325,0.0,0.0,0.0
6.7375,0.0,0.0,0.0
6.7425,0.0,0.0,0.0
6.7475000000000005,0.0,0.0,0.0
6.7525,0.0,0.0,0.0
6.7575,0.0,0.0,0.0
6.7625,0.0,0.0,0.0
6.7675,0.0,0.0,0.0
6.7725,0.0,0.0,0.0
6.7775,0.0,0.0,0.0
6.7825,0.0,0.0,0.0
6.7875000000000005,0.0,0.0,0.0
6.7925,0.0,0.0,0.0
6.7975,0.0,0.0,0.0
6.8025,0.0,0.0,0.0
6.8075,0.0,0.0,0.0
6.8125,0.0,0.0,0.0
6.8175,0.0,0.0,0.0
6.8225,0.0,0.0,0.0
6.827500000000001,0.0,0.0,0.0
6.8325000000000005,0.0,0.0,0.0
6.8375,0.0,0.0,0.0
6.8425,0.0,0.0,0.0
6.8475,0.0,0.0,0.0
6.8525,0.0,0.0,0.0
6.8575,0.0,0.0,0.0
6.8625,0.0,0.0,0.0
6.8675,0.0,0.0,0.0
6.8725000000000005,0.0,0.0,0.0
6.8775,0.0,0.0,0.0
6.8825,0.0,0.0,0.0
6.8875,0.0,0.0,0.0
6.8925,0.0,0.0,0.0
6.8975,0.0,0.0,0.0
6.9025,0.0,0.0,0.0
6.9075,0.0,0.0,0.0
6.9125000000000005,0.0,0.0,0.0
6.9175,0.0,0.0,0.0
6.9225,0.0,0.0,0.0
6.9275,0.0,0.0,0.0
6.9325,0.0,0.0,0.0
6.9375,0.0,0.0,0.0
6.9425,0.0,0.0,0.0
6.9475,0.0,0.0,0.0
6.952500000000001,0.0,0.0,0.0
6.9575000000000005,0.0,0.0,0.0
6.9625,0.0,0.0,0.0
6.9675,0.0,0.0,0.0
6.9725,0.0,0.0,0.0
6.9775,0.0,0.0,0.0
6.9825,0.0,0.0,0.0
6.9875,0.0,0.0,0.0
6.9925,0.0,0.0,0.0
6.9975000000000005,0.0,0.0,0.0
7.0025,0.0,0.0,0.0
7.0075,0.0,0.0,0.0
7.0125,0.0,0.0,0.0
7.0175,0.0,0.0,0.0
7.0225,0.0,0.0,0.0
7.0275,0.0,0.0,0.0
7.0325,0.0,0.0,0.0
7.0375000000000005,0.0,0.0,0.0
7.0425,0.0,0.0,0.0
7.0475,0.0,0.0,0.0
7.0525,0.0,0.0,0.0
7.0575,0.0,0.0,0.0
7.0625,0.0,0.0,0.0
7.0675,0.0,0.0,0.0
7.0725,0.0,0.0,0.0
7.077500000000001,0.0,0.0,0.0
7.0825000000000005,0.0,0.0,0.0
7.0875,0.0,0.0,0.0
7.0925,0.0,0.0,0.0
7.0975,0.0,0.0,0.0
7.1025,0.0,0.0,0.0
7.1075,0.0,0.0,0.0
7.1125,0.0,0.0,0.0
7.1175,0.0,0.0,0.0
7.1225000000000005,0.0,0.0,0.0
7.1275,0.0,0.0,0.0
7.1325,0.0,0.0,0.0
7.1375,0.0,0.0,0.0
7.1425,0.0,0.0,0.0
7.1475,0.0,0.0,0.0
7.1525,0.0,0.0,0.0
7.1575,0.0,0.0,0.0
7.1625000000000005,0.0,0.0,0.0
7.1675,0.0,0.0,0.0
7.1725,0.0,0.0,0.0
7.1775,0.0,0.0,0.0
7.1825,0.0,0.0,0.0
7.1875,0.0,0.0,0.0
7.1925,0.0,0.0,0.0
7.1975,0.0,0.0,0.0
7.202500000000001,0.0,0.0,0.0
7.2075000000000005,0.0,0.0,0.0
7.2125,0.0,0.0,0.0
7.2175,0.0,0.0,0.0
7.2225,0.0,0.0,0.0
7.2275,0.0,0.0,0.0
7.2325,0.0,0.0,0.0
7.2375,0.0,0.0,0.0
7.2425,0.0,0.0,0.0
7.2475000000000005,0.0,0.0,0.0
7.2525,0.0,0.0,0.0
7.2575,0.0,0.0,0.0
7.2625,0.0,0.0,0.0
7.2675,0.0,0.0,0.0
7.2725,0.0,0.0,0.0
7.2775,0.0,0.0,0.0
7.2825,0.0,0.0,0.0
7.2875000000000005,0.0,0.0,0.0
7.2925,0.013693207051856423,0.013693207051856423,0.0
7.2975,0.03225176605986695,0.03225176605986695,0.0
7.3025,0.038722182578876024,0.038722182578876024,0.0
7.3075,0.05562551875644238,0.05562551875644238,0.0
7.3125,0.07975164546685609,0.07975164546685609,0.0
7.3175,0.14636182482533713,0.14636182482533713,0.0
7.3225,0.1676790885507546,0.1676790885507546,0.0
7.327500000000001,0.20369272467981292,0.20369272467981292,0.0
7.3325000000000005,0.19822547351258826,0.19822547351258826,0.0
7.3375,0.15965376573647988,0.15965376573647988,0.0
7.3425,0.17134064208476754,0.17134064208476754,0.0
7.3475,0.19486486958411064,0.19486486958411064,0.0
7.3525,0.1718923830282489,0.1718923830282489,0.0
7.3575,0.14731483190953232,0.14731483190953232,0.0
7.3625,0.20660190419998758,0.20660190419998758,0.0
7.3675,0.17690820978717073,0.17690820978717073,0.0
7.3725000000000005,0.19105284124733007,0.19105284124733007,0.0
7.3775,0.19682104202009015,0.19682104202009015,0.0
7.3825,0.29101826855264085,0.29101826855264085,0.0
7.3875,0.3585814549953172,0.3585814549953172,0.0
7.3925,0.33274994718687,0.33274994718687,0.0
7.3975,0.28785829769452015,0.28785829769452015,0.0
7.4025,0.2647353363358908,0.2647353363358908,0.0
7.4075,0.21593134197158206,0.21593134197158206,0.0
7.4125000000000005,0.17334697278833625,0.17334697278833625,0.0
7.4175,0.16015534841237203,0.16015534841237203,0.0
7.4225,0.11416021703305942,0.11416021703305942,0.0
7.4275,0.09645434857406558,0.09645434857406558,0.0
7.4325,0.05246554789832169,0.05246554789832169,0.0
7.4375,0.01414463146015938,0.01414463146015938,0.0
7.4425,0.02573119127326866,0.02573119127326866,0.0
7.4475,0.02071536451434689,0.02071536451434689,0.0
7.452500000000001,0.024025810175235255,0.024025810175235255,0.0
7.4575000000000005,0.02071536451434689,0.02071536451434689,0.0
7.4625,0.010483077926146491,0.010483077926146491,0.0
7.4675,0.00010031653517843533,0.00010031653517843533,0.0
7.4725,0,0,0
