omega,S,S_edge,S_cont,Sr,Sr_edge,Sr_cont
-1.0274999999999999,0.0,0.0,0.0
-1.022499999999999,0.014441587269286923,0.014441587269286923,0.0
-1.0175,1.9313506324620797,1.9313506324620797,0.0
-1.0124999999999993,8.235575185642647,8.235575185642647,0.0
-1.0075000000000003,6.98198735403633,6.98198735403633,0.0
-1.0024999999999995,5.063215658559253,5.063215658559253,0.0
-0.9975000000000005,4.026445158099698,4.026445158099698,0.0
-0.9924999999999997,3.500960065552439,3.500960065552439,0.0
-0.9874999999999989,3.1518945642194303,3.1518945642194303,0.0
-0.9824999999999999,2.9097500272586956,2.9097500272586956,0.0
-0.9774999999999991,2.7230011935587073,2.7230011935587073,0.0
-0.9725000000000001,2.5521695531973974,2.5521695531973974,0.0
-0.9674999999999994,2.426041519659607,2.426041519659607,0.0
-0.9625000000000004,2.32586963878504,2.32586963878504,0.0
-0.9574999999999996,2.232785505096236,2.232785505096236,0.0
-0.9525000000000006,2.1300978368246737,2.1300978368246737,0.0
-0.9474999999999998,2.070904262205,2.070904262205,0.0
-0.942499999999999,2.0333609733575404,2.0333609733575404,0.0
-0.9375,1.9310119687740344,1.9310119687740344,0.0
-0.9324999999999992,1.9101115811682328,1.9101115811682328,0.0
-0.9275000000000002,1.8361619458546476,1.8361619458546476,0.0
-0.9224999999999994,1.8128183416421486,1.8128183416421486,0.0
-0.9175000000000004,1.7641959121425397,1.7641959121425397,0.0
-0.9124999999999996,1.7241126456346523,1.7241126456346523,0.0
-0.9075000000000006,1.6927620642259489,1.6927620642259489,0.0
-0.9024999999999999,1.6645078365366237,1.6645078365366237,0.0
-0.8974999999999991,1.6051449300729215,1.6051449300729215,0.0
-0.8925000000000001,1.6198768005034003,1.6198768005034003,0.0
-0.8874999999999993,1.5714720833746851,1.5714720833746851,0.0
-0.8825000000000003,1.5272522818198162,1.5272522818198162,0.0
-0.8774999999999995,1.5222448972892595,1.5222448972892595,0.0
-0.8725000000000005,1.4928053466917348,1.4928053466917348,0.0
-0.8674999999999997,1.4700664990650518,1.4700664990650518,0.0
-0.8624999999999989,1.4538348323017494,1.4538348323017494,0.0
-0.8574999999999999,1.4301767546646262,1.4301767546646262,0.0
-0.8524999999999991,1.41116320760657,1.41116320760657,0.0
-0.8475000000000001,1.3833202143955998,1.3833202143955998,0.0
-0.8424999999999994,1.3577752962107306,1.3577752962107306,0.0
-0.8375000000000004,1.3353267317452393,1.3353267317452393,0.0
-0.8324999999999996,1.3261344316408354,1.3261344316408354,0.0
-0.8275000000000006,1.3217559939595276,1.3217559939595276,0.0
-0.8224999999999998,1.318683830503582,1.318683830503582,0.0
-0.817499999999999,1.2914697841418603,1.2914697841418603,0.0
-0.8125,1.2695050249450217,1.2695050249450217,0.0
-0.8074999999999992,1.2476128365384813,1.2476128365384813,0.0
-0.8025000000000002,1.2332680103229252,1.2332680103229252,0.0
-0.7974999999999994,1.2184151885752834,1.2184151885752834,0.0
-0.7925000000000004,1.2052314950044938,1.2052314950044938,0.0
-0.7874999999999996,1.193813690664287,1.193813690664287,0.0
-0.7825000000000006,1.1808960899912564,1.1808960899912564,0.0
-0.7774999999999999,1.1666722150928632,1.1666722150928632,0.0
-0.7724999999999991,1.1490375130504678,1.1490375130504678,0.0
-0.7675000000000001,1.1337250762976054,1.1337250762976054,0.0
-0.7624999999999993,1.1233232630215697,1.1233232630215697,0.0
-0.7575000000000003,1.108663963381389,1.108663963381389,0.0
-0.7524999999999995,1.0962785485038766,1.0962785485038766,0.0
-0.7475000000000005,1.0856348325935146,1.0856348325935146,0.0
-0.7424999999999997,1.0724511390227247,1.0724511390227247,0.0
-0.7374999999999989,1.0707336303190071,1.0707336303190071,0.0
-0.7324999999999999,1.0542116803945134,1.0542116803945134,0.0
-0.7274999999999991,1.0627024628593704,1.0627024628593704,0.0
-0.7225000000000001,1.0549131980340598,1.0549131980340598,0.0
-0.7174999999999994,1.0306019832842552,1.0306019832842552,0.0
-0.7125000000000004,0.9995416850367438,0.9995416850367438,0.0
-0.7074999999999996,0.9793186248070554,0.9793186248070554,0.0
-0.7025000000000006,0.9826085006338947,0.9826085006338947,0.0
-0.6974999999999998,1.0176360020843596,1.0176360020843596,0.0
-0.692499999999999,1.0211194000186599,1.0211194000186599,0.0
-0.6875,0.950798304219971,0.950798304219971,0.0
-0.6824999999999992,0.9053447992300379,0.9053447992300379,0.0
-0.6775000000000002,0.9296802042432754,0.9296802042432754,0.0
-0.6724999999999994,0.9976790347524301,0.9976790347524301,0.0
-0.6675000000000004,0.9808184211398792,0.9808184211398792,0.0
-0.6624999999999996,0.8501426180767501,0.8501426180767501,0.0
-0.6575000000000006,0.8633021213841071,0.8633021213841071,0.0
-0.6524999999999999,0.9690861433750481,0.9690861433750481,0.0
-0.6474999999999991,0.9539914189930797,0.9539914189930797,0.0
-0.6425000000000001,0.8136395105568943,0.8136395105568943,0.0
-0.6374999999999993,0.8332336239373336,0.8332336239373336,0.0
-0.6325000000000003,0.9627966748825614,0.9627966748825614,0.0
-0.6274999999999995,0.8805981597384459,0.8805981597384459,0.0
-0.6225000000000005,0.7399317778776358,0.7399317778776358,0.0
-0.6174999999999997,0.9173189796291954,0.9173189796291954,0.0
-0.6124999999999989,0.8880729511391319,0.8880729511391319,0.0
-0.6074999999999999,0.7507932061588918,0.7507932061588918,0.0
-0.6024999999999991,0.822686669080702,0.822686669080702,0.0
-0.5975000000000001,0.9044981400098955,0.9044981400098955,0.0
-0.5924999999999994,0.737488561270939,0.737488561270939,0.0
-0.5875000000000004,0.7845870041742917,0.7845870041742917,0.0
-0.5824999999999996,0.8802836863138214,0.8802836863138214,0.0
-0.5775000000000006,0.7158866560255903,0.7158866560255903,0.0
-0.5724999999999998,0.7805230399176081,0.7805230399176081,0.0
-0.567499999999999,0.8236542796180077,0.8236542796180077,0.0
-0.5625,0.7017111616540624,0.7017111616540624,0.0
-0.5574999999999992,0.8142200768792774,0.8142200768792774,0.0
-0.5525000000000002,0.7188378681643725,0.7188378681643725,0.0
-0.5474999999999994,0.708000630146549,0.708000630146549,0.0
-0.5425000000000004,0.8308145975940695,0.8308145975940695,0.0
-0.5374999999999996,0.6571043158842717,0.6571043158842717,0.0
-0.5325000000000006,0.7710888371788779,0.7710888371788779,0.0
-0.5274999999999999,0.6841490304019647,0.6841490304019647,0.0
-0.5224999999999991,0.6795286900863301,0.6795286900863301,0.0
-0.5175000000000001,0.7841515794325044,0.7841515794325044,0.0
-0.5124999999999993,0.6193916951927837,0.6193916951927837,0.0
-0.5075000000000003,0.7836435839004187,0.7836435839004187,0.0
-0.5024999999999995,0.6064740945197531,0.6064740945197531,0.0
-0.4975000000000005,0.7194668150136212,0.7194668150136212,0.0
-0.4924999999999997,0.652895210046992,0.652895210046992,0.0
-0.48749999999999893,0.6557496611320436,0.6557496611320436,0.0
-0.48249999999999993,0.693970277355617,0.693970277355617,0.0
-0.47749999999999915,0.60168442236009,0.60168442236009,0.0
-0.47250000000000014,0.7054122719592565,0.7054122719592565,0.0
-0.46749999999999936,0.5802760392222024,0.5802760392222024,0.0
-0.46250000000000036,0.6947685560488942,0.6947685560488942,0.0
-0.4574999999999996,0.568495380930506,0.568495380930506,0.0
-0.45250000000000057,0.6818025748489983,0.6818025748489983,0.0
-0.4474999999999998,0.5670923456514128,0.5670923456514128,0.0
-0.442499999999999,0.6598378156521599,0.6598378156521599,0.0
-0.4375,0.571059548854366,0.571059548854366,0.0
-0.4324999999999992,0.6326963400807362,0.6326963400807362,0.0
-0.4275000000000002,0.5723658230797286,0.5723658230797286,0.0
-0.42249999999999943,0.6172387617472784,0.6172387617472784,0.0
-0.4175000000000004,0.5670197748611148,0.5670197748611148,0.0
-0.41249999999999964,0.5995798694414501,0.5995798694414501,0.0
-0.40750000000000064,0.5599320276753509,0.5599320276753509,0.0
-0.40249999999999986,0.5921534585676292,0.5921534585676292,0.0
-0.3974999999999991,0.5334920697434739,0.5334920697434739,0.0
-0.39250000000000007,0.5891054853751166,0.5891054853751166,0.0
-0.3874999999999993,0.5292345833793289,0.5292345833793289,0.0
-0.3825000000000003,0.5584806118693925,0.5584806118693925,0.0
-0.3774999999999995,0.5493608825552867,0.5493608825552867,0.0
-0.3725000000000005,0.5070279215481642,0.5070279215481642,0.0
-0.3674999999999997,0.590943945395997,0.590943945395997,0.0
-0.36249999999999893,0.4521402138195008,0.4521402138195008,0.0
-0.35749999999999993,0.614843925667447,0.614843925667447,0.0
-0.35249999999999915,0.46832350005593787,0.46832350005593787,0.0
-0.34750000000000014,0.5298635302285777,0.5298635302285777,0.0
-0.34249999999999936,0.5350402466031629,0.5350402466031629,0.0
-0.33750000000000036,0.42279742427570677,0.42279742427570677,0.0
-0.3324999999999996,0.6150132575114754,0.6150132575114754,0.0
-0.32750000000000057,0.39626070529009905,0.39626070529009905,0.0
-0.3224999999999998,0.5672374872320086,0.5672374872320086,0.0
-0.317499999999999,0.485788870254305,0.485788870254305,0.0
-0.3125,0.40799298305493026,0.40799298305493026,0.0
-0.3074999999999992,0.5847754282206736,0.5847754282206736,0.0
-0.3025000000000002,0.39287406840952926,0.39287406840952926,0.0
-0.29749999999999943,0.5162686021794332,0.5162686021794332,0.0
-0.2925000000000004,0.4775399904237743,0.4775399904237743,0.0
-0.28749999999999964,0.4088880228019381,0.4088880228019381,0.0
-0.28250000000000064,0.522146836193565,0.522146836193565,0.0
-0.27749999999999986,0.4259905390488155,0.4259905390488155,0.0
-0.2724999999999991,0.45286592172247997,0.45286592172247997,0.0
-0.26750000000000007,0.4392951839367682,0.4392951839367682,0.0
-0.2624999999999993,0.45673636387170274,0.45673636387170274,0.0
-0.2575000000000003,0.4503501343254853,0.4503501343254853,0.0
-0.2524999999999995,0.38977771469015116,0.38977771469015116,0.0
-0.2475000000000005,0.49539240483706365,0.49539240483706365,0.0
-0.24249999999999972,0.40847678832358303,0.40847678832358303,0.0
-0.23749999999999893,0.38044027300515165,0.38044027300515165,0.0
-0.23249999999999993,0.4992386567228536,0.4992386567228536,0.0
-0.22749999999999915,0.36174119937171967,0.36174119937171967,0.0
-0.22250000000000014,0.3953172850162262,0.3953172850162262,0.0
-0.21749999999999936,0.4904092105699396,0.4904092105699396,0.0
-0.21250000000000036,0.3337288743167208,0.3337288743167208,0.0
-0.20749999999999957,0.4012922800840886,0.4012922800840886,0.0
-0.20250000000000057,0.4719762298342668,0.4719762298342668,0.0
-0.1974999999999998,0.3324709806182234,0.3324709806182234,0.0
-0.192499999999999,0.3794242819409807,0.3794242819409807,0.0
-0.1875,0.45917958047839946,0.45917958047839946,0.0
-0.18249999999999922,0.351460337412847,0.351460337412847,0.0
-0.1775000000000002,0.3457030547158785,0.3457030547158785,0.0
-0.17249999999999943,0.43382818440099125,0.43382818440099125,0.0
-0.16750000000000043,0.37819057850591586,0.37819057850591586,0.0
-0.16249999999999964,0.32731845450707103,0.32731845450707103,0.0
-0.15750000000000064,0.37794867587158953,0.37794867587158953,0.0
-0.15249999999999986,0.41723366368619924,0.41723366368619924,0.0
-0.14749999999999908,0.31841643756385885,0.31841643756385885,0.0
-0.14250000000000007,0.32494780869067225,0.32494780869067225,0.0
-0.1374999999999993,0.4346748436211337,0.4346748436211337,0.0
-0.13250000000000028,0.33481743617118986,0.33481743617118986,0.0
-0.1274999999999995,0.29354884675510345,0.29354884675510345,0.0
-0.1225000000000005,0.37446527793728923,0.37446527793728923,0.0
-0.11749999999999972,0.384794520423027,0.384794520423027,0.0
-0.11249999999999893,0.30547464662739576,0.30547464662739576,0.0
-0.10749999999999993,0.2967661517916448,0.2967661517916448,0.0
-0.10249999999999915,0.39483347974757343,0.39483347974757343,0.0
-0.09750000000000014,0.3477108465807877,0.3477108465807877,0.0
-0.09249999999999936,0.27968782580819995,0.27968782580819995,0.0
-0.08750000000000036,0.31118354879749915,0.31118354879749915,0.0
-0.08249999999999957,0.38109341011783293,0.38109341011783293,0.0
-0.07750000000000057,0.3158038891131335,0.3158038891131335,0.0
-0.07249999999999979,0.279010498432086,0.279010498432086,0.0
-0.067499999999999,0.2965000588938858,0.2965000588938858,0.0
-0.0625,0.38375433909542356,0.38375433909542356,0.0
-0.05749999999999922,0.29785471364611366,0.29785471364611366,0.0
-0.05250000000000021,0.2719227512463221,0.2719227512463221,0.0
-0.04749999999999943,0.27274522020303194,0.27274522020303194,0.0
-0.042500000000000426,0.3806337951126127,0.3806337951126127,0.0
-0.037499999999999645,0.29553244835658005,0.29553244835658005,0.0
-0.03250000000000064,0.26319006614713847,0.26319006614713847,0.0
-0.027499999999999858,0.24831305413606403,0.24831305413606403,0.0
-0.022499999999999076,0.3700384597291158,0.3700384597291158,0.0
-0.01750000000000007,0.3053536953102325,0.3053536953102325,0.0
-0.01249999999999929,0.25697316844494966,0.25697316844494966,0.0
-0.007500000000000284,0.2215102422526974,0.2215102422526974,0.0
-0.0024999999999995026,0.34459030259797696,0.34459030259797696,0.0
0.0024999999999995026,0.319819472842952,0.319819472842952,0.0
0.007500000000000284,0.26602032696875755,0.26602032696875755,0.0
0.012500000000001066,0.20186774834539253,0.20186774834539253,0.0
0.01750000000000007,0.30165258500503844,0.30165258500503844,0.0
0.022500000000000853,0.3346239140637287,0.3346239140637287,0.0
0.027499999999999858,0.2711244725530449,0.2711244725530449,0.0
0.03250000000000064,0.2159948621900551,0.2159948621900551,0.0
0.037499999999999645,0.2413462582674633,0.2413462582674633,0.0
0.042500000000000426,0.3073614871751418,0.3073614871751418,0.0
0.04749999999999943,0.29410522281405416,0.29410522281405416,0.0
0.05250000000000021,0.2597550487397034,0.2597550487397034,0.0
0.057500000000000995,0.20738312840803477,0.20738312840803477,0.0
0.0625,0.2636496811523587,0.2636496811523587,0.0
0.06750000000000078,0.2887833648588731,0.2887833648588731,0.0
0.07249999999999979,0.26210150429266965,0.26210150429266965,0.0
0.07750000000000057,0.25078046100619344,0.25078046100619344,0.0
0.08249999999999957,0.2166479993027364,0.2166479993027364,0.0
0.08750000000000036,0.26231921666356345,0.26231921666356345,0.0
0.09249999999999936,0.26481081379712545,0.26481081379712545,0.0
0.09750000000000014,0.23614535162944544,0.23614535162944544,0.0
0.10250000000000092,0.2605775176964132,0.2605775176964132,0.0
0.10749999999999993,0.22886408233622035,0.22886408233622035,0.0
0.11250000000000071,0.24088664326224318,0.24088664326224318,0.0
0.11749999999999972,0.2501757044203774,0.2501757044203774,0.0
0.1225000000000005,0.21139871213785325,0.21139871213785325,0.0
0.1274999999999995,0.2678829772530709,0.2678829772530709,0.0
0.13250000000000028,0.2431363377614788,0.2431363377614788,0.0
0.13750000000000107,0.22049425118852647,0.22049425118852647,0.0
0.14250000000000007,0.24855495677039047,0.24855495677039047,0.0
0.14750000000000085,0.18863567424773767,0.18863567424773767,0.0
0.15249999999999986,0.24838562492636201,0.24838562492636201,0.0
0.15750000000000064,0.25186902286066226,0.25186902286066226,0.0
0.16249999999999964,0.21761560984004205,0.21761560984004205,0.0
0.16750000000000043,0.2652220482754804,0.2652220482754804,0.0
0.17249999999999943,0.16952536613595098,0.16952536613595098,0.0
0.1775000000000002,0.21340650400276254,0.21340650400276254,0.0
0.182500000000001,0.22857379917502868,0.22857379917502868,0.0
0.1875,0.2604081858523848,0.2604081858523848,0.0
0.19250000000000078,0.2553766110583953,0.2553766110583953,0.0
0.1974999999999998,0.18532160815746576,0.18532160815746576,0.0
0.20250000000000057,0.18546674973806165,0.18546674973806165,0.0
0.20749999999999957,0.1772662504343962,0.1772662504343962,0.0
0.21250000000000036,0.24127368747716543,0.24127368747716543,0.0
0.21749999999999936,0.3026201955423441,0.3026201955423441,0.0
0.22250000000000014,0.21795427352809907,0.21795427352809907,0.0
0.22750000000000092,0.18283001102390373,0.18283001102390373,0.0
0.23249999999999993,0.14144047029065426,0.14144047029065426,0.0
0.2375000000000007,0.15609976993083496,0.15609976993083496,0.0
0.24249999999999972,0.29635491731328995,0.29635491731328995,0.0
0.2475000000000005,0.2964032978401552,0.2964032978401552,0.0
0.2524999999999995,0.22305841911238639,0.22305841911238639,0.0
0.2575000000000003,0.13355444441161318,0.13355444441161318,0.0
0.26250000000000107,0.11142035337074634,0.11142035337074634,0.0
0.26750000000000007,0.16171191104720775,0.16171191104720775,0.0
0.27250000000000085,0.32937462689884556,0.32937462689884556,0.0
0.27749999999999986,0.3044344652997921,0.3044344652997921,0.0
0.28250000000000064,0.20247250493120864,0.20247250493120864,0.0
0.28749999999999964,0.10174424799768975,0.10174424799768975,0.0
0.2925000000000004,0.09475326186565641,0.09475326186565641,0.0
0.29749999999999943,0.17097678194190946,0.17097678194190946,0.0
0.3025000000000002,0.3207870833802579,0.3207870833802579,0.0
0.307500000000001,0.34130042677113764,0.34130042677113764,0.0
0.3125,0.1756455027844092,0.1756455027844092,0.0
0.3175000000000008,0.09088281971643375,0.09088281971643375,0.0
0.3224999999999998,0.0889234083783898,0.0889234083783898,0.0
0.32750000000000057,0.1510681951368456,0.1510681951368456,0.0
0.3324999999999996,0.3178358712414756,0.3178358712414756,0.0
0.33750000000000036,0.3408650020293501,0.3408650020293501,0.0
0.34249999999999936,0.1836524799806135,0.1836524799806135,0.0
0.34750000000000014,0.09872046506860954,0.09872046506860954,0.0
0.3525000000000009,0.08231946646127872,0.08231946646127872,0.0
0.35749999999999993,0.1360218512817426,0.1360218512817426,0.0
0.3625000000000007,0.25116750522111575,0.25116750522111575,0.0
0.3674999999999997,0.35032339503151294,0.35032339503151294,0.0
0.3725000000000005,0.2281383744332411,0.2281383744332411,0.0
0.3774999999999995,0.12213664007140645,0.12213664007140645,0.0
0.3825000000000003,0.07174832134121441,0.07174832134121441,0.0
0.38750000000000107,0.12803906434897097,0.12803906434897097,0.0
0.39250000000000007,0.17854833439632622,0.17854833439632622,0.0
0.39750000000000085,0.30537788557366524,0.30537788557366524,0.0
0.40249999999999986,0.2915894354170595,0.2915894354170595,0.0
0.40750000000000064,0.16466312318599,0.16466312318599,0.0
0.41249999999999964,0.09221328420522902,0.09221328420522902,0.0
0.4175000000000004,0.10138139404620014,0.10138139404620014,0.0
0.42249999999999943,0.13144989149297337,0.13144989149297337,0.0
0.4275000000000002,0.23012197603471776,0.23012197603471776,0.0
0.432500000000001,0.29930612945207213,0.29930612945207213,0.0
0.4375,0.23902399297792976,0.23902399297792976,0.0
0.4425000000000008,0.13856182894216995,0.13856182894216995,0.0
0.4474999999999998,0.09898655796636863,0.09898655796636863,0.0
0.45250000000000057,0.10159910641709388,0.10159910641709388,0.0
0.4574999999999996,0.13043390042880249,0.13043390042880249,0.0
0.46250000000000036,0.2575779250307657,0.2575779250307657,0.0
0.46749999999999936,0.2762286181373322,0.2762286181373322,0.0
0.47250000000000014,0.213575835846791,0.213575835846791,0.0
0.4775000000000009,0.14591566902569295,0.14591566902569295,0.0
0.48249999999999993,0.10162329668052658,0.10162329668052658,0.0
0.4875000000000007,0.07961015695682286,0.07961015695682286,0.0
0.4924999999999997,0.13038551990193717,0.13038551990193717,0.0
0.4975000000000005,0.2560539384345093,0.2560539384345093,0.0
0.5024999999999995,0.2662864198665166,0.2662864198665166,0.0
0.5075000000000003,0.20295631019986138,0.20295631019986138,0.0
0.5125000000000011,0.17269429064562697,0.17269429064562697,0.0
0.5175000000000001,0.09076186839927053,0.09076186839927053,0.0
0.5225000000000009,0.07784426772624004,0.07784426772624004,0.0
0.5274999999999999,0.11906447661546098,0.11906447661546098,0.0
0.5325000000000006,0.22134091040866888,0.22134091040866888,0.0
0.5374999999999996,0.26335939799116703,0.26335939799116703,0.0
0.5425000000000004,0.20634294708043122,0.20634294708043122,0.0
0.5474999999999994,0.1996180538461568,0.1996180538461568,0.0
0.5525000000000002,0.09772866426787125,0.09772866426787125,0.0
0.557500000000001,0.0802149135426389,0.0802149135426389,0.0
0.5625,0.09816408900965884,0.09816408900965884,0.0
0.5675000000000008,0.17908052019184434,0.17908052019184434,0.0
0.5724999999999998,0.22092967593031393,0.22092967593031393,0.0
0.5775000000000006,0.23641144452720445,0.23641144452720445,0.0
0.5824999999999996,0.22450983491834486,0.22450983491834486,0.0
0.5875000000000004,0.13827154578097822,0.13827154578097822,0.0
0.5924999999999994,0.06611198996140895,0.06611198996140895,0.0
0.5975000000000001,0.09516449634401129,0.09516449634401129,0.0
0.6025000000000009,0.1357315681205509,0.1357315681205509,0.0
0.6074999999999999,0.17668568411201283,0.17668568411201283,0.0
0.6125000000000007,0.21897026459227004,0.21897026459227004,0.0
0.6174999999999997,0.23556478530706207,0.23556478530706207,0.0
0.6225000000000005,0.19693293460513364,0.19693293460513364,0.0
0.6274999999999995,0.10839657044166612,0.10839657044166612,0.0
0.6325000000000003,0.07573971480760025,0.07573971480760025,0.0
0.6375000000000011,0.10551792909318183,0.10551792909318183,0.0
0.6425000000000001,0.14260160293542104,0.14260160293542104,0.0
0.6475000000000009,0.1696705077165468,0.1696705077165468,0.0
0.6524999999999999,0.2188251230116742,0.2188251230116742,0.0
0.6575000000000006,0.21592229139975716,0.21592229139975716,0.0
0.6624999999999996,0.18604731606044503,0.18604731606044503,0.0
0.6675000000000004,0.10273604879842801,0.10273604879842801,0.0
0.6724999999999994,0.09071348787240525,0.09071348787240525,0.0
0.6775000000000002,0.10017188087456806,0.10017188087456806,0.0
0.682500000000001,0.13686851050188506,0.13686851050188506,0.0
0.6875,0.16342941975092531,0.16342941975092531,0.0
0.6925000000000008,0.21173737582591023,0.21173737582591023,0.0
0.6974999999999998,0.19531218695514668,0.19531218695514668,0.0
0.7025000000000006,0.18191078101346336,0.18191078101346336,0.0
0.7074999999999996,0.12832934751016264,0.12832934751016264,0.0
0.7125000000000004,0.09855113322458108,0.09855113322458108,0.0
0.7174999999999994,0.08819770047541056,0.08819770047541056,0.0
0.7225000000000001,0.11287176917670481,0.11287176917670481,0.0
0.7275000000000009,0.15856717680096438,0.15856717680096438,0.0
0.7324999999999999,0.20005347858794445,0.20005347858794445,0.0
0.7375000000000007,0.20232736335061277,0.20232736335061277,0.0
0.7424999999999997,0.14782669983687163,0.14782669983687163,0.0
0.7475000000000005,0.16492921608374905,0.16492921608374905,0.0
0.7524999999999995,0.12044332163112154,0.12044332163112154,0.0
0.7575000000000003,0.0798520595911493,0.0798520595911493,0.0
0.7625000000000011,0.09610791661788427,0.09610791661788427,0.0
0.7675000000000001,0.12044332163112156,0.12044332163112156,0.0
0.7725000000000009,0.1888775768820641,0.1888775768820641,0.0
0.7774999999999999,0.20445610653268514,0.20445610653268514,0.0
0.7825000000000006,0.1633568489606274,0.1633568489606274,0.0
0.7874999999999996,0.1405696208070792,0.1405696208070792,0.0
0.7925000000000004,0.16197800394496684,0.16197800394496684,0.0
0.7974999999999994,0.09223747446866168,0.09223747446866168,0.0
0.8025000000000002,0.0953580184514724,0.0953580184514724,0.0
0.807500000000001,0.07646542271057948,0.07646542271057948,0.0
0.8125,0.13498166995413904,0.13498166995413904,0.0
0.8175000000000008,0.203730398629706,0.203730398629706,0.0
0.8224999999999998,0.19422362510067784,0.19422362510067784,0.0
0.8275000000000006,0.15147942961520042,0.15147942961520042,0.0
0.8324999999999996,0.1360702318086079,0.1360702318086079,0.0
0.8375000000000004,0.13636051496979956,0.13636051496979956,0.0
0.8424999999999994,0.10121206220217163,0.10121206220217163,0.0
0.8475000000000001,0.0917294789365762,0.0917294789365762,0.0
0.8525000000000009,0.07431248926507442,0.07431248926507442,0.0
0.8574999999999999,0.1312805596489449,0.1312805596489449,0.0
0.8625000000000007,0.19906167778720615,0.19906167778720615,0.0
0.8674999999999997,0.19884396541631236,0.19884396541631236,0.0
0.8725000000000005,0.1523260888353429,0.1523260888353429,0.0
0.8774999999999995,0.1277729714512119,0.1277729714512119,0.0
0.8825000000000003,0.10992055703792254,0.10992055703792254,0.0
0.8875000000000011,0.10544535830288386,0.10544535830288386,0.0
0.8925000000000001,0.08674628466945208,0.08674628466945208,0.0
0.8975000000000009,0.08507715649259982,0.08507715649259982,0.0
0.9024999999999999,0.12041913136768892,0.12041913136768892,0.0
0.9075000000000006,0.1794191838799013,0.1794191838799013,0.0
0.9124999999999996,0.18725682923207712,0.18725682923207712,0.0
0.9175000000000004,0.17501655593516052,0.17501655593516052,0.0
0.9224999999999994,0.1330464488795277,0.1330464488795277,0.0
0.9275000000000002,0.09881722612234012,0.09881722612234012,0.0
0.932500000000001,0.09194719130746999,0.09194719130746999,0.0
0.9375,0.07271593187852007,0.07271593187852007,0.0
0.9425000000000008,0.0904957755015115,0.0904957755015115,0.0
0.9474999999999998,0.11727439712144554,0.11727439712144554,0.0
0.9525000000000006,0.16258276053078288,0.16258276053078288,0.0
0.9574999999999996,0.16558235319643042,0.16558235319643042,0.0
0.9625000000000004,0.16519530898150814,0.16519530898150814,0.0
0.9674999999999994,0.17513750725232372,0.17513750725232372,0.0
0.9725000000000001,0.10426003539468445,0.10426003539468445,0.0
0.9775000000000009,0.09405174422610979,0.09405174422610979,0.0
0.9824999999999999,0.06352363177411632,0.06352363177411632,0.0
0.9875000000000007,0.07128870633599423,0.07128870633599423,0.0
0.9924999999999997,0.08522229807319569,0.08522229807319569,0.0
0.9975000000000005,0.12448309562437267,0.12448309562437267,0.0
1.0024999999999995,0.19364305877829446,0.19364305877829446,0.0
1.0075000000000003,0.1468832795629986,0.1468832795629986,0.0
1.012500000000001,0.14760898746597784,0.14760898746597784,0.0
1.0175,0.16647739294343813,0.16647739294343813,0.0
1.0225000000000009,0.11050112336030593,0.11050112336030593,0.0
1.0274999999999999,0.08856055442690018,0.08856055442690018,0.0
1.0325000000000006,0.058346915399531074,0.058346915399531074,0.0
1.0374999999999996,0.06412838835993238,0.06412838835993238,0.0
1.0425000000000004,0.08060195775756115,0.08060195775756115,0.0
1.0474999999999994,0.09385822211864867,0.09385822211864867,0.0
1.0525000000000002,0.17303295433368399,0.17303295433368399,0.0
1.057500000000001,0.17368609144636526,0.17368609144636526,0.0
1.0625,0.14402882847794687,0.14402882847794687,0.0
1.0675000000000008,0.13377215678250698,0.13377215678250698,0.0
1.0724999999999998,0.13616699286233844,0.13616699286233844,0.0
1.0775000000000006,0.09859951375144636,0.09859951375144636,0.0
1.0824999999999996,0.07813455088743174,0.07813455088743174,0.0
1.0875000000000004,0.058080822501771996,0.058080822501771996,0.0
1.0924999999999994,0.060548229371901435,0.060548229371901435,0.0
1.0975000000000001,0.08265813014933568,0.08265813014933568,0.0
1.102500000000001,0.1118073975856686,0.1118073975856686,0.0
1.1075,0.1332157807235562,0.1332157807235562,0.0
1.1125000000000007,0.17349256933890414,0.17349256933890414,0.0
1.1174999999999997,0.13171598439073245,0.13171598439073245,0.0
1.1225000000000005,0.13200626755192413,0.13200626755192413,0.0
1.1274999999999995,0.1333367320407194,0.1333367320407194,0.0
1.1325000000000003,0.0979221863753324,0.0979221863753324,0.0
1.137500000000001,0.0822710859344134,0.0822710859344134,0.0
1.1425,0.05597626958313221,0.05597626958313221,0.0
1.1475000000000009,0.052226778751072796,0.052226778751072796,0.0
1.1524999999999999,0.08377088226723718,0.08377088226723718,0.0
1.1575000000000006,0.10242157537380372,0.10242157537380372,0.0
1.1624999999999996,0.10426003539468445,0.10426003539468445,0.0
1.1675000000000004,0.1127508178595416,0.1127508178595416,0.0
1.1724999999999994,0.14385949663391845,0.14385949663391845,0.0
1.1775000000000002,0.1403519084361854,0.1403519084361854,0.0
1.182500000000001,0.13686851050188506,0.13686851050188506,0.0
1.1875,0.11845972002964494,0.11845972002964494,0.0
1.1925000000000008,0.09136662498508659,0.09136662498508659,0.0
1.1974999999999998,0.06364458309127954,0.06364458309127954,0.0
1.2025000000000006,0.05655683590551561,0.05655683590551561,0.0
1.2074999999999996,0.059459667517432584,0.059459667517432584,0.0
1.2125000000000004,0.0706355692233129,0.0706355692233129,0.0
1.2174999999999994,0.09318089474253469,0.09318089474253469,0.0
1.2225000000000001,0.08945559417390792,0.08945559417390792,0.0
1.227500000000001,0.09823665979995676,0.09823665979995676,0.0
1.2325,0.11110587994612195,0.11110587994612195,0.0
1.2375000000000007,0.15019734565327048,0.15019734565327048,0.0
1.2424999999999997,0.14332731083840033,0.14332731083840033,0.0
1.2475000000000005,0.12274139665722247,0.12274139665722247,0.0
1.2524999999999995,0.09886560664920543,0.09886560664920543,0.0
1.2575000000000003,0.06429772020396085,0.06429772020396085,0.0
1.262500000000001,0.051476880584660926,0.051476880584660926,0.0
1.2675,0.04702587211305489,0.04702587211305489,0.0
1.2725000000000009,0.061878693860696714,0.061878693860696714,0.0
1.2774999999999999,0.05575855721223845,0.05575855721223845,0.0
1.2825000000000006,0.06468476441888311,0.06468476441888311,0.0
1.2874999999999996,0.0906167268186747,0.0906167268186747,0.0
1.2925000000000004,0.0979221863753324,0.0979221863753324,0.0
1.2974999999999994,0.10907389781778008,0.10907389781778008,0.0
1.3025000000000002,0.12095131716320706,0.12095131716320706,0.0
1.307500000000001,0.16916251218446135,0.16916251218446135,0.0
1.3125,0.12167702506618626,0.12167702506618626,0.0
1.3175000000000008,0.09859951375144635,0.09859951375144635,0.0
1.3224999999999998,0.07440925031880496,0.07440925031880496,0.0
1.3275000000000006,0.06393486625247123,0.06393486625247123,0.0
1.3324999999999996,0.03916403649744643,0.03916403649744643,0.0
1.3375000000000004,0.03437436433778344,0.03437436433778344,0.0
1.3424999999999994,0.0326568556340659,0.0326568556340659,0.0
1.3475000000000001,0.027746232157239686,0.027746232157239686,0.0
1.352500000000001,0.03379379801540005,0.03379379801540005,0.0
1.3575,0.06632970233230273,0.06632970233230273,0.0
1.3625000000000007,0.0911972931410581,0.0911972931410581,0.0
1.3674999999999997,0.09630143872534545,0.09630143872534545,0.0
1.3725000000000005,0.12353967535049963,0.12353967535049963,0.0
1.3774999999999995,0.14460939480033028,0.14460939480033028,0.0
1.3825000000000003,0.15641424335545928,0.15641424335545928,0.0
1.387500000000001,0.13420758152429452,0.13420758152429452,0.0
1.3925,0.09501935476341544,0.09501935476341544,0.0
1.3975000000000009,0.07743303324788513,0.07743303324788513,0.0
1.4024999999999999,0.053895906927925064,0.053895906927925064,0.0
1.4075000000000006,0.02123905129385915,0.02123905129385915,0.0
1.4124999999999996,0.0035317784611656453,0.0035317784611656453,0.0
1.4175000000000004,0.006628132180543745,0.006628132180543745,0.0
1.4224999999999994,0.014127113844662581,0.014127113844662581,0.0
1.4275000000000002,0.012772459092434662,0.012772459092434662,0.0
1.432500000000001,0.015481768596890499,0.015481768596890499,0.0
1.4375,0.018142697574481056,0.018142697574481056,0.0
1.4425000000000008,0.03219724062884571,0.03219724062884571,0.0
1.4474999999999998,0.058371105662963704,0.058371105662963704,0.0
1.4525000000000006,0.08120671434337721,0.08120671434337721,0.0
1.4574999999999996,0.09637400951564336,0.09637400951564336,0.0
1.4625000000000004,0.11715344580428229,0.11715344580428229,0.0
1.4674999999999994,0.16084106156363268,0.16084106156363268,0.0
1.4725000000000001,0.17622606910679264,0.17622606910679264,0.0
1.477500000000001,0.17438760908591186,0.17438760908591186,0.0
1.4825,0.11221863206402347,0.11221863206402347,0.0
1.4875000000000007,0.0658942775905152,0.0658942775905152,0.0
1.4924999999999997,0.0396720320295319,0.0396720320295319,0.0
1.4975000000000005,0.016352618080465592,0.016352618080465592,0.0
1.5024999999999995,0.003943012939520549,0.003943012939520549,0.0
1.5075000000000003,7.257079029792422e-5,7.257079029792422e-5,0.0
