omega,S,S_edge,S_cont,Sr,Sr_edge,Sr_cont
-1.067499999999999,0.0,0.0,0.0
-1.0625,1.5707963267948966,1.5707963267948966,0.0
-1.0574999999999992,1.1520220260713772,1.1520220260713772,0.0
-1.0525000000000002,0.9963246941594672,0.9963246941594672,0.0
-1.0474999999999994,0.9932459333589491,0.9932459333589491,0.0
-1.0425000000000004,1.5707963267948966,1.5707963267948966,0.0
-1.0374999999999996,1.5707963267948966,1.5707963267948966,0.0
-1.0325000000000006,1.5707963267948966,1.5707963267948966,0.0
-1.0274999999999999,1.5707963267948966,1.5707963267948966,0.0
-1.022499999999999,1.5707963267948966,1.5707963267948966,0.0
-1.0175,1.5702622560437862,1.5702622560437862,0.0
-1.0124999999999993,0.48675836574720255,0.48675836574720255,0.0
-1.0075000000000003,1.0845720317988043,1.0845720317988043,0.0
-1.0024999999999995,1.5707963267948966,1.5707963267948966,0.0
-0.9975000000000005,1.5707963267948966,1.5707963267948966,0.0
-0.9924999999999997,1.5707963267948966,1.5707963267948966,0.0
-0.9874999999999989,1.5707963267948966,1.5707963267948966,0.0
-0.9824999999999999,1.5707963267948966,1.5707963267948966,0.0
-0.9774999999999991,1.5707963267948966,1.5707963267948966,0.0
-0.9725000000000001,0.0,0.0,0.0
-0.9674999999999994,1.5707963267948966,1.5707963267948966,0.0
-0.9625000000000004,1.5707963267948966,1.5707963267948966,0.0
-0.9574999999999996,1.5707963267948966,1.5707963267948966,0.0
-0.9525000000000006,1.5707963267948966,1.5707963267948966,0.0
-0.9474999999999998,1.5707963267948966,1.5707963267948966,0.0
-0.942499999999999,1.5707963267948966,1.5707963267948966,0.0
-0.9375,1.5707963267948966,1.5707963267948966,0.0
-0.9324999999999992,0.0,0.0,0.0
-0.9275000000000002,1.5707963267948966,1.5707963267948966,0.0
-0.9224999999999994,1.5707963267948966,1.5707963267948966,0.0
-0.9175000000000004,1.5707963267948966,1.5707963267948966,0.0
-0.9124999999999996,1.5707963267948966,1.5707963267948966,0.0
-0.9075000000000006,1.5707963267948966,1.5707963267948966,0.0
-0.9024999999999999,1.5707963267948966,1.5707963267948966,0.0
-0.8974999999999991,0.7591972806665094,0.7591972806665094,0.0
-0.8925000000000001,0.8115990461283872,0.8115990461283872,0.0
-0.8874999999999993,1.5707963267948966,1.5707963267948966,0.0
-0.8825000000000003,1.5707963267948966,1.5707963267948966,0.0
-0.8774999999999995,1.5707963267948966,1.5707963267948966,0.0
-0.8725000000000005,1.5707963267948966,1.5707963267948966,0.0
-0.8674999999999997,1.5707963267948966,1.5707963267948966,0.0
-0.8624999999999989,1.5706078312356813,1.5706078312356813,0.0
-0.8574999999999999,0.28268050697000957,0.28268050697000957,0.0
-0.8524999999999991,1.2883043153841023,1.2883043153841023,0.0
-0.8475000000000001,1.5707963267948966,1.5707963267948966,0.0
-0.8424999999999994,1.5707963267948966,1.5707963267948966,0.0
-0.8375000000000004,1.5707963267948966,1.5707963267948966,0.0
-0.8324999999999996,1.5707963267948966,1.5707963267948966,0.0
-0.8275000000000006,1.5707963267948966,1.5707963267948966,0.0
-0.8224999999999998,0.8479786890569568,0.8479786890569568,0.0
-0.817499999999999,0.725173832228132,0.725173832228132,0.0
-0.8125,1.5684401323047044,1.5684401323047044,0.0
-0.8074999999999992,1.5707963267948966,1.5707963267948966,0.0
-0.8025000000000002,1.5707963267948966,1.5707963267948966,0.0
-0.7974999999999994,1.5707963267948966,1.5707963267948966,0.0
-0.7925000000000004,1.5707963267948966,1.5707963267948966,0.0
-0.7874999999999996,1.1746729091037595,1.1746729091037595,0.0
-0.7825000000000006,0.8665455016396728,0.8665455016396728,0.0
-0.7774999999999999,1.100374242846361,1.100374242846361,0.0
-0.7724999999999991,1.5707963267948966,1.5707963267948966,0.0
-0.7675000000000001,1.5707963267948966,1.5707963267948966,0.0
-0.7624999999999993,1.5707963267948966,1.5707963267948966,0.0
-0.7575000000000003,1.5707963267948966,1.5707963267948966,0.0
-0.7524999999999995,1.3911286429360963,1.3911286429360963,0.0
-0.7475000000000005,0.8936574462401525,0.8936574462401525,0.0
-0.7424999999999997,0.878137978531419,0.878137978531419,0.0
-0.7374999999999989,1.549464912677022,1.549464912677022,0.0
-0.7324999999999999,1.5707963267948966,1.5707963267948966,0.0
-0.7274999999999991,1.5707963267948966,1.5707963267948966,0.0
-0.7225000000000001,1.5707963267948966,1.5707963267948966,0.0
-0.7174999999999994,1.5046658014368315,1.5046658014368315,0.0
-0.7125000000000004,0.8649432893863421,0.8649432893863421,0.0
-0.7074999999999996,0.9903870840441824,0.9903870840441824,0.0
-0.7025000000000006,1.3523928055173342,1.3523928055173342,0.0
-0.6974999999999998,1.5707963267948966,1.5707963267948966,0.0
-0.692499999999999,1.5707963267948966,1.5707963267948966,0.0
-0.6875,1.5707963267948966,1.5707963267948966,0.0
-0.6824999999999992,1.455876867526582,1.455876867526582,0.0
-0.6775000000000002,0.9227485942123942,0.9227485942123942,0.0
-0.6724999999999994,1.0229968157884444,1.0229968157884444,0.0
-0.6675000000000004,1.3107667028572694,1.3107667028572694,0.0
-0.6624999999999996,1.5707963267948966,1.5707963267948966,0.0
-0.6575000000000006,1.5707963267948966,1.5707963267948966,0.0
-0.6524999999999999,1.5707963267948966,1.5707963267948966,0.0
-0.6474999999999991,1.2130317554040912,1.2130317554040912,0.0
-0.6425000000000001,1.0268295588258238,1.0268295588258238,0.0
-0.6374999999999993,0.9216490367836375,0.9216490367836375,0.0
-0.6325000000000003,1.5508786293711372,1.5508786293711372,0.0
-0.6274999999999995,1.5707963267948966,1.5707963267948966,0.0
-0.6225000000000005,1.5707963267948966,1.5707963267948966,0.0
-0.6174999999999997,1.2094817557055344,1.2094817557055344,0.0
-0.6124999999999989,0.7401906451122912,0.7401906451122912,0.0
-0.6074999999999999,1.1919202527719677,1.1919202527719677,0.0
-0.6024999999999991,1.5660211059614404,1.5660211059614404,0.0
-0.5975000000000001,0.004775220833456485,0.004775220833456485,0.0
