32.0 51.0 10000.0 1.0
0.1 0.6685097580599578 1.6377353944281394e-5 3.1121291957735676e-6
0.2 0.5920293759407277 1.5653955340268568e-5 3.1364825344291796e-6
0.3 0.528238062349321 1.5180314033247516e-5 3.2693828460590926e-6
0.4 0.4738413460500357 1.476138211299834e-5 3.358408928393991e-6
0.5 0.42669839941356463 1.4369114309460473e-5 3.503317027507534e-6
0.6 0.3853856820910337 1.4312135858500561e-5 3.5687706053946356e-6
0.7 0.3488514914990623 1.4042666483555542e-5 3.7450958380204447e-6
0.8 0.31632113843391524 1.3799582538753753e-5 3.918234223008817e-6
0.9 0.2872222131965312 1.3623479649365581e-5 3.954930376754357e-6
1.0 0.261093441989887 1.376769918289453e-5 4.179183472815646e-6
1.1 0.23754804526471102 1.3649744144871848e-5 4.2088146758491135e-6
1.3 0.19709700615220016 1.3665741101659523e-5 4.601291528076029e-6
1.4 0.17968574287926162 1.3400231512608467e-5 4.75987876720851e-6
1.6 0.14954460235828232 1.2697291821120566e-5 5.0722802837801845e-6
1.9 0.11385651281889471 1.2552844123271293e-5 5.314724145307055e-6
2.1 0.09505102032539436 1.2470826284787089e-5 5.555125267051908e-6
2.4 0.07260882452841087 1.221490522943681e-5 5.772238375119669e-6
2.7 0.05554295047990081 1.243326938252937e-5 6.034639483112439e-6
3.1 0.038909259694367655 1.2709582901685661e-5 6.0479513471030095e-6
3.5 0.027303387127360534 1.2261556417662847e-5 6.227216991899594e-6
3.9 0.019156325963564497 1.212380712635034e-5 6.360746958069653e-6
4.4 0.012331149911535237 1.1908383837232496e-5 6.385014476800632e-6
5.0 0.007280782207605488 1.1431240175384126e-5 6.6875959831414355e-6
5.7 0.003928163894840834 1.1481373859606083e-5 7.0158899620082576e-6
6.4 0.0021368331006788232 1.1939385466584347e-5 7.0968473033854675e-6
7.3 0.0009629805070540359 1.2602682712476032e-5 7.605658175024998e-6
8.2 0.0004473539443343978 1.1928967681974456e-5 7.850561462350948e-6
9.3 0.00019730479720212927 1.2086452932049858e-5 7.940802846301854e-6
24.5 0.00016932927733113513 1.2114134988267617e-5 8.313100577138831e-6
25.5 0.0004353686885322748 1.1931494723520706e-5 8.530888564415087e-6
26.4 0.0009596937553180629 1.1380752397449236e-5 8.768742877730845e-6
27.2 0.001965889147817674 1.1675809100802513e-5 8.81945500903219e-6
27.8 0.003351300299106554 1.2129545887502416e-5 8.933662066701727e-6
28.4 0.0057334240091305375 1.1723609823774534e-5 9.623228456247893e-6
28.9 0.008991789736011066 1.155110341282217e-5 1.004551098610803e-5
29.3 0.012933448609523878 1.1720655795682422e-5 1.0289667933075622e-5
29.7 0.018669084348789323 1.1907697772503419e-5 1.0823555563338373e-5
30.0 0.0246245273243067 1.1900914875515326e-5 1.1380195504121967e-5
30.3 0.03263347538960708 1.215156257941122e-5 1.1763607231819453e-5
30.5 0.039493777866255235 1.2276311246423422e-5 1.2178738923042648e-5
30.7 0.047963914527503766 1.2531609788053945e-5 1.3333763366297743e-5
30.9 0.0584957945006742 1.2801900565581243e-5 1.3599394063324977e-5
31.0 0.06476281204824039 1.2833595565637038e-5 1.4358259107537826e-5
31.2 0.07988184619176762 1.3067185603186205e-5 1.574119763109472e-5
31.3 0.08909908316309019 1.3150169670814602e-5 1.6672284583442727e-5
31.4 0.09977076563381439 1.3231729885509556e-5 1.7565354624376527e-5
31.5 0.11227516159713397 1.3254055413563975e-5 1.982899773146195e-5
31.6 0.1271667252665 1.3719567376775635e-5 2.1618114736722427e-5
31.7 0.1452998735393232 1.456793411129707e-5 2.540997399514996e-5
31.8 0.1679896110081871 1.5405863967217368e-5 3.113581545915874e-5
31.9 0.19735861517371397 1.594543308255204e-5 5.260335252316049e-5
1
-0.05240338766888076
0.1504979739208281
-0.14765611196191777
0.16751392977795423
-0.2882355880603429
0.3807931190215109
-0.39154494831599324
0.2889996535500102
-0.2087181710038683
0.14047160285287705
-0.0785508311524597
0.07637478500792494
-0.014336914332266526
-0.027576558060967343
0.0002579883807692495
0.0007912939902230225
-0.018229408253938928
0.006642058485309187
0.020929439849154147
-0.030977747093624244
0.01004142347169436
-0.00721581094667599
-0.013532086312129748
0.01720149146132362
-0.0064420195938264405
-0.014016113236912405
0.029642848817113942
-0.0012202748415236088
-0.005923402549414954
0.023827933993303626
-0.008306243983304847
-0.026065948690982575
-0.008234370929463358
0.0034205604044392985
0.029398577396503065
0.024510561108071798
-0.029749023989622956
0.0048134836342902925
0.0074062000454444095
-0.026947595570548252
0.023002659168934996
-0.024459068897758098
0.031848960765903295
-0.08309149294018557
0.24720515401993964
-0.3683761071173115
0.29473935165057147
-0.06338710567181724
-0.1690727749577106
0.20639867602084183
-0.0867314620292057
2
0.024643594532263967
-0.07496284177884746
0.062189736932314825
-0.005738671878108298
-0.04833104674112843
-0.0004311418962595261
0.13752668532266482
-0.09984042228495939
-0.02953130451193377
0.08586900876537962
-0.07353153351154339
0.008804436962109826
0.03505845235692477
-0.05563834087054315
0.01065704808871887
4.20980609379181e-5
-0.007136950107655227
0.009866344117469651
0.002309305053919485
0.0028243468304939945
0.005509885056193243
-0.017062076615672366
0.009993866245194128
0.006039883495880444
-0.008468989456022686
-0.012646262511644782
-0.017741121726313723
0.010157697483188446
0.005171089834141658
0.002835040849211402
0.01883191942926756
-0.03615707039535656
0.026795599164448725
-0.016086893650628414
-0.015031332718758552
0.02890881506658216
-0.010198071150831928
0.012304175716376646
-0.00476776937093686
-0.007520248004935212
-0.009452775951523976
-0.011723107182701257
-0.003145458531489334
0.05978850578200988
-0.054477975464287495
0.060350434200315155
-0.24353894248272862
0.5166879150143482
-0.6078492559037846
0.4474248560390381
-0.1696440956548543
3
-0.09560944340148222
0.20630141940972754
-0.10326710439908068
-0.026348042977964104
0.17751214994782666
-0.31897648354263736
0.36881403704247734
-0.36389748392821597
0.18070997111946563
0.013604843221350459
-0.026584139004416547
0.02481393648859098
-0.005813493849953934
-0.02552928898794882
0.034500411011720904
-0.032748349391443124
0.01605414302362765
0.0014622476492150165
-0.037329395588859726
0.045057728953830055
-0.02713906436652575
0.015232035023601789
-0.025949721341770413
0.001655110534902882
-0.0013979704731041421
0.00128926265196666
-0.0033602156363537823
0.006890365687921266
-0.011781808697725483
-0.0012446635600311489
0.008931245075251464
-0.009691875468065133
0.005383136033018944
-0.022668106648652164
0.0351486233418472
-0.008355772123806896
0.011624396123752058
0.00846471266513472
-0.02018685395594923
0.013963172999802126
-0.039917820917578097
0.01987892292412085
-0.010501221440257617
-0.09264271535979517
0.3028047984231569
-0.47306260407349476
0.37484771951689466
-0.037122555287947126
-0.08138858636029803
0.10455601591984727
-0.06449126878931734
4
-0.13193310855607202
0.35997875838114995
-0.44611960725160804
0.4471465611011103
-0.41443878631835107
0.14740293048076528
0.17242911996047858
-0.2796002308131027
0.18014370957007564
-0.05388263651718503
0.014394578373805518
-0.005895366647857708
-0.006316630028981295
0.002743759471748235
0.03855175531903728
-0.02095714504437163
0.022186050209209433
-0.022946528764979664
-0.012740410150085864
0.011389339042381296
0.002099772134394644
0.03011929940863044
-0.03320800652985877
-0.02970055499112348
0.015211293426825305
0.007883991309932961
-0.0010573519971414885
-0.007448025830462117
0.024949123919786105
-0.014540712064382963
0.008034917391317483
0.01480989443817272
-0.03338091345555466
0.04996785966542137
0.008929162976369151
0.008868746539501985
-0.043609366557636545
-0.016033530112229508
0.03581020594486638
-0.03833903504966903
-0.004569035778927769
0.06901876229095763
-0.07194791526421193
0.025534006347863576
-0.09412686449527279
0.1920602791802119
-0.15676874915685624
0.051638587502190504
0.03314197566540907
-0.10651132372894015
0.068405367406435
5
0.0867220287116496
-0.1603294001644319
0.01870058396297921
0.07820194482893102
-0.028673312880624614
0.06376305281257899
-0.13635554769485644
-0.01960904124155219
0.38727600966503767
-0.5128631628044867
0.2498588915443763
0.09950717914768069
-0.19584372022492488
0.10654776799086065
-0.030212340028367785
-0.020349147680483213
0.02635025526870236
-0.022742160230071095
0.005391169154619743
0.03302053720397344
-0.0036880340282948684
-0.034512249498586264
0.03208374478693039
-0.02505656500920741
0.024975394764197554
-0.0218440147925467
0.030239279480528864
-0.01936611444813464
0.009730578290642935
-0.015517947338763967
-0.0031248737254150182
0.03363666792781699
0.0005684838054704672
-0.062348703482984984
0.06080189705878732
-0.04463867461675834
-0.03107261815914364
0.05024933666726485
-0.029038186090574656
-0.0380194599310361
0.02639942491338839
0.041910956897174896
-0.09423463641771351
0.18841860248121187
-0.20502163461932313
0.04020778181991961
0.22673380620691727
-0.24512845127819607
-0.08660520912858385
0.3548432670452758
-0.2006348269130084
6
0.2157292093783262
-0.22385252953797816
0.1444647213819164
-0.021981791676564687
-0.18826419407183073
0.22087364506650037
-0.07918461019311197
-0.1427989549449779
0.31993225436876
-0.2848087201426584
0.16821306004595227
-0.22717465649398016
0.20733519744558043
-0.05117929531946122
0.03479796294551456
-0.018499079386638972
0.013888762992839965
-0.0009635833736532076
-0.02482859658503855
-0.0015056563277831391
-0.0026433030142167264
0.05279395011827502
-0.043979080104951294
-0.005505546357984355
0.007052543332554728
-0.0029381913541924264
-0.01503516749181493
-0.00785039513508961
0.010391337585824275
-0.01786953064875694
-0.011555292266417976
0.013683848580950418
-0.04080540188018534
0.012238965083278205
0.006376373358398346
0.023265741814088803
-0.02036040430122275
0.034461766981034
-0.017457510962812464
0.004200359852284374
-0.027799356258241953
-0.11585920204768312
0.24094068621759165
-0.3495412372065161
0.37874008928894737
-0.1319568186925388
-0.1662049387489572
0.17994270843979024
0.02018940963991738
-0.11617693060674703
0.14279796166563902
7
-0.07843319750554213
0.22028731934932272
-0.31189618156813925
0.08956646160894277
0.23795179571268518
-0.24975691723332952
-0.05826339390441351
0.2746052593450509
-0.11815367994782076
-0.14667434981321606
0.2702867682672866
-0.4030731662578022
0.35591674481967284
-0.12364817454064837
0.019222505841363206
-0.002370903694980488
-0.02252077545987272
0.04113769411773944
-0.018082082299310194
0.02573646209002237
-0.0040582648496982855
-0.013464871623867773
0.030494175449989787
0.006946071622765842
-0.010583436658392256
0.003595974907545992
0.00702697340387999
0.0036511173270872676
0.012963874149372273
0.0005146493045879805
0.001285129474128089
-0.019258247967038986
0.027022684570767973
0.019729325104125995
0.026462346604321244
-0.022827507775235463
-0.036232925469582074
0.04747567813580188
-0.06370986568745529
0.11072505805156481
-0.04185235259611607
-0.15199922636514795
0.22171966939290766
-0.16215968030883582
-0.0555571204575614
0.16905109835038015
-0.0019800613631107706
-0.10402475981390254
-0.054045866214106335
0.20645725286190703
-0.11495538105636528
8
-0.13582737977455905
0.19060832880709652
-0.0871359171736195
-0.031955262558709896
0.13887036794173907
-0.08911374120821208
-0.05744481795762611
0.08089253815608308
0.10198812977707286
-0.10322874536235119
-0.1111234771989846
0.3979678664509963
-0.4272902910785652
0.17327740497479677
-0.0917157962615453
0.054850688487345
0.02246038797547345
-0.03734893381624869
0.01786289363457406
-0.04898642344426235
0.05091617338128275
-0.037793184269979754
0.0377868682755858
0.024911507723831685
0.0012008861692436744
-0.0012679980572597863
-0.0020646482208593812
-0.002205238881567586
-0.001227852631546319
0.003650316491002078
-0.0011752289798566307
-0.004708855929037995
0.019047309508579826
0.005681062151839356
-0.027359757466895163
-0.027570152823122644
0.00022270684875765756
-0.0036431372090117656
0.01608971648042199
-0.037140130879044386
0.08128298041641643
-0.3496138260559715
0.4689176880875388
-0.25906667082051954
0.09162880467759468
0.12501230503123886
-0.15733138025536858
0.061580510063310535
-0.0007860065963877377
0.012481141633302674
-0.0295600735875985
9
0.06027994452329453
0.12684163182589817
-0.17083135045685452
-0.02316498449355012
0.15477460448838515
-0.10912741343474622
-0.0805137760744746
0.2760200475752326
-0.11076639298613809
-0.27636868907890283
0.2884482235386574
0.12159584670323945
-0.24630981847943795
0.05086849966522283
0.011267355518288972
-0.03296307909300462
0.016193183362357366
0.027511312438301076
-0.03242807915161956
0.04135103588825844
0.0024874354588716647
-0.01181141880690464
0.008312807512346492
-0.020127665348675834
-0.00310814183570496
-0.008609515261472672
-0.0026808977204730573
-0.01492895609481137
0.025067882888826942
-0.04624150807081787
0.034256147359447535
-0.017268629751149865
0.005814723546030017
-0.03109003684815597
0.0675983941006763
-0.11299331174987805
0.07780115555757652
0.03157149516307243
-0.10641518301985532
0.08020842356860539
-0.09674138606020195
0.3579238819956518
-0.2861065601645697
-0.07263631703247705
0.14561710998697733
-0.08402883843348037
-0.053469427849303794
0.3256084804374342
-0.184223463933769
-0.24176498700341698
0.2732857171308429
10
-0.38858029967060725
0.4430825084322755
0.13646052672183492
-0.46083214473648676
0.10679425995164545
0.2598530378929262
-0.2093623807879749
-0.09277645426375902
0.19525976722130298
-0.10049573963064826
0.07186300995243355
-0.14375138989150288
0.13270465699496317
0.003661070968093863
-0.05482295521909159
0.07683211640007258
-0.04801780180692011
0.05415091716659206
-0.05930096676655785
0.03644624829339152
-0.018983936535468694
0.0177395032962518
-0.044243064307638025
0.011463340933902031
0.00033138900545497227
0.042953802019960685
-0.034874105880667534
0.028512026827433326
-0.01869742454886975
-0.0037248122871208897
-0.002320582011391121
0.024081819465085166
-0.032532745167647814
-0.03643014393907565
0.034932608449065296
-0.009093154234017563
0.05672939830308401
-0.07185696273768889
0.14553827981019007
-0.17581480751037817
0.15011067541343706
-0.06166459064247104
-0.07962867646060288
0.16124801115866103
-0.10229234094049248
-0.033038053715567214
0.008725236367430793
0.138818331137265
-0.07327856504666645
-0.11383369320055016
-0.0003578706030374708
11
0.11213704708933366
-0.09996919307592343
-0.0061582698879862905
0.18689254125845847
-0.07230411191354963
-0.08295722719835527
0.11432067191858684
0.043373437873058154
-0.1362216470568463
-0.0853454465350751
0.15938500252584462
-0.026900701461515318
0.023109496936976073
-0.022642787884382558
-0.05777471003281796
0.1098068199896364
-0.0723575317059716
-0.010491294260490544
-0.022588658046617163
0.0351268798463625
-0.009110780572890482
-0.0391085571231227
0.03639109655165871
0.010864047439307158
-0.025984652300000268
-0.01708396024286744
0.01806341928195631
0.0029040035633878334
-0.002812581990350609
0.0092467137321471
-0.0005681046850814424
0.005930834679531336
0.05439685007338777
-0.06315910594285015
-0.009554337527535
0.0834418685998071
-0.051151721322411026
0.035007777741488603
0.048109904422774935
-0.18343193217829418
0.15967484321451084
-0.34936083344578417
0.26405292725416035
0.31141333002638977
-0.3061950853314627
-0.23586667300630784
0.2735775985020837
0.18370718636549815
-0.17313398051058135
-0.2657100277952983
0.32985403432851873
12
0.012807172886896433
-0.0879184448099837
0.016100163624758714
0.10261917677177676
-0.058875504804529175
-0.13901916830049824
0.1577680791430943
0.08627113135204877
-0.19875370292864522
-0.09525707138973827
0.15036514900172648
-0.0173973328072253
0.004152786373864917
0.042701775714281395
-0.06312354642479874
0.06095574594683666
-0.10158616495805566
0.11250030917960416
-0.05060642800218824
0.0050920170466434884
0.016205987243960437
-0.03825292777545316
0.022433057954915958
0.012239064897550833
0.002099386226139358
0.019078249996531262
0.00811584059060721
-0.022719646140635284
0.0630972309262114
-0.02408747300766387
-0.003906814705158645
0.0016029682903348354
0.04852681999149802
-0.02752826050508554
0.006993781272222093
-0.07808035859383484
0.06792043348785075
-0.1751573285540113
0.3956965778229656
-0.5444665992582757
0.38941493620204737
0.05990192998955933
-0.15930293732537282
-0.12400406421286907
0.2303857753567922
0.006131130244960975
-0.14122545157577054
-0.052038652310610785
0.0959088108918051
0.08787064473717802
-0.1595089664161024
13
-0.2439184220857234
0.09004609347189267
0.3410655433123681
-0.10821778299825603
-0.3991900636538452
0.05458827624130624
0.3569010733495222
0.019583058284721122
-0.31760145470003065
-0.10926342981113733
0.2893643565944618
-0.014013661476734229
-0.07238754578677267
0.13298378702769692
-0.2726831962140931
0.22783867135182015
-0.02850793183588177
-0.003986542454444859
-0.07356881190107788
0.054579866186712706
-0.008458149463288153
0.03023924914440909
-0.023656742941659963
0.03588015800816918
0.0071536182013625695
-0.014820892425204762
0.00021111766217359035
-0.008807308439977114
-0.014548865144113242
-0.014755224110562178
0.01637260900370663
0.008181063163624536
0.0359860672379658
-0.05363273236003703
0.016688245405173337
-0.023661101608804566
0.013928318255205708
0.04163651036079173
-0.09645692534793583
0.19080481066365973
-0.21565222045477464
0.05494489707752244
0.10494594580184136
-0.11490399027751738
0.009729946244651995
0.0709893887433628
0.06860776528482726
-0.11156985399807984
-0.01923787547319417
0.024836362842613684
-0.07419439705941047
14
-0.14771556420799686
0.02665157371647831
0.18942745769973857
-0.05646577756027666
-0.13187392665167813
-0.007980123231299364
0.10259587854899956
0.07459584832351435
-0.07826569821673603
-0.1376021892530575
0.018925858567899478
0.17688547308530198
0.04102084147949875
-0.3126720616882516
0.472018934886289
-0.4610197459134624
0.21418916111897784
-0.03724163243311144
0.025614904430083983
-0.07886465379756519
0.04149050054128097
-0.01839455049887575
0.017750046261867422
0.030451898870751285
-0.010815053848821579
0.010573446225334503
-0.016944017993451674
-0.01602083287358878
-0.023406663691183216
-0.0014762553313214083
0.05903804317144428
-0.009710202186991325
0.027753707210280466
-0.023059696983106434
-0.05365254576179693
-0.0671389017927471
0.09367681157377668
-0.09169181917809123
0.23301282821042246
-0.09327924184305628
-0.1389484735036833
0.01168169241985462
0.11111045798500664
-0.1334280532264424
-0.08071688349047275
0.16988625427711088
0.20035268967860345
-0.07018717745953403
-0.14987575222038077
-0.07931580183402824
0.0579565134181983
15
-0.24451249118678925
-0.04700287710195935
0.09489379421842313
0.17643241461304507
-0.08598099604966376
-0.1865461297255053
-0.033733692985080124
0.2187783730996188
0.08914399181312588
-0.20014728597222942
-0.03912226453696142
0.12416189061700958
0.05798066433738009
-0.19307158245094994
0.13224567582967453
0.04519468315011473
-0.14251605032417924
0.09267054197782558
-0.034619346505688646
-0.043837921127802965
0.053265109899104365
0.01667093800353686
-0.07314346106590879
0.053190926457523484
-0.004380633871511878
-0.058140746558242085
0.046172727907138375
-0.0018037945415524368
0.01019085775462281
0.03849285954207187
-0.027896883091236873
-0.005899683805972264
-0.010040651873138988
-0.012033707745646924
-0.016652027137824963
0.11686389635390211
0.010382594523595343
-0.12494568568284188
0.0353234106841788
0.14175907167619736
-0.20699716223482012
-0.04522217341245678
0.03160269514966233
0.3075113612528356
0.04300208849733686
-0.2875658658406789
-0.21580291524039447
0.2512228757568442
0.30589706783105575
-0.09323306139987847
-0.3769856631147346
16
0.05861996320938613
-0.04288063149366232
-0.002499211481181984
0.10144391614772709
-0.013164044675920259
-0.11523625240912665
-0.10094697457022
0.0587761880393605
0.22067235384046072
0.007625435959881865
-0.26407696804955255
-0.018767457258572064
0.1232883744561358
0.027163341829640045
-0.22464395435176357
0.26287051752527496
-0.22024347003245376
0.14577405236866048
0.035549339643202255
-0.1282715802767488
0.019347444269618954
0.02942892819853293
-0.012182999421138603
0.03242882163408153
0.003144201914319787
-0.007835312830480393
-0.0053015713389535195
-0.010177018053601085
-0.030956924727805712
0.018161222554729572
-0.004385858599683745
-0.012051548763716476
-0.0035157818928620954
-0.03366422733491052
0.07552526519073226
-0.18920949026712036
0.2517958287705352
-0.26138209428662407
0.2917706953093186
-0.04760029954193764
-0.34314855913328984
0.2605757738039236
0.16141073411889378
-0.17946403165085437
-0.1771524076294996
0.06827514707684124
0.20087834125079482
0.020571013784232133
-0.139542767936997
-0.05340952431014519
0.08117294598011905
17
-0.2301959371764447
0.014187817057576914
0.19693789356037925
0.13183796919148044
-0.05018401368478914
-0.24501370345016074
-0.060887526623656624
0.20056850410589597
0.16897183663431917
-0.05021118564435683
-0.2016444195882797
-0.07418306526925988
0.1004115516491793
0.12961994506078106
-0.15543619341728662
-0.015659840449556938
0.1589977149623555
-0.16372787102742656
0.15033455074573532
-0.12609050724733584
-0.007898506400803706
0.10096999753216016
-0.07362435220785252
0.036186076561731804
-0.041978907345764205
0.013597944943771862
0.014928836853152586
0.0015666336019101894
0.009633018928606626
0.01743317869456089
-0.0018557511810929964
-0.040009264745770975
0.05634705813175343
-0.02575051741049836
-0.1212841845554555
0.235010240276741
-0.4313772464497989
0.38784244439908216
0.03909687798722182
-0.2052934463556552
0.031224362555840744
0.1955222213753252
-0.07713356220919768
-0.13591984393186365
-0.006624607519935591
0.04040693111962711
0.07428209312859489
0.05170052377555476
-0.08178959349483277
-0.09685960541546355
0.018938328611288222
18
-0.10036187370784319
-0.011881059424192531
0.11191516888317002
0.14070173638531278
-0.09576853789751404
-0.12370114204409442
-0.024088661485468194
0.09989650461009689
0.034738592191235027
0.03588560581212769
-0.09400166392316378
-0.16673246099370947
0.04368718038111886
0.22521870512074915
-0.07732452888719929
-0.18171368714048158
0.302857111970854
-0.3095012563822425
0.19550436379132885
0.022122284440608164
-0.16519394476645988
0.16379985807271266
-0.07683689564982592
-0.02949485253745905
0.000584957877461892
0.018773507356129992
-0.016706052568215522
0.034538361741453166
-0.04061791347642806
0.0006225543614411735
-0.030487766948422194
-0.04653808094559754
0.03668202799439399
-0.1276442646227803
0.37322921499005013
-0.4061971350235451
0.30784727017814595
-0.08393910962448228
-0.09483971816829441
0.04345227419088138
0.1386197213446056
-0.12329543240524644
-0.00521991213180925
0.0927305755707241
0.0031150298716722505
-0.09238847504302727
-0.07622217402613543
0.06539082770130368
0.029584950971443074
-0.009113289188847264
-0.02674418463729396
19
-0.19515791010007658
-0.11298276500202781
0.15600508281001046
0.21267146618111105
0.02564630661427565
-0.05370856965830194
-0.153170389151692
-0.06505768916082594
0.03703574149036343
0.17818361072316397
0.019337459223416054
-0.10808472124988781
-0.16195887959405234
0.1556900438754228
0.18956030810555222
-0.175734206135184
-0.21814803336286334
0.39617487420250774
-0.3709294023209682
0.29012097051989466
-0.20675006960652872
0.15967979082204223
-0.09035271850820735
-0.03924414410959111
0.05517833907319858
-0.05537286409577374
0.06126223861860188
-0.06348844001107415
0.022933461803406757
0.027571706394725372
-0.03891282794306028
0.007964754575355145
-0.037724023145949706
0.024279015344915365
0.08003493403980548
-0.10814461707870612
0.01107669215823348
0.1885820651777062
-0.11095466958257336
-0.02849158819533037
0.0762539229904132
-0.00012015173356213045
0.03429869070023202
-0.17243119830247225
-0.10068671079571649
0.08648364469274622
0.12513042367562593
0.09814293066932551
-0.019375708637315865
-0.0859548125637699
-0.09251554686460024
20
0.16620952749484588
0.047281307330714645
-0.08745221175398073
-0.1097805966726403
-0.052668556939638296
-0.01844323814368481
0.04502312841025678
0.10739600199530566
-0.017353589951920673
0.0017145053986279077
-0.007993253193453134
-0.23208845258539895
-0.08431533494016659
0.5053528096298099
-0.07483644713728341
-0.31151005628657125
0.24796833749916963
0.042502109597404254
-0.16414479761357223
0.07942284564804525
-0.004069303176529913
-0.006260380110903677
-0.07075874507359471
0.12267784932332979
-0.014740024413907152
-0.03460757210509606
0.014291203229160401
0.002924266159469181
0.03606267434511998
-0.051416196318250486
0.03996202332859636
0.06461439115809202
-0.141387068174041
0.2468958040832733
-0.25856248455877073
0.15315258614167587
-0.04327371450362638
-0.23088158007091675
0.27458445991514524
0.052641644674395596
-0.19438185192472504
-0.030697519221831844
0.04658727264023771
0.081707401862773
-0.061427367375574256
-0.10481793016141375
0.032990903942294224
0.10204982610534512
0.05193847263336762
0.03945119208892151
-0.06086384021739992
21
-0.13377267951926938
0.024928282994013815
0.18774599536569067
0.13201318175632515
-0.12532842131390717
-0.1967103752797338
-0.014558216968160318
0.15047651510494503
0.18536222206353375
-0.046242899890260314
-0.11706226988555844
-0.04578599078986442
0.021162048428812082
0.009533158121449092
0.0027360891994605394
0.04146264457953923
-0.0746944766791076
0.0704147833793942
-0.017921186308897625
0.03342776277040124
0.04372657754652259
-0.11585492897480153
0.05557046871403026
0.056153094614539566
-0.026075947576224428
0.009208492487703019
0.0030685132686727712
-0.03684372782862375
0.015018416973542312
0.048493294553590596
-0.10458488846978435
0.052861265877236864
-0.03454131496368087
0.14354970320958726
-0.22781747684127776
0.19313645711585353
0.1876605207031691
-0.32882945347864473
-0.1565413277175155
0.28269518247867564
0.2939703271459295
-0.19658901856330546
-0.2706807208878366
-0.010032170429249903
0.17600979021902782
0.12748224444939452
0.032834783788889085
-0.1636905968058563
-0.23779685674511902
-0.005311663416089422
0.23687834765384688
22
-0.25687854215667655
-0.21236724851462163
-0.020520075637999582
0.173023683322404
0.16740922971104016
0.1256664063562049
-0.0917302254234208
-0.22939079782084779
-0.06271101816578566
0.10869901811339076
0.2493207554588968
-0.20394033380444834
-0.12815761176787463
0.16516567330165077
0.016730173475621318
-0.02961775387764091
0.011467003994659736
-0.090320496455244
0.21497000004306951
-0.323428350021958
0.2680186608380664
-0.21431739939084582
0.19248490219723433
-0.059355441180319206
-0.006744968437482694
0.06939385182624055
6.326635217574488e-5
-0.037299668846142706
0.01204898712555132
0.07282770175853354
-0.03607533871128336
-0.06482754387598769
0.044162898370023726
0.012830062973931387
-0.09373138160255957
0.07907972556309677
0.1207436656631819
-0.10062680670642853
-0.03841498024696152
0.05840497349265549
0.03208376239903852
0.030372241041453106
-0.01687566968077728
-0.12911150701543417
-0.029408808603568464
0.03463983235773496
0.18462777692052798
0.1761206195983818
-0.019532965281843794
-0.21261770830881122
-0.2761850642136529
23
-0.09619761215761599
-0.17722495064089402
-0.14012789932886804
0.061046884626586674
0.15123763140316054
0.10624424176663443
-0.08063810722927502
-0.08786884379480897
-0.05454219270944279
-0.0442117479320483
0.05497757653961143
0.14900225700350148
0.05493307393404812
-0.14284185314893422
-0.12749744576163563
0.12243854783626543
0.19649761324650067
-0.22961901157299583
-0.06385736705021144
0.3244460497248416
-0.4060470689641412
0.263215552795802
-0.07983378770979944
0.09575733313604166
-0.10758058789053271
0.07569197714214417
0.0016144865746868917
-0.00851827211303832
0.00976958059176215
-0.06658466937245855
0.04982905150687891
-0.15017200500712813
0.18368138335118142
-0.10866629118096104
-0.2000444683394757
0.28544512962617324
0.09752671484050805
-0.26451246147685026
0.014976559409931296
0.022356946320051425
0.01709167181991692
0.05671404049255735
0.005084320334219053
-0.12321613278482696
-0.036066744053282224
0.05469469888240097
0.0671440389053336
0.025860391139801736
-0.03617965467658116
-0.09993130189580775
-0.13682376702564028
24
-0.13553321381171626
0.006650604792509797
0.14239375594227668
0.15222311423093252
0.07244495563157864
-0.09930592052074487
-0.18357757708197386
-0.08994280430836524
0.0028591186137583284
0.15933002094238682
0.1679624174951362
-0.06793479583351847
-0.12434462189676365
0.007511732230667501
0.07433922752367991
0.06255919692276835
-0.027436730031173272
-0.19126858212585013
0.05547297180577493
0.20119542666800924
-0.21393148090642253
-0.10857676930028226
0.329700354500135
-0.2555211780435661
0.16573937111151993
-0.005063726063113742
-0.06369503986425938
0.04781645182676001
0.05786872865314022
-0.0071458152354815846
-0.06952875646540906
0.14233279983910915
-0.10246937816674544
-0.07627471361103108
0.13222949002264467
0.10203622439566491
-0.17839337145098488
-0.06751020235028231
0.34286815457205844
0.025084215376578865
-0.29238616653096033
-0.03368081286871223
0.0239841417856334
0.12911828717236998
0.174890900675834
-0.012341178131291819
-0.16732642000087547
-0.1376807672716341
-0.09907302621178463
0.05347256358272605
0.17396430192089296
25
0.018605614245085618
0.053460945997742405
0.04595835323962725
-0.006802459612499206
0.009580991059657195
-0.059752592178430715
-0.04215319972038007
-0.05677686601237249
-0.01642690837319965
0.08487305745717112
0.24576558433099144
-0.09910662888626032
-0.22559631294767293
0.019566533519081556
0.21965531611496913
0.04990159293294014
-0.3117368385143338
-0.06619243159179238
0.3967389685964036
-0.21570054848904624
-0.21021953485536454
0.3811129035591259
-0.29251442221339324
0.19559820859767268
-0.1571167819776341
0.03832532758264444
0.020978389271396072
-0.04237317214402866
-0.10389415504899145
0.08114001602428153
0.038161418402771013
-0.0022942116240300355
-0.09506002762260934
0.22981734512746907
-0.13612835704074513
0.024428662360263028
0.06396401705939435
0.003753241735146158
0.02326453537234785
-0.06886579681981643
-0.04437249456571734
0.011954574865120112
0.04834890506586871
0.07188114833258441
0.011294104612110122
-0.0291186227504568
-0.07957346377961355
-0.09105847628212034
-0.03749526377700161
0.11203430332521408
0.10363027377486701
26
-0.1115784147108102
-0.0771755004439695
0.0308021302509997
0.15945399179819036
0.131248990058345
0.05335953390929617
-0.07837075372317205
-0.12463699312401694
-0.027903744099177025
0.0007802410008591721
0.029896145111290757
0.0127958459896863
0.015261760520604187
0.0927937241036959
-0.0861536382699883
-0.10010067529646521
0.033677051717079305
0.24417773952359753
-0.16493323179330838
-0.16907704483915825
0.1376217978116888
0.01172695092568113
-0.11562610474010318
0.3089606622538164
-0.19868234268399762
0.2167152154435696
-0.1362165517954383
0.09917719373947405
0.013822907943928467
-0.16643825394041678
0.2311013557544259
-0.3201403735271716
0.23360400259702416
-0.1567871242050873
0.14941780562587823
-0.03426723603705963
-0.1155615475620771
0.014758466594411723
0.12264398293951938
0.09082806663183397
-0.147512294355625
-0.1465144975119257
-0.07111682847795787
0.18418433950422478
0.17826018848219113
0.031442110690271634
-0.12835608592714717
-0.18365402207230325
-0.09830433728095175
0.015351421358949222
0.16637872238738566
27
-0.11442347227591552
-0.038782328610752134
0.13041068519710267
0.18210826170636712
0.08846619224046702
-0.08482774403489225
-0.1760805035605892
-0.11324097514947144
-0.022846008604943364
0.07791229296886373
0.15742057015970531
0.11908708857940362
0.05258289513902673
-0.23284363704769917
-0.20622203525373306
0.12809434808092826
0.28424084413124817
-0.08225439772779647
-0.15298891041596246
0.027496140851760317
0.19849015021594504
-0.013216419258021372
-0.21163712115465177
-0.06377244721514183
0.19223818716842234
-0.0556126839875275
-0.004792881461267268
0.0276848617866954
0.01681016811978622
-0.1265137236844977
0.23430163225334383
-0.04132872394086966
-0.28792293751719267
0.4307200763151141
-0.18608118809213567
-0.20155593391269724
0.14529854422131855
0.11261601216684763
-0.0008449679838154185
-0.08792471777609903
-0.016342980388455886
-0.008309584981968383
0.002472410250072895
0.027116927372598024
-0.026142963683455596
-0.05304908243317009
-0.027044662177482522
-0.010088520742005344
0.00590798910663846
0.07042086488237363
0.07369350731248903
28
-0.028953363631433363
-0.08124631318018871
-0.028725941372596184
0.039395702055698346
0.002824426247427044
-0.009415152034091543
0.0033607333261269066
0.008379278398905923
-0.0396152487070679
-0.011104415853439176
-0.021434223538410607
0.06691075336664874
0.02638699534608998
-0.05969822275995747
-0.01895510374722005
0.034551839138398203
0.004403070048470718
-0.00872020668487602
0.01570676569730453
0.042117949134246886
-0.04990011158893676
-0.07182286079192729
0.005250238588122926
0.2186395164223274
-0.3537592558201837
0.41083234598942286
-0.3179445323305006
0.09101825728020908
0.1298207684675719
-0.21173899464381216
-0.10412813228105752
0.49207016662498343
-0.3893533152171857
0.0019997822508648687
0.09446272670728752
-0.06905032229278532
-0.049041859210595375
0.05190311990360517
-0.022710612180370536
0.02566719553866484
0.028220603188121526
-0.00760232051208088
-0.007877063424197752
-0.05051918452597308
-0.022657502216019584
0.021792085061060004
0.07649998351814813
0.05819883082589608
-0.01958071899966263
-0.05726738552165504
-0.1143651227618742
29
0.16236186647035147
0.07480353041334345
0.03923936380518094
-0.04410704144979987
-0.09123690218004248
-0.15297197619914946
-0.1312022220162798
-0.024115349860142174
0.10271961377171068
0.2422162397424208
0.1689482956254276
-0.09636487313149691
-0.19358699464993137
-0.1628005995770222
0.07704765219648359
0.15299094257384832
0.11540673921565606
-0.1881393292071537
-0.08495549440846321
0.13208055311202135
0.25149454453082765
-0.1692268070013288
-0.3768582760714115
0.32903986457687856
0.013144986627350072
-0.1387532779765708
0.11956654586589258
-0.15112902287636745
-0.01897105596874524
0.03870353493739931
-0.09971778219563751
0.058878582637830794
0.04236615099605888
-0.19213931258790162
0.2605842554251514
0.07202030034747378
-0.16923336425322633
-0.13946696758963004
0.10935114967421704
0.05988927682862718
0.029538491943877986
-0.03850271808162735
-0.06570451415838409
-0.09183807805629657
-0.023769414881376176
0.12156228161970004
0.09713573600573058
0.08941097052904724
0.038859432813165666
-0.008179995713504027
-0.048859605146262294
30
-0.04481834939494771
0.018528005845940266
0.036651763240424816
0.12909410703536975
0.11968319381252918
0.031052900889050987
-0.06453965850463529
-0.12464091529981416
-0.11365349972202098
-0.07579038040680168
0.03788915153122764
0.07597576988066028
0.0878198869794774
0.03878105945122443
-0.0940515432377373
-0.10011850521784242
0.13399229665727294
0.032096899776235796
-0.1335443889494592
0.047028870006037116
0.06797584625605717
-0.09314917456152727
-0.08512968180849285
0.16907668853864607
-0.07175304922735717
0.009178101140760645
-0.07239018633845008
0.12119111102794822
-0.31937988805334694
0.5188208158527172
-0.4820534964893295
0.1131874211372615
0.024580546625425283
-0.03596876702356743
-0.0739498741791354
0.03788057131227584
0.11137031298607669
0.022821210346951386
-0.10235653779731307
-0.17108565199794576
-0.09495924418803454
0.15824106128281093
0.11267113280270193
0.0708412152897739
0.027940716908093254
-0.04410301871687071
-0.1362298025217331
-0.07826884494995132
-0.012353158536280367
0.07705414045936125
0.11943308082792879
31
0.12738062618572132
0.22604083026052735
0.19166811360261987
0.029160252159857195
-0.18356704242378383
-0.19021565064891605
-0.17087160675471738
-0.03637654116605777
0.10475555878274832
0.16124853429708258
0.1451248652001724
-0.025983423207595904
-0.06442845090865026
-0.05565017234643419
0.0018758798597611976
-0.09108386879816448
0.030871145277145004
0.09148229086636742
0.06097434407834059
0.055234242654183315
-0.07440859986486612
-0.23342081303334378
0.19460344954917078
0.052506138308402214
-0.0759533278139439
0.19409269748099167
-0.22396104487002838
0.07645054460352974
0.03324879591710926
-0.09807582406148715
0.1578778771251376
-0.15664203336354188
0.16237248261290627
-0.09429462465423244
-0.11499308514325565
0.12990644238673765
0.12519046448761276
-0.06243603702912553
-0.18115115124642894
-0.06979205188257538
0.10153644669041079
0.23925374686610645
0.1582915490187065
-0.11632212281972215
-0.2400117055046271
-0.19045084040265098
-0.09209705053069668
0.07306452642801686
0.2359505994256932
0.20665461608959565
0.09610225074924902
32
0.17598752001994475
0.04322352891716241
-0.013219495341909391
-0.049612047692075806
-0.10867684806638575
-0.08083540244166396
-0.029851671428096957
0.030253417273258056
0.030345393922379456
0.021145145280247767
0.09618627618301588
0.07114734596697204
-0.04219908566331616
-0.09298461351730797
-0.08931963252476166
0.02016620776765487
0.010453607614627311
0.08166172745256702
0.026190303965394207
-0.03688999119582251
-0.0862325130877024
0.1213540249693327
-0.04355615114941351
-0.1709226729592601
0.1759919854782398
0.17038692039006306
-0.502848221556885
0.1731630307918874
-0.17185512798522126
0.2856250982349064
-0.10324837267196262
-0.1898939288739558
0.09377604690430529
0.13239152147879113
-0.03247463002085483
-0.11709895602737766
-0.15382310637024432
0.03991705036385815
0.22342734941103057
0.19430418499808202
0.03497120037112355
-0.22433309858330133
-0.2129479732888864
-0.0725837785678885
-0.0056379964396448806
0.09504959776603795
0.17822267159385735
0.1590672381598436
0.07637506210708735
-0.04594220259103717
-0.12977374108167603
33
0.0017959339513624474
-0.01672354896836527
-0.016108613089455406
-0.04416405224981987
-0.06338702091809208
0.027395015878467637
0.029737802826503547
0.051077311696088874
0.0870975347382364
-0.01398027598959753
-0.08361542282615031
-0.07610851383489062
-0.02064266641510371
0.010097609904116744
0.11343999951081314
0.13447020671451534
-0.10439499884554315
-0.21182427615429764
0.020499942978204514
0.3386373596750925
-0.07745286474194833
-0.33905460054598935
0.216399474162027
0.2366568329753566
-0.31662070647033397
0.047977167308161504
0.0982697040170309
-0.057874146498440845
-0.0411955124276416
0.13707304314638794
0.04419211861457307
-0.26063800594972036
0.12640788849407564
0.3215132346732389
-0.10392154203577816
-0.29070927905721994
0.043093313464927493
0.22671478495297664
0.05693778983232667
-0.07898603650338144
-0.12978565572423864
-0.06128305164769366
-0.05496955747417159
0.0675908805963952
0.10439356355007007
0.06110137819200242
0.047088261740327333
0.034501849772798195
0.010440279191118632
-0.07851787370565143
-0.08194931711856082
34
0.029017735048038035
0.006022741377819262
-0.04675441854532427
-0.03709628164228265
-0.04464330989235205
-0.004774223233744397
0.03617599946759905
0.14345003775507553
0.11708730676224327
0.10482524834177075
-0.03229386887455073
-0.21017210438506362
-0.19045775545284607
-0.020278988939701512
0.1927406294138406
0.2082075694316575
0.10108883077467545
-0.12950381970412386
-0.26759859105652684
-0.04638370306783889
0.233148235215691
0.2347599150268936
-0.051034620348485535
-0.21183284609627762
-0.0213953837789248
0.18839606059738342
-0.17691133755364616
-0.031829072660141046
0.21404790574166863
-0.10787871409762322
-0.20158635709495396
0.10709879785049593
0.3009504115629712
-0.11814970765956444
-0.2680054755302498
-0.03529121211546869
0.24231608412880107
0.13598115195228833
-0.05997917180018696
-0.16748533997016965
-0.15779717613446378
-0.024263101117247478
0.03325004462038827
0.1429406946897562
0.10188089036431533
0.02490019653675937
0.004230387604102356
-0.05470565212633471
-0.031892306694063
0.01851070875031817
-0.013477358953852112
35
0.08144111238278248
0.06381246911475848
0.02279199932062985
-0.05130357848694603
-0.07752942145926105
-0.08736865296247909
-0.05316710564958012
-0.01981283845078019
0.06642095481004745
0.1123676635481686
0.12183336870840482
0.02315752149176779
-0.0643026780240529
-0.19679692715289376
-0.19957252825099733
-0.0007094021502186833
0.30157374079924415
0.23717463562780275
-0.10072293244419654
-0.22122116474298695
-0.09610927958003485
0.20554775801107952
0.29376190753089465
-0.14887489343038537
-0.38307924335363375
0.11427920521072062
0.29974282656589835
-0.4189514503857511
-0.03376561702817605
0.11846276048008358
-0.11496894182008068
-0.03680971997173379
-0.07562229179099172
0.06474542368885171
0.08786159660381726
-0.01132745696377115
-0.03976677344645788
-0.004889406772295504
0.05277940603134908
0.02449972315830209
-0.010783544388192626
-0.05388664268238039
-0.024177104591333667
0.058018463820140996
0.027173719143189768
0.020745082384692436
0.0004832903821069956
0.03548126637546235
0.023587554000514585
0.004980557401850983
-0.016978382749530195
36
0.057212662059131475
0.08290600597675254
0.03183648462828914
0.014027038968422004
-0.025851757229881967
-0.05719396250594727
-0.15011061868050501
-0.16175699695905807
-0.03468411843081212
0.05034398860958089
0.11813838732161984
0.16400682650437678
0.138455029836728
-0.027702822789841274
-0.210875262719852
-0.18629200901125956
-0.05134477957297366
0.11256548440924952
0.23038875709314433
-0.011648654949347014
-0.09618774678870448
-0.02508903093693665
-0.010764703580177056
0.1548247494357455
0.023842061660173258
-0.2376607113489971
0.1394813078205915
0.0652016861058723
0.361465403814821
-0.18208394922515336
-0.2992042227619786
0.2095019864618333
0.30502633412339203
-0.06082377239929824
-0.2713492899527193
-0.20329876696088583
0.06527157680833355
0.16295994424925633
0.10855020930179693
0.09189584555435754
-0.07374987601313739
-0.14437474290986332
-0.1156862765439209
-0.00476483184577191
0.020028927645231055
0.026298678424629206
0.029769781110080634
0.07052805585265283
0.049157338071083204
0.00404115824692332
-0.0028115734051564457
37
-0.13677448925918262
-0.05150739277942778
0.06095988653767089
0.03657964097746098
0.12220032313301459
0.14469151254047077
0.09951114235565359
-0.00156359059816028
-0.05407766423274088
-0.10493082340826798
-0.06960724904709621
-0.026811071250020045
-0.04271143496390477
-0.024778555102972603
0.13220321999337187
0.09944845338160883
0.041092910096558896
-0.0493194880368354
-0.04621347380761223
-0.03249169892147438
0.02757516355557947
0.03835573932215878
-0.02615870993974528
0.008846054256021784
0.0020252105008343978
0.07448326429962436
-0.028578863078957337
-0.0829324593492035
0.29127484094043304
-0.08474318196995127
-0.3930601687638799
-0.1603152451957079
0.16227371960310769
0.34069287797487807
0.12777585035045902
-0.1597029465519489
-0.3007505563683312
-0.1901769986718981
0.08172931246369243
0.17657317386322494
0.15839244046370463
0.16337922214765435
0.07816835334182588
-0.1295663628067539
-0.23775921918244702
-0.22038518500973636
-0.08129247944671149
-0.015578103002995445
0.04673306207045619
0.13011055441895392
0.1681694701096986
38
0.03313483392160486
0.09997743231596166
0.12187086752361037
0.14860466559400112
0.1079944200560039
0.043017421007631
-0.061306013224870226
-0.10295572822716187
-0.1456081177953012
-0.14066888028332758
-0.0861511047245615
0.06406320860016627
0.11870302786600387
0.14462137312521037
0.07465494386049264
0.00909054657105842
-0.13743660944692357
-0.146307983965494
0.002115373223789696
0.14902950766077688
0.1937248989744077
0.032489228179845835
-0.11901893138862181
-0.21040212277148432
-0.1079069216305788
0.2875120706004226
0.16324670776242597
-0.29495768100324077
-0.19572475878080203
0.08610596225022829
0.19655498601459573
0.19323798100973727
0.09333973324543998
-0.1953487903818268
-0.19766938701016432
-0.09744709012948763
-0.00034726698941980704
0.07129262417245444
0.213649051368499
0.21321066187997587
0.032382789191440116
-0.08862697475705145
-0.13579966508208968
-0.1531499655063283
-0.12621595694965207
-0.09645856555698931
-0.0256503922545296
0.09786782611856304
0.14311377251736188
0.16906803869410827
0.12154518111773202
39
0.048160654293937934
0.016437605548676765
-0.021368332567365873
-0.05495534945678013
-0.039353942546805284
-0.06808631748484506
-0.057461564965321454
-0.04711265090727629
-0.05339822255714863
-0.028475454535952703
-0.0114591133763227
0.09369902524879016
0.12646552945878606
0.07855637110247189
-0.0718413057773822
-0.12096524186348576
-0.056823007979252195
0.08326413551904045
0.19678550460382838
0.12491051297589077
-0.04670440762599811
-0.18332831769513333
-0.22243673284459478
-0.057992118026064486
0.3074306227285305
0.3211689503524547
-0.13556670494444914
-0.5844635235519966
0.03833534329477852
-0.09687096030116354
-0.11548039972097456
-0.08337965377891228
0.0594803260640718
0.10851046549314798
0.05557678842185857
0.04764156406175442
-0.018963083359133506
-0.042504095437394925
-0.14980103720842747
-0.12592622782511886
-0.08534091621405433
0.04624211309574111
0.1335664395938995
0.17254811198665354
0.13062031534093446
0.0691700387465733
-0.0039115518192189
-0.06734087796868081
-0.12168154202792157
-0.12717647303113291
-0.10123964646942368
40
-0.1998442452182177
-0.18093262543253397
-0.14437232649910262
-0.01498683768958084
0.03359841520701975
0.14788629661907574
0.18211907673819044
0.17164725931647143
0.14821181574826672
0.08003958989165157
-0.019004880735910286
-0.2021425773981203
-0.22036440649965816
-0.19217139709493922
-0.06504641198790626
0.0552938939831909
0.1965969398583965
0.2460545892719633
0.1332105266159839
-0.02284070600581728
-0.20999402282349905
-0.20947316851616393
-0.047852117344020915
0.12080040269154217
0.18938544870483395
-0.0070265462091960145
-0.02924010420159257
-0.13789124371585756
-0.38119932258551753
-0.12969559249850499
0.03991601776246866
0.22436310804561022
0.1441643516786117
-0.08656507395179448
-0.17145568624999621
-0.13864471290448774
-0.007601093382111635
0.10601540918868316
0.12251032664233803
0.08836289764163686
0.048551605948697694
0.00224148726548123
-0.012239960151162493
-0.04030295121199684
-0.06693599712405703
-0.15949108838122342
-0.11695348764361316
-0.05148334241772893
-0.007523962950094233
0.016595871791193203
0.06601854574143301
41
-0.06916749551571068
-0.05039296145216994
-0.03017554520390217
0.0028518484972296105
0.0630711380074737
0.12211364517367068
0.1640398773163571
0.11407587274400685
0.041685779966152026
-0.006200901894534877
-0.03618330792782468
-0.08038074643544564
-0.12813882718797703
-0.09518008452668474
-0.08728393966602956
-0.03340717944756935
0.06779577349742086
0.16454369035419575
0.2253403735409585
0.13645821729878935
-0.025357916064437568
-0.17835780594898687
-0.2703790651587215
-0.14882288767456017
-0.04811305658534259
0.1548629452437021
0.11241080847935352
0.07589692480986635
0.4064656627798854
0.24001808003275196
-0.07100421137937776
-0.2657613049624624
-0.28138412015670244
-0.1719558328077258
0.038226014100816066
0.18841925231617543
0.22150596079224474
0.15890634772860734
0.10325860425411652
-0.022637163705163443
-0.1150268502939208
-0.12880913176725728
-0.09635366295995192
-0.09224003509117519
-0.06903245012821482
-0.025267578826062884
-0.00448308016069314
0.010461388220871398
0.08299741142716992
0.10615841125030438
0.121300989415383
42
-0.0755697702529232
-0.11591377638883607
-0.08651692015279978
-0.10714394354583721
-0.09075741042495099
-0.05581309866569181
0.002177081017789326
0.06189904459082726
0.12168763196341274
0.1437028762394122
0.12655973905782367
0.044763197315705106
-0.013585195330982357
-0.05613889384313951
-0.1541381717866777
-0.19285046396733674
-0.09584526321607485
0.07626140972714585
0.16934912754888315
0.2719053658342995
0.2396857223270468
-0.02279290087808156
-0.22833239377227899
-0.41958332081951916
-0.3188024588206206
0.0715435108723184
0.15604456290874263
0.3021441331601303
-0.15540634402424267
-0.09098015885035829
-0.01775955681471564
0.05888721022255433
0.18072379476136893
0.12414527537483845
0.023722667281632807
-0.04967975122553282
-0.1434904717284688
-0.1423914932473757
-0.003647025083528607
0.01950113144463129
0.0498513433811021
0.10938332898451637
0.14037076136074772
0.05008094068681881
0.02568278168403648
-0.01657485397641799
-0.047932053509102276
-0.09051808866911808
-0.1184043413976502
-0.09800428188494038
-0.049858403396892986
43
0.12356909572318979
0.15170790740548074
0.16217159684349067
0.12440110349406011
0.07453029604436123
0.022544792303634736
-0.027882315236658226
-0.07152315313341678
-0.14447796919948566
-0.15699878877393922
-0.12843422793217601
-0.07476160360610555
-0.05875842061185161
0.021358300692001078
0.13297189986043625
0.17561711697184812
0.13397919013475482
0.1204295180335778
0.05255723562072235
-0.10258437478792672
-0.18410618937836065
-0.17148383314902102
-0.12861636082107689
-0.1583959440746073
-0.014750745631867424
0.1167525360658336
0.2347716115294179
0.240068111058305
-0.2817469475789799
-0.38015974040761735
-0.20396799089628412
-0.029960985592203736
0.08341128307426547
0.14781236078901744
0.114164456267163
0.13849474040627005
0.03239197890510262
-0.0412580945362029
-0.08974670503016549
-0.14060092683543007
-0.1494653743375844
-0.12561371284027653
-0.10356183057236196
-0.012267003753650241
0.07451291809246419
0.16028410561045908
0.15592121683145924
0.15781961386968638
0.13019200847007084
0.07911050170861027
0.0033105637639957016
44
-0.07380593666224797
-0.030531620976716675
-0.019754187455274488
0.018655519387023093
0.03937113539320068
0.052125929777284606
0.054488549245147025
0.046195681727861905
0.019536118685330665
0.01450622127434273
0.012251236807265094
0.028453655905600762
0.006297206334549647
-0.015618294666723804
-0.10564888979559274
-0.1434166462115879
-0.13919309474765562
-0.07294524728549569
0.06321555041489904
0.15598590247059144
0.2262464151463614
0.1207072624328134
0.09995911395469864
-0.02303040424508406
-0.19653544593830732
-0.3425750849938642
-0.33352013123429786
-0.2485459142853208
-0.2552704682947056
-0.3487473601885486
-0.23829260079407838
-0.17091671874464034
-0.09329053641067538
0.04012585011802262
0.12728551264074228
0.2202751352753501
0.19021453854308865
0.1341000214436639
0.07567258398963447
-0.05794010836615462
-0.08592155930164565
-0.1139589442421924
-0.12866227374837697
-0.11113156611775153
-0.08926037276702216
-0.04292368431517701
-0.012709805980028467
0.018281565327457422
0.08200289143475602
0.09208340546726908
0.07614717655516572
45
-0.03514750499165343
-0.11615479522542914
-0.17218570024980284
-0.18171652233215016
-0.18700281760072063
-0.16323370955773028
-0.056376342826271825
0.010966945321271297
0.06833143156341936
0.10762323357196563
0.14358352645255043
0.1639416005471338
0.13131767350569895
0.11400697033016806
0.07598667106878336
-0.010914890092885113
-0.11172497897573329
-0.16395039453942267
-0.2009089986482038
-0.1427616771433867
-0.03721030386393884
-0.03102612740867881
0.035460888185782455
0.08429524361316615
0.19431772601757677
0.3125423981766019
0.29650861233369624
0.13757402966637783
-0.16722331056599896
-0.1885483580905688
-0.2666294372172518
-0.21282760557561445
-0.1574780597209081
-0.06191165386413105
-0.020747484839402246
0.05743756828017642
0.1499006667452775
0.20476560971262392
0.1527074989276273
0.11351913708318932
0.06312467366437481
-0.017983896348802045
-0.04623064337276474
-0.09729679074454
-0.1357811511286846
-0.13125663663925383
-0.12589100159779607
-0.0998135453542639
-0.1027894975242961
-0.055563062623146905
-0.028224367435853253
46
0.02646369415235742
0.0009546588628298017
-0.04148260231221012
-0.05113536170912889
-0.08964014793063486
-0.13401576773382232
-0.1488998693984695
-0.14973205855534044
-0.12229406210898855
-0.08242993024918666
-0.036381923827191666
0.01452505910610981
0.06909002758199477
0.16414906067375454
0.24688557946358952
0.24777216906631416
0.18177051964246665
0.1201107267686623
0.01769090595489403
-0.08182860246583873
-0.14329410219183789
-0.21050749665114463
-0.21078236404818212
-0.22895328729034625
-0.2874091550447307
-0.31905750102845837
-0.20434977719660827
-0.08029202590311604
-0.0006843328775783633
-0.06442477490019578
-0.06517602477910754
-0.17630951355582208
-0.18129902227747036
-0.21620470384297116
-0.19857559552615703
-0.12411254637617936
-0.02609753930666077
0.05287371931415042
0.0915752718809072
0.14134650031552734
0.13035938412475634
0.0887423042493511
0.09764022959959295
0.045482929623749446
-0.0002826478427523312
-0.0445868743531881
-0.07800481317451402
-0.12146304660710003
-0.12387218222649515
-0.10367355302394489
-0.08417622699867704
47
0.1376743449931211
0.14744440281844032
0.12815720652654827
0.11527850476773636
0.07212782198140215
0.05636188302885317
0.02156671388530433
-0.027392929925818068
-0.05740609396019043
-0.07952629781578237
-0.11426693502883944
-0.19547153008232412
-0.18169028821894798
-0.17930999598397598
-0.1091813528230311
-0.09223977924847651
-0.057940450226067045
0.01649255300089276
0.11578937899493423
0.189326279714051
0.17454411110110038
0.19212060578455226
0.1510874724904089
0.12251445204491383
0.12309127079105216
0.09547887748463255
0.10134245183997431
0.0695142407982115
-0.09977903947197538
-0.164605920808658
-0.18441532425499427
-0.27183442773273825
-0.3146583370695875
-0.2688687202962072
-0.2872585087174068
-0.21304548485921015
-0.14771778113343978
-0.0699312065277019
0.009150665716311164
0.07417887503610118
0.11271420726647718
0.12493922335833492
0.1416163649006133
0.139666550427851
0.10583302824917212
0.0705167105638573
0.04539839528324576
0.007022964509715901
-0.025204799991799025
-0.06790031186424239
-0.09051508171857617
48
0.1162720700853495
0.05998075364899682
0.012749863682339872
-0.019175573944644985
-0.055766433762701684
-0.09303007343945885
-0.12518008372546355
-0.1604175424966586
-0.15854591797835849
-0.1748233897344351
-0.1524759135103653
-0.10135454479602973
-0.0973266187930561
-0.026876960070075142
0.07851219314768366
0.13095536625206958
0.19258246473074747
0.21445516043097523
0.21217995721812152
0.22029755131287235
0.20880434211613688
0.18000519997158937
0.13295599473002465
0.12078922403031937
0.08693413253827278
0.039830548635743784
0.02919045852338433
0.08196599545996945
0.028367964752535033
0.04794797276733067
0.06404972690323411
0.11196396295726023
0.14825847715242868
0.1909321762908977
0.213673217865461
0.2429281640610281
0.23391610466708887
0.2446547495695324
0.19920069653920336
0.15617706363036704
0.11932292353378275
0.07156282215922871
0.05008341111924524
-0.018709168957506038
-0.06505119931664755
-0.09794593694004043
-0.11155694251895945
-0.1414881022903785
-0.1593279156970364
-0.16216873583184596
-0.15217649533000432
49
-0.16695810041891898
-0.1630442570236506
-0.1408526854798355
-0.12893741332156547
-0.11688460194192556
-0.0998203503443674
-0.06351725396951059
-0.021183944225419048
0.005559961361000491
0.0517193844035783
0.070319632871851
0.12461697675338677
0.14712027953082535
0.19656056559496116
0.23338795866197667
0.23795329059241996
0.21971004517953474
0.2594011736496322
0.272911414515273
0.22744954682060092
0.21648952775258692
0.2019626506256258
0.16997428904729134
0.1081895727266136
0.08991555143718534
0.04183592980951796
0.033619853922882574
0.028386583601554577
-0.03276118912074008
0.017209344421220123
-0.014940693254325935
-0.040510061337120686
-0.08220901588299853
-0.09451857291743533
-0.07414149615026776
-0.1328539121609117
-0.16938485325627628
-0.17792362792131086
-0.1958073170264577
-0.19735981991275334
-0.1762942586389074
-0.15599125793097351
-0.13902247206259982
-0.08640862195347439
-0.049780368041129355
-0.02075613889550685
0.02641958379795968
0.06549161596917875
0.07975405306433188
0.10465587794206047
0.1322408834623356
50
0.011505692929982648
-0.016080178065972603
-0.048972151658950094
-0.09332189075641355
-0.11615668994819842
-0.14755667349631799
-0.16457396829057866
-0.17192739357462433
-0.17726845952063353
-0.19075329803986926
-0.19181196086883354
-0.21341379274255592
-0.22535091281065675
-0.18590708940768386
-0.1435304591471413
-0.1305313010120182
-0.1106652391398395
-0.09510252881757603
-0.08687522917975862
-0.06493469960182637
-0.03068900812795215
-0.046538745582359
-0.022837903068786178
-0.04746247506853225
-0.025887408204863068
-0.004319593667728246
-0.006717461114827033
-0.003932267157683708
0.02148049583518899
0.03229041943833006
0.02286944347181715
0.0017494151778861234
-0.0036782058933703295
-0.023032543635660045
-0.05239120369529756
-0.08797521171978845
-0.1265374023339285
-0.14835858595258566
-0.19699054270523247
-0.20752125112908265
-0.22838168273830783
-0.2464668673326759
-0.24442224833108248
-0.23550529182438099
-0.2285217429663112
-0.22358591907177436
-0.20035459608653855
-0.17580406223760778
-0.1510321019659738
-0.13176666125793762
-0.09632857225635681
51
0.2655498947138993
0.2550713479924863
0.24604902963200742
0.2352808144053484
0.22525453344622445
0.21497690952601076
0.20737328948711284
0.1989731265658793
0.19309318388601954
0.18524363421759357
0.1795400277945099
0.15870106574438708
0.14032623326659757
0.1128379420726346
0.0938804220803847
0.08416212003713418
0.07726091627150518
0.058644483244585634
0.050714533258747946
0.026404809831037344
0.006016140337719346
0.006189795933535093
0.007266202793366789
0.004531114765373689
-0.013708460043078378
-0.011629780898264061
0.009081635254036087
0.011217531656404755
-0.00978177673477899
-0.0077678214542762445
-0.010015204631597413
-0.00808356964955373
-0.012047025835152015
-0.01146290793351956
-0.020601929091163495
-0.033070143927213434
-0.03765735948960651
-0.045547850918097744
-0.06224757921004804
-0.07859664852064244
-0.09791629722890588
-0.11271438610055472
-0.12425415243539013
-0.1522572017703805
-0.1623381512901712
-0.17047221707389523
-0.18416915606449324
-0.19895241971164765
-0.21991333801500193
-0.24297894936294723
-0.2557098600910715
