omega,S,S_edge,S_cont,Sr,Sr_edge,Sr_cont
-1.5924999999999994,0.0,0.0,0.0
-1.5875000000000004,0.004881249585515142,0.004881249585515142,0.0
-1.5824999999999996,0.023974278937707108,0.023974278937707108,0.0
-1.5775000000000006,0.04483838114836033,0.04483838114836033,0.0
-1.5724999999999998,0.12086492336523334,0.12086492336523334,0.0
-1.567499999999999,0.24216181572033527,0.24216181572033527,0.0
-1.5625,0.39767065207302993,0.39767065207302993,0.0
-1.5574999999999992,0.6151238415728816,0.6151238415728816,0.0
-1.5525000000000002,0.8546074495560315,0.8546074495560315,0.0
-1.5474999999999994,1.0428595353407657,1.0428595353407657,0.0
-1.5425000000000004,1.0636372437534454,1.0636372437534454,0.0
-1.5374999999999996,1.0626005181777605,1.0626005181777605,0.0
-1.5325000000000006,0.8223393660128472,0.8223393660128472,0.0
-1.5274999999999999,0.7404812424327483,0.7404812424327483,0.0
-1.522499999999999,0.8201363241645174,0.8201363241645174,0.0
-1.5175,0.5809982913732625,0.5809982913732625,0.0
-1.5124999999999993,0.3795711513975358,0.3795711513975358,0.0
-1.5075000000000003,0.6467871685302496,0.6467871685302496,0.0
-1.5024999999999995,0.8127064575387777,0.8127064575387777,0.0
-1.4975000000000005,0.4638051044219123,0.4638051044219123,0.0
-1.4924999999999997,0.14267935735359746,0.14267935735359746,0.0
-1.4875000000000007,0.5079523351864826,0.5079523351864826,0.0
-1.4825,0.9171997561879912,0.9171997561879912,0.0
-1.4774999999999991,0.584842815383093,0.584842815383093,0.0
-1.4725000000000001,0.08812167393319371,0.08812167393319371,0.0
-1.4674999999999994,0.1382300767579509,0.1382300767579509,0.0
-1.4625000000000004,0.7288180797062962,0.7288180797062962,0.0
-1.4574999999999996,0.960310261376877,0.960310261376877,0.0
-1.4525000000000006,0.30363100297863654,0.30363100297863654,0.0
-1.4474999999999998,0.026566092876918697,0.026566092876918697,0.0
-1.442499999999999,0.1336512054653438,0.1336512054653438,0.0
-1.4375,0.7920583398230587,0.7920583398230587,0.0
-1.4324999999999992,0.9750836008303831,0.9750836008303831,0.0
-1.4275000000000002,0.23874926070037333,0.23874926070037333,0.0
-1.4224999999999994,0.004578871292607125,0.004578871292607125,0.0
-1.4175000000000004,0.06794872210633027,0.06794872210633027,0.0
-1.4124999999999996,0.6527051436914494,0.6527051436914494,0.0
-1.4075000000000006,1.0977195970540776,1.0977195970540776,0.0
-1.4024999999999999,0.3338688322694383,0.3338688322694383,0.0
-1.397499999999999,0.0038445240098305103,0.0038445240098305103,0.0
-1.3925,0.010712830948741198,0.010712830948741198,0.0
-1.3874999999999993,0.2878209379494459,0.2878209379494459,0.0
-1.3825000000000003,1.1018233024578292,1.1018233024578292,0.0
-1.3774999999999995,0.6750811373666428,0.6750811373666428,0.0
-1.3725000000000005,0.08440674062032379,0.08440674062032379,0.0
-1.3674999999999997,0.0,0.0,0.0
-1.362499999999999,0.020518527018758344,0.020518527018758344,0.0
-1.3575,0.6893793109312933,0.6893793109312933,0.0
-1.3524999999999991,1.0824710917117162,1.0824710917117162,0.0
-1.3475000000000001,0.3592254119747249,0.3592254119747249,0.0
-1.3424999999999994,0.008250607706490196,0.008250607706490196,0.0
-1.3375000000000004,0.0,0.0,0.0
-1.3324999999999996,0.06846708489417255,0.06846708489417255,0.0
-1.3275000000000006,0.907437257016961,0.907437257016961,0.0
-1.3224999999999998,0.9656234799522609,0.9656234799522609,0.0
-1.317499999999999,0.21814433988364126,0.21814433988364126,0.0
-1.3125,0.00017278759594743865,0.00017278759594743865,0.0
-1.3074999999999992,0.0,0.0,0.0
-1.3025000000000002,0.11922344120373267,0.11922344120373267,0.0
-1.2974999999999994,0.9757315543151859,0.9757315543151859,0.0
-1.2925000000000004,0.9160334399153461,0.9160334399153461,0.0
-1.2874999999999996,0.14885651390871837,0.14885651390871837,0.0
-1.2825000000000006,0.0,0.0,0.0
-1.2774999999999999,0.001943860454408685,0.001943860454408685,0.0
-1.272499999999999,0.12116730165814137,0.12116730165814137,0.0
-1.2675,0.9317139142475761,0.9317139142475761,0.0
-1.2624999999999993,0.9718870303053554,0.9718870303053554,0.0
-1.2575000000000003,0.13313284267750147,0.13313284267750147,0.0
-1.2524999999999995,0.0,0.0,0.0
-1.2475000000000005,0.0010799224746714919,0.0010799224746714919,0.0
-1.2424999999999997,0.10643715910362221,0.10643715910362221,0.0
-1.237499999999999,0.7985810715700746,0.7985810715700746,0.0
-1.2325,1.0883890668729161,1.0883890668729161,0.0
-1.2274999999999991,0.16535772932169876,0.16535772932169876,0.0
-1.2225000000000001,0.0,0.0,0.0
-1.2174999999999994,0.0003455751918948773,0.0003455751918948773,0.0
-1.2125000000000004,0.07054053604554182,0.07054053604554182,0.0
-1.2074999999999996,0.6228992833905164,0.6228992833905164,0.0
-1.2025000000000006,1.2115002289854662,1.2115002289854662,0.0
-1.1974999999999998,0.2543865381336165,0.2543865381336165,0.0
-1.192499999999999,0.00017278759594743865,0.00017278759594743865,0.0
-1.1875,0.0,0.0,0.0
-1.1824999999999992,0.03334800601785566,0.03334800601785566,0.0
-1.1775000000000002,0.38652585213442026,0.38652585213442026,0.0
-1.1724999999999994,1.2815224022431655,1.2815224022431655,0.0
-1.1675000000000004,0.45231472929140765,0.45231472929140765,0.0
-1.1624999999999996,0.006133959656134072,0.006133959656134072,0.0
-1.1575000000000006,0.0,0.0,0.0
-1.1524999999999999,0.004449280595646545,0.004449280595646545,0.0
-1.147499999999999,0.22453748093369652,0.22453748093369652,0.0
-1.1425,1.0983675505388806,1.0983675505388806,0.0
-1.1374999999999993,0.791064811146361,0.791064811146361,0.0
-1.1325000000000003,0.04142582612839841,0.04142582612839841,0.0
-1.1274999999999995,0.0,0.0,0.0
-1.1225000000000005,0.0,0.0,0.0
-1.1174999999999997,0.0941260428923672,0.0941260428923672,0.0
-1.112499999999999,0.771064646915445,0.771064646915445,0.0
-1.1075,1.133659417011145,1.133659417011145,0.0
-1.1024999999999991,0.16099484252402593,0.16099484252402593,0.0
-1.0975000000000001,0.0,0.0,0.0
-1.0924999999999994,0.0,0.0,0.0
-1.0875000000000004,0.019395407645099987,0.019395407645099987,0.0
-1.0824999999999996,0.36259477009569996,0.36259477009569996,0.0
-1.0775000000000006,1.2977644362622247,1.2977644362622247,0.0
-1.0724999999999998,0.4793127911581949,0.4793127911581949,0.0
-1.067499999999999,0.000777544181763474,0.000777544181763474,0.0
-1.0625,0.0,0.0,0.0
-1.0574999999999992,0.000259181393921158,0.000259181393921158,0.0
-1.0525000000000002,0.12622133883960396,0.12622133883960396,0.0
-1.0474999999999994,1.0202243602716514,1.0202243602716514,0.0
-1.0425000000000004,0.9534419544379662,0.9534419544379662,0.0
-1.0374999999999996,0.05969811439984005,0.05969811439984005,0.0
-1.0325000000000006,0.0,0.0,0.0
-1.0274999999999999,0.0,0.0,0.0
-1.022499999999999,0.014773339453506005,0.014773339453506005,0.0
-1.0175,0.4635891199269779,0.4635891199269779,0.0
-1.0124999999999993,1.3029048672416612,1.3029048672416612,0.0
-1.0075000000000003,0.37844803202387745,0.37844803202387745,0.0
-1.0024999999999995,0.000129590696960579,0.000129590696960579,0.0
-0.9975000000000005,0.0,0.0,0.0
-0.9924999999999997,0.0003023782929080177,0.0003023782929080177,0.0
-0.9874999999999989,0.11010889551750529,0.11010889551750529,0.0
-0.9824999999999999,1.1081732466088974,1.1081732466088974,0.0
-0.9774999999999991,0.8973291826540356,0.8973291826540356,0.0
-0.9725000000000001,0.04393124626963627,0.04393124626963627,0.0
-0.9674999999999994,0.0,0.0,0.0
-0.9625000000000004,0.0,0.0,0.0
-0.9574999999999996,0.006047565858160354,0.006047565858160354,0.0
-0.9525000000000006,0.40095361639603144,0.40095361639603144,0.0
-0.9474999999999998,1.368780138196622,1.368780138196622,0.0
-0.942499999999999,0.38363165990230064,0.38363165990230064,0.0
-0.9375,0.00043196898986859667,0.00043196898986859667,0.0
-0.9324999999999992,0.0,0.0,0.0
-0.9275000000000002,0.0,0.0,0.0
-0.9224999999999994,0.04924446484502002,0.04924446484502002,0.0
-0.9175000000000004,1.0307644036244452,1.0307644036244452,0.0
-0.9124999999999996,1.0120601463631347,1.0120601463631347,0.0
-0.9075000000000006,0.06777593451038282,0.06777593451038282,0.0
-0.9024999999999999,0.0,0.0,0.0
-0.8974999999999991,0.0,0.0,0.0
-0.8925000000000001,0.0,0.0,0.0
-0.8874999999999993,0.20898659729842706,0.20898659729842706,0.0
-0.8825000000000003,1.4456706183932324,1.4456706183932324,0.0
-0.8774999999999995,0.5028982980050203,0.5028982980050203,0.0
-0.8725000000000005,0.0022894356463035626,0.0022894356463035626,0.0
-0.8674999999999997,0.0,0.0,0.0
-0.8624999999999989,0.0,0.0,0.0
-0.8574999999999999,0.0047084619895677035,0.0047084619895677035,0.0
-0.8524999999999991,0.6678672552358372,0.6678672552358372,0.0
-0.8475000000000001,1.3231642128664982,1.3231642128664982,0.0
-0.8424999999999994,0.16410501925107984,0.16410501925107984,0.0
-0.8375000000000004,0.0,0.0,0.0
-0.8324999999999996,0.0,0.0,0.0
-0.8275000000000006,0.0,0.0,0.0
-0.8224999999999998,0.04388804937064941,0.04388804937064941,0.0
-0.817499999999999,1.3188013260688252,1.3188013260688252,0.0
-0.8125,0.7813455088743176,0.7813455088743176,0.0
-0.8074999999999992,0.015810065029190638,0.015810065029190638,0.0
-0.8025000000000002,0.0,0.0,0.0
-0.7974999999999994,0.0,0.0,0.0
-0.7925000000000004,0.0,0.0,0.0
-0.7874999999999996,0.20142713997572662,0.20142713997572662,0.0
-0.7825000000000006,1.600574698160111,1.600574698160111,0.0
-0.7774999999999999,0.35784311120714546,0.35784311120714546,0.0
-0.7724999999999991,0.0,0.0,0.0
-0.7675000000000001,0.0,0.0,0.0
-0.7624999999999993,0.0,0.0,0.0
-0.7575000000000003,0.0,0.0,0.0
-0.7524999999999995,0.6175860648151325,0.6175860648151325,0.0
-0.7475000000000005,1.4193205100112478,1.4193205100112478,0.0
-0.7424999999999997,0.12293837451660258,0.12293837451660258,0.0
-0.7374999999999989,0.0,0.0,0.0
-0.7324999999999999,0.0,0.0,0.0
-0.7274999999999991,0.0,0.0,0.0
-0.7225000000000001,0.0028941922321195977,0.0028941922321195977,0.0
-0.7174999999999994,1.2688225139410287,1.2688225139410287,0.0
-0.7125000000000004,0.8777177905140017,0.8777177905140017,0.0
-0.7074999999999996,0.01041045265583318,0.01041045265583318,0.0
-0.7025000000000006,0.0,0.0,0.0
-0.6974999999999998,0.0,0.0,0.0
-0.692499999999999,0.0,0.0,0.0
-0.6875,0.04332648968382024,0.04332648968382024,0.0
-0.6824999999999992,1.685197423275369,1.685197423275369,0.0
-0.6775000000000002,0.4313210363837938,0.4313210363837938,0.0
-0.6724999999999994,0.0,0.0,0.0
-0.6675000000000004,0.0,0.0,0.0
-0.6624999999999996,0.0,0.0,0.0
-0.6575000000000006,0.0,0.0,0.0
-0.6524999999999999,0.25503449161841946,0.25503449161841946,0.0
-0.6474999999999991,1.736601733069732,1.736601733069732,0.0
-0.6425000000000001,0.16820872465483153,0.16820872465483153,0.0
-0.6374999999999993,0.0,0.0,0.0
-0.6325000000000003,0.0,0.0,0.0
-0.6274999999999995,0.0,0.0,0.0
-0.6225000000000005,0.0,0.0,0.0
-0.6174999999999997,0.6639795343270198,0.6639795343270198,0.0
-0.6124999999999989,1.4702496539167556,1.4702496539167556,0.0
-0.6074999999999999,0.02561576109920778,0.02561576109920778,0.0
-0.6024999999999991,0.0,0.0,0.0
-0.5975000000000001,0.0,0.0,0.0
-0.5924999999999994,0.0,0.0,0.0
-0.5875000000000004,4.319689898685966e-5,4.319689898685966e-5,0.0
-0.5824999999999996,1.2208739560656146,1.2208739560656146,0.0
-0.5775000000000006,0.9389277963783814,0.9389277963783814,0.0
-0.5724999999999998,0.0,0.0,0.0
-0.567499999999999,0.0,0.0,0.0
-0.5625,0.0,0.0,0.0
-0.5574999999999992,0.0,0.0,0.0
-0.5525000000000002,0.0015118914645400885,0.0015118914645400885,0.0
-0.5474999999999994,1.643728400247984,1.643728400247984,0.0
-0.5425000000000004,0.5146046576304593,0.5146046576304593,0.0
-0.5374999999999996,0.0,0.0,0.0
-0.5325000000000006,0.0,0.0,0.0
-0.5274999999999999,0.0,0.0,0.0
-0.5224999999999991,0.0,0.0,0.0
-0.5175000000000001,0.03097217657357838,0.03097217657357838,0.0
-0.5124999999999993,1.9530181969938987,1.9530181969938987,0.0
-0.5075000000000003,0.17585457577550567,0.17585457577550567,0.0
-0.5024999999999995,0.0,0.0,0.0
-0.4975000000000005,0.0,0.0,0.0
-0.4924999999999997,0.0,0.0,0.0
-0.48749999999999893,0.0,0.0,0.0
-0.48249999999999993,0.17598416647246626,0.17598416647246626,0.0
-0.47749999999999915,1.9568627210037295,1.9568627210037295,0.0
-0.47250000000000014,0.02699806186678729,0.02699806186678729,0.0
-0.46749999999999936,0.0,0.0,0.0
-0.46250000000000036,0.0,0.0,0.0
-0.4574999999999996,0.0,0.0,0.0
-0.45250000000000057,0.0,0.0,0.0
-0.4474999999999998,0.46073812459384506,0.46073812459384506,0.0
-0.442499999999999,1.6991068247491379,1.6991068247491379,0.0
-0.4375,0.0,0.0,0.0
-0.4324999999999992,0.0,0.0,0.0
-0.4275000000000002,0.0,0.0,0.0
-0.42249999999999943,0.0,0.0,0.0
-0.4175000000000004,0.0,0.0,0.0
-0.41249999999999964,0.815643846669884,0.815643846669884,0.0
-0.40750000000000064,1.344201102673099,1.344201102673099,0.0
-0.40249999999999986,0.0,0.0,0.0
-0.3974999999999991,0.0,0.0,0.0
-0.39250000000000007,0.0,0.0,0.0
-0.3874999999999993,0.0,0.0,0.0
-0.3825000000000003,0.0,0.0,0.0
-0.3774999999999995,1.1932279407140243,1.1932279407140243,0.0
-0.3725000000000005,0.9666170086289586,0.9666170086289586,0.0
-0.3674999999999997,0.0,0.0,0.0
-0.36249999999999893,0.0,0.0,0.0
-0.35749999999999993,0.0,0.0,0.0
-0.35249999999999915,0.0,0.0,0.0
-0.34750000000000014,0.000259181393921158,0.000259181393921158,0.0
-0.34249999999999936,1.5846782393329466,1.5846782393329466,0.0
-0.33750000000000036,0.5749075286161153,0.5749075286161153,0.0
-0.3324999999999996,0.0,0.0,0.0
-0.32750000000000057,0.0,0.0,0.0
-0.3224999999999998,0.0,0.0,0.0
-0.317499999999999,0.0,0.0,0.0
-0.3125,0.004578871292607124,0.004578871292607124,0.0
-0.3074999999999992,1.8458466906075002,1.8458466906075002,0.0
-0.3025000000000002,0.3094193874428757,0.3094193874428757,0.0
-0.29749999999999943,0.0,0.0,0.0
-0.2925000000000004,0.0,0.0,0.0
-0.28749999999999964,0.0,0.0,0.0
-0.28250000000000064,0.0,0.0,0.0
-0.27749999999999986,0.028682740927274814,0.028682740927274814,0.0
-0.2724999999999991,1.9559555861250055,1.9559555861250055,0.0
-0.26750000000000007,0.17520662229070277,0.17520662229070277,0.0
-0.2624999999999993,0.0,0.0,0.0
-0.2575000000000003,0.0,0.0,0.0
-0.2524999999999995,0.0,0.0,0.0
-0.2475000000000005,0.0,0.0,0.0
-0.24249999999999972,0.07671769260066276,0.07671769260066276,0.0
-0.23749999999999893,1.9677051426494312,1.9677051426494312,0.0
-0.23249999999999993,0.11542211409288901,0.11542211409288901,0.0
-0.22749999999999915,0.0,0.0,0.0
-0.22250000000000014,0.0,0.0,0.0
-0.21749999999999936,0.0,0.0,0.0
-0.21250000000000036,0.0,0.0,0.0
-0.20749999999999957,0.1462646999695068,0.1462646999695068,0.0
-0.20250000000000057,1.9248970157534535,1.9248970157534535,0.0
-0.1974999999999998,0.0886832336200229,0.0886832336200229,0.0
-0.192499999999999,0.0,0.0,0.0
-0.1875,0.0,0.0,0.0
-0.18249999999999922,0.0,0.0,0.0
-0.1775000000000002,0.0,0.0,0.0
-0.17249999999999943,0.20786347792476872,0.20786347792476872,0.0
-0.16750000000000043,1.8736654935550374,1.8736654935550374,0.0
-0.16249999999999964,0.07831597786317657,0.07831597786317657,0.0
-0.15750000000000064,0.0,0.0,0.0
-0.15249999999999986,0.0,0.0,0.0
-0.14749999999999908,0.0,0.0,0.0
-0.14250000000000007,0.0,0.0,0.0
-0.1374999999999993,0.2780152418794288,0.2780152418794288,0.0
-0.13250000000000028,1.8091293264686696,1.8091293264686696,0.0
-0.1274999999999995,0.07270038099488481,0.07270038099488481,0.0
-0.1225000000000005,0.0,0.0,0.0
-0.11749999999999972,0.0,0.0,0.0
-0.11249999999999893,0.0,0.0,0.0
-0.10749999999999993,0.0,0.0,0.0
-0.10249999999999915,0.36972225842853185,0.36972225842853185,0.0
-0.09750000000000014,1.7219579843131865,1.7219579843131865,0.0
-0.09249999999999936,0.06816470660126454,0.06816470660126454,0.0
-0.08750000000000036,0.0,0.0,0.0
-0.08249999999999957,0.0,0.0,0.0
-0.07750000000000057,0.0,0.0,0.0
-0.07249999999999979,0.0,0.0,0.0
-0.067499999999999,0.4589238548363969,0.4589238548363969,0.0
-0.0625,1.6333179475921502,1.6333179475921502,0.0
-0.05749999999999922,0.06760314691443536,0.06760314691443536,0.0
-0.05250000000000021,0.0,0.0,0.0
-0.04749999999999943,0.0,0.0,0.0
-0.042500000000000426,0.0,0.0,0.0
-0.037499999999999645,0.0,0.0,0.0
-0.03250000000000064,0.5265701986498192,0.5265701986498192,0.0
-0.027499999999999858,1.5616110952739637,1.5616110952739637,0.0
-0.022499999999999076,0.07166365541920018,0.07166365541920018,0.0
-0.01750000000000007,0.0,0.0,0.0
-0.01249999999999929,0.0,0.0,0.0
-0.007500000000000284,0.0,0.0,0.0
-0.0024999999999995026,0.0,0.0,0.0
0.0024999999999995026,0.5739571968384044,0.5739571968384044,0.0
0.007500000000000284,1.5011786335913468,1.5011786335913468,0.0
0.012500000000001066,0.08470911891323178,0.08470911891323178,0.0
0.01750000000000007,0.0,0.0,0.0
0.022500000000000853,0.0,0.0,0.0
0.027499999999999858,0.0,0.0,0.0
0.03250000000000064,0.0,0.0,0.0
0.037499999999999645,0.5915383347260562,0.5915383347260562,0.0
0.042500000000000426,1.4659731609170563,1.4659731609170563,0.0
0.04749999999999943,0.10233345369987053,0.10233345369987053,0.0
0.05250000000000021,0.0,0.0,0.0
0.057500000000000995,0.0,0.0,0.0
0.0625,0.0,0.0,0.0
0.06750000000000078,0.0,0.0,0.0
0.07249999999999979,0.5851883905749878,0.5851883905749878,0.0
0.07750000000000057,1.4406597781107562,1.4406597781107562,0.0
0.08249999999999957,0.13399678065723866,0.13399678065723866,0.0
0.08750000000000036,0.0,0.0,0.0
0.09249999999999936,0.0,0.0,0.0
0.09750000000000014,0.0,0.0,0.0
0.10250000000000092,0.0,0.0,0.0
0.10749999999999993,0.5623804279099259,0.5623804279099259,0.0
0.11250000000000071,1.4091260418503488,1.4091260418503488,0.0
0.11749999999999972,0.1883384795827081,0.1883384795827081,0.0
0.1225000000000005,0.0,0.0,0.0
0.1274999999999995,0.0,0.0,0.0
0.13250000000000028,0.0,0.0,0.0
0.13750000000000107,0.0,0.0,0.0
0.14250000000000007,0.5298531629728206,0.5298531629728206,0.0
0.14750000000000085,1.361998225055685,1.361998225055685,0.0
0.15249999999999986,0.2679935613144773,0.2679935613144773,0.0
0.15750000000000064,0.0,0.0,0.0
0.16249999999999964,0.0,0.0,0.0
0.16750000000000043,0.0,0.0,0.0
0.17249999999999943,0.0,0.0,0.0
0.1775000000000002,0.5045397801665209,0.5045397801665209,0.0
0.182500000000001,1.2911121138182484,1.2911121138182484,0.0
0.1875,0.3641930553582138,0.3641930553582138,0.0
0.19250000000000078,0.0,0.0,0.0
0.1974999999999998,0.0,0.0,0.0
0.20250000000000057,0.0,0.0,0.0
0.20749999999999957,0.0,0.0,0.0
0.21250000000000036,0.4815590299055115,0.4815590299055115,0.0
0.21749999999999936,1.1740917144628455,1.1740917144628455,0.0
0.22250000000000014,0.504194204974626,0.504194204974626,0.0
0.22750000000000092,0.0,0.0,0.0
0.23249999999999993,0.0,0.0,0.0
0.2375000000000007,0.0,0.0,0.0
0.24249999999999972,0.0,0.0,0.0
0.2475000000000005,0.44622396653426016,0.44622396653426016,0.0
0.2524999999999995,1.0401813276035805,1.0401813276035805,0.0
0.2575000000000003,0.6734396552051422,0.6734396552051422,0.0
0.26250000000000107,0.0,0.0,0.0
0.26750000000000007,0.0,0.0,0.0
0.27250000000000085,0.0,0.0,0.0
0.27749999999999986,0.0,0.0,0.0
0.28250000000000064,0.38484117307393273,0.38484117307393273,0.0
0.28749999999999964,0.9159902430163593,0.9159902430163593,0.0
0.2925000000000004,0.859013533252691,0.859013533252691,0.0
0.29749999999999943,0.0,0.0,0.0
0.3025000000000002,0.0,0.0,0.0
0.307500000000001,0.0,0.0,0.0
0.3125,0.0,0.0,0.0
0.3175000000000008,0.3029398525948468,0.3029398525948468,0.0
0.3224999999999998,0.7912807956412953,0.7912807956412953,0.0
0.32750000000000057,1.065624301106841,1.065624301106841,0.0
0.3324999999999996,0.0,0.0,0.0
0.33750000000000036,0.0,0.0,0.0
0.34249999999999936,0.0,0.0,0.0
0.34750000000000014,0.0,0.0,0.0
0.3525000000000009,0.22820921734757957,0.22820921734757957,0.0
0.35749999999999993,0.6351672027027845,0.6351672027027845,0.0
0.3625000000000007,1.2808312518593756,1.2808312518593756,0.0
0.3674999999999997,0.015637277433243196,0.015637277433243196,0.0
0.3725000000000005,0.0,0.0,0.0
0.3774999999999995,0.0,0.0,0.0
0.3825000000000003,0.0,0.0,0.0
0.38750000000000107,0.15935336036252526,0.15935336036252526,0.0
0.39250000000000007,0.5123152219841556,0.5123152219841556,0.0
0.39750000000000085,1.3842878249329047,1.3842878249329047,0.0
0.40249999999999986,0.1038885420633975,0.1038885420633975,0.0
0.40750000000000064,0.0,0.0,0.0
0.41249999999999964,0.0,0.0,0.0
0.4175000000000004,0.0,0.0,0.0
0.42249999999999943,0.09619949404373648,0.09619949404373648,0.0
0.4275000000000002,0.5015159972374408,0.5015159972374408,0.0
0.432500000000001,1.2637684767595663,1.2637684767595663,0.0
0.4375,0.2983609813022397,0.2983609813022397,0.0
0.4425000000000008,0.0,0.0,0.0
0.4474999999999998,0.0,0.0,0.0
0.45250000000000057,0.0,0.0,0.0
0.4574999999999996,0.049849221430836047,0.049849221430836047,0.0
0.46250000000000036,0.5053605212472713,0.5053605212472713,0.0
0.46749999999999936,1.000612968131617,1.000612968131617,0.0
0.47250000000000014,0.6040222385332586,0.6040222385332586,0.0
0.4775000000000009,0.0,0.0,0.0
0.48249999999999993,0.0,0.0,0.0
0.4875000000000007,0.0,0.0,0.0
0.4924999999999997,0.026609289775905553,0.026609289775905553,0.0
0.4975000000000005,0.4470447076150106,0.4470447076150106,0.0
0.5024999999999995,0.6917119434765837,0.6917119434765837,0.0
0.5075000000000003,0.994479008475483,0.994479008475483,0.0
0.5125000000000011,0.0,0.0,0.0
0.5175000000000001,0.0,0.0,0.0
0.5225000000000009,0.0,0.0,0.0
0.5274999999999999,0.009114545686227387,0.009114545686227387,0.0
0.5325000000000006,0.3842364164881167,0.3842364164881167,0.0
0.5374999999999996,0.39024078544729013,0.39024078544729013,0.0
0.5425000000000004,1.3554322964096823,1.3554322964096823,0.0
0.5474999999999994,0.020820905311666357,0.020820905311666357,0.0
0.5525000000000002,0.0,0.0,0.0
0.557500000000001,0.0,0.0,0.0
0.5625,0.0013823007675795092,0.0013823007675795092,0.0
0.5675000000000008,0.33641744930966305,0.33641744930966305,0.0
0.5724999999999998,0.2812982062024301,0.2812982062024301,0.0
0.5775000000000006,1.3457993879356127,1.3457993879356127,0.0
0.5824999999999996,0.19494760512769765,0.19494760512769765,0.0
0.5875000000000004,0.0,0.0,0.0
0.5924999999999994,0.0,0.0,0.0
0.5975000000000001,0.0,0.0,0.0
0.6025000000000009,0.1993536888243573,0.1993536888243573,0.0
0.6074999999999999,0.3483397934300363,0.3483397934300363,0.0
0.6125000000000007,0.9579344319325998,0.9579344319325998,0.0
0.6174999999999997,0.6542170351559896,0.6542170351559896,0.0
0.6225000000000005,0.0,0.0,0.0
0.6274999999999995,0.0,0.0,0.0
0.6325000000000003,0.0,0.0,0.0
0.6375000000000011,0.07982786932771667,0.07982786932771667,0.0
0.6425000000000001,0.36069410654027817,0.36069410654027817,0.0
0.6475000000000009,0.5083843041763514,0.5083843041763514,0.0
0.6524999999999999,1.2070509483898195,1.2070509483898195,0.0
0.6575000000000006,0.0038877209088173693,0.0038877209088173693,0.0
0.6624999999999996,0.0,0.0,0.0
0.6675000000000004,0.0,0.0,0.0
0.6724999999999994,0.028855528523222256,0.028855528523222256,0.0
0.6775000000000002,0.3643658429541612,0.3643658429541612,0.0
0.682500000000001,0.2441920699727176,0.2441920699727176,0.0
0.6875,1.365669961469568,1.365669961469568,0.0
0.6925000000000008,0.1567615464233137,0.1567615464233137,0.0
0.6974999999999998,0.0,0.0,0.0
0.7025000000000006,0.0,0.0,0.0
0.7074999999999996,8.639379797371933e-5,8.639379797371933e-5,0.0
0.7125000000000004,0.28047746512167976,0.28047746512167976,0.0
0.7174999999999994,0.24354411648791477,0.24354411648791477,0.0
0.7225000000000001,0.8345640884261287,0.8345640884261287,0.0
0.7275000000000009,0.801172885509286,0.801172885509286,0.0
0.7324999999999999,0.0,0.0,0.0
0.7375000000000007,0.0,0.0,0.0
0.7424999999999997,0.0,0.0,0.0
0.7475000000000005,0.1354654752227919,0.1354654752227919,0.0
0.7524999999999995,0.2819893565862199,0.2819893565862199,0.0
0.7575000000000003,0.37119095299408505,0.37119095299408505,0.0
0.7625000000000011,1.3153023772508896,1.3153023772508896,0.0
0.7675000000000001,0.05589678728899639,0.05589678728899639,0.0
0.7725000000000009,0.0,0.0,0.0
0.7774999999999999,0.0,0.0,0.0
0.7825000000000006,0.021512055695456115,0.021512055695456115,0.0
0.7874999999999996,0.3276052819163436,0.3276052819163436,0.0
0.7925000000000004,0.18872725167358984,0.18872725167358984,0.0
0.7974999999999994,1.0312827664122877,1.0312827664122877,0.0
0.8025000000000002,0.590717593645306,0.590717593645306,0.0
0.807500000000001,0.0,0.0,0.0
0.8125,0.0,0.0,0.0
0.8175000000000008,0.0,0.0,0.0
0.8224999999999998,0.19321972916822328,0.19321972916822328,0.0
0.8275000000000006,0.2172372050049172,0.2172372050049172,0.0
0.8324999999999996,0.39840499935580653,0.39840499935580653,0.0
0.8375000000000004,1.275561230182979,1.275561230182979,0.0
0.8424999999999994,0.07542178563105696,0.07542178563105696,0.0
0.8475000000000001,0.0,0.0,0.0
0.8525000000000009,0.0,0.0,0.0
0.8574999999999999,0.028639544028287955,0.028639544028287955,0.0
0.8625000000000007,0.27222685741518954,0.27222685741518954,0.0
0.8674999999999997,0.1956819524104742,0.1956819524104742,0.0
0.8725000000000005,0.8802232106552393,0.8802232106552393,0.0
0.8774999999999995,0.7780625445513164,0.7780625445513164,0.0
0.8825000000000003,0.005010840282475721,0.005010840282475721,0.0
0.8875000000000011,0.0,0.0,0.0
0.8925000000000001,0.0,0.0,0.0
0.8975000000000009,0.1299794690514607,0.1299794690514607,0.0
0.9024999999999999,0.22181607629752437,0.22181607629752437,0.0
0.9075000000000006,0.2595269691130528,0.2595269691130528,0.0
0.9124999999999996,1.2492975155989683,1.2492975155989683,0.0
0.9175000000000004,0.29922491928197686,0.29922491928197686,0.0
0.9224999999999994,0.0,0.0,0.0
0.9275000000000002,0.0,0.0,0.0
0.932500000000001,0.0015118914645400883,0.0015118914645400883,0.0
0.9375,0.16816552775584467,0.16816552775584467,0.0
0.9425000000000008,0.1900231586431956,0.1900231586431956,0.0
0.9474999999999998,0.3789663948117198,0.3789663948117198,0.0
0.9525000000000006,1.2642868395474085,1.2642868395474085,0.0
0.9574999999999996,0.15689113712027428,0.15689113712027428,0.0
0.9625000000000004,0.0,0.0,0.0
0.9674999999999994,0.0,0.0,0.0
0.9725000000000001,0.0,0.0,0.0
0.9775000000000009,0.11045447070940015,0.11045447070940015,0.0
0.9824999999999999,0.21365186238900788,0.21365186238900788,0.0
0.9875000000000007,0.4898960314099754,0.4898960314099754,0.0
0.9924999999999997,1.1432491285862278,1.1432491285862278,0.0
0.9975000000000005,0.20259345624837186,0.20259345624837186,0.0
1.0024999999999995,0.0,0.0,0.0
1.0075000000000003,0.0,0.0,0.0
1.012500000000001,0.0,0.0,0.0
1.0175,0.0,0.0,0.0
1.0225000000000009,0.08656658556966676,0.08656658556966676,0.0
1.0274999999999999,0.35507850967198634,0.35507850967198634,0.0
1.0325000000000006,1.1428603564953457,1.1428603564953457,0.0
1.0374999999999996,0.5316242358312819,0.5316242358312819,0.0
1.0425000000000004,0.04371526177470198,0.04371526177470198,0.0
