128.0 22.0 10000.0 0.31829743989500153
0.1 0.894333046167931 2.892035905280507e-6 4.570969407989402e-7
0.2 0.8002871548905001 5.435810112556715e-6 5.171078636151982e-7
0.3 0.7165164588159525 7.711772625599876e-6 6.343246553306979e-7
0.4 0.6418390277656398 9.721065442064157e-6 7.049880099654865e-7
0.5 0.5752192334837722 1.148485947748751e-5 9.268036641217086e-7
0.6 0.5157441993419823 1.296099906292806e-5 1.2868562543627777e-6
0.7 0.4626179888254029 1.4280355324151435e-5 1.5277174766150335e-6
0.9 0.37265708876461084 1.6483922591295767e-5 1.985684369741716e-6
1.0 0.334648418720828 1.738456198077842e-5 2.548714155278814e-6
1.2 0.2701381099848441 1.878618243518048e-5 3.1116925181475535e-6
1.4 0.21832538310054805 1.9717401361372334e-5 3.726186351407447e-6
1.7 0.1589445549866472 2.064842547078104e-5 4.923995321412013e-6
2.0 0.11595566277465225 2.119364728715275e-5 5.9441461873111155e-6
2.3 0.08473278363123776 2.1577158990197967e-5 7.408709239225844e-6
2.7 0.055900816068044604 2.1865206130937858e-5 8.844484605506718e-6
3.1 0.03696002576671908 2.2081460206130915e-5 1.098965974719433e-5
3.7 0.019931627284193027 2.216024380569364e-5 1.3050753142931757e-5
4.3 0.01078587787222702 2.2303053113220544e-5 1.6816216022380725e-5
5.0 0.005266312915689659 2.230590083152988e-5 2.305658457107203e-5
5.8 0.0023376837094431354 2.225732190695857e-5 2.947084738171754e-5
6.8 0.0008496998910491299 2.247662115746302e-5 3.946080977707536e-5
7.9 0.0002779491017244254 2.2700989254079847e-5 5.963222292651188e-5
1
-0.12894319923640774
0.2510424550630559
-0.39819569435400115
0.5171879489991772
-0.5304574304559264
0.4158794092994849
-0.19449132680173944
0.04483967532578546
-0.007072730876223298
-0.00815577583807501
0.002763535528223978
0.0009952894427077328
-0.0015117251716476347
0.0008510192483406608
-0.0004433231590451697
0.0006412638436540413
-0.00037852201674749294
0.0005240143453667991
-0.00017278774962960452
-0.000568906736340709
0.0002984005272289303
0.0005143820327497771
2
-0.35749549062957753
0.5375449840650718
-0.43830866245014877
0.09229201895306847
0.29137679438835
-0.45657158568473305
0.2799130367500881
-0.09349581009371358
0.04511285863442623
-0.008630247877733348
0.005558634624614206
-0.003315508868538879
-0.0004269955019053423
0.0023198145037447793
-0.0009679689855042849
-6.595485383250374e-5
0.0003484890180081716
-0.00013783877172428727
0.0007238555814895766
-0.0005319810893183709
-0.00021949186949289597
0.00044401989265881273
3
0.39740381343362724
-0.33946175309311105
-0.09786742782188891
0.41734159722176556
-0.19244061307072044
-0.2982122448770121
0.3988760049398471
-0.3881461399502912
0.314253382390339
-0.08898817853853477
0.025376059439512367
-0.00534542312331431
0.0009694109528589771
0.001275124016233108
-0.002918390432995033
0.0008757585301396048
0.00129372659375664
-0.000494199661685479
9.755494881975796e-5
0.00013032837993553773
-0.00020946831836951392
-0.00013793599767646358
4
0.3173517564785387
-0.1744580669177616
-0.2141924268315349
0.2778645095208935
0.08204752789846424
-0.29061578006113387
0.031075725760155326
0.529850222597843
-0.5775835893507837
0.19032789307244438
-0.053663176567148106
0.010940020774842416
0.0010082107949111242
-0.005013835225660577
0.0023256370377703513
-0.0016081470944978521
0.001170479258866543
0.0010178892692216729
-0.002194685772520942
0.0007479505511358592
7.5783118151167255e-6
-0.00012023907502885159
5
0.5083324806900795
0.05089742309148824
-0.4782826163225469
-0.09419827981122496
0.4499947535104014
0.1686533295154446
-0.4229169691005945
-0.050918229330101615
0.2500132129865767
-0.15200986068983724
0.05786915138672588
-0.004643650000769565
-0.0008873293280174298
-0.0003379434114091163
-0.000512005985739225
0.0012282152650411593
-0.0004177356033414551
-0.0003152482228149658
0.0006812385810413547
-0.0010975979787655984
0.0005984366779725291
0.0005763722110838031
6
0.17487320698772812
0.11061515940828882
-0.11308303653813367
-0.16328947122092988
-0.011181876953431915
0.17423666629245765
0.12062886148550306
-0.3312342849563851
-0.09219213661127787
0.6523127151759306
-0.5384081765212292
0.18956966862997343
-0.055159529671073605
0.009199414673457541
0.0019887947283908983
0.000706452059612353
0.0005911209828943942
-0.002151277997132487
0.002650222971354109
-0.002184383156246203
0.0006767389020123709
-0.0011485827354856904
7
-0.4157662324781837
-0.371061131379545
0.08309708176141264
0.4248255135828354
0.3030018997478892
-0.1622140300695109
-0.4379495952115516
-0.016798141055606994
0.22371133863329515
0.156721367801902
-0.2845511665183212
0.16687031155490978
-0.08625592206734993
0.029756893828842775
-0.004549427244084847
0.002937183514462174
-0.0045782622411725165
0.006181226736280121
-0.0039004933843502826
0.002864767707404886
-0.001566379798267425
0.001151317526276919
8
-0.09874769431464751
-0.11668289566138984
-0.03811209467968063
0.07703584963322244
0.11992190041043291
0.0616615777486248
-0.05610456700752281
-0.18443062958986567
-0.08194598224471603
0.2722366209888898
0.13025146356698084
-0.546533105090466
0.6086215460667337
-0.36244892682217167
0.1196183601823192
-0.03406917714078022
0.011140063097934695
-0.0014003373839584488
-0.0031011530659961805
-0.0016093678903382931
0.003459370949494751
-0.0006634278848409722
9
0.1850123502584116
0.265654157659826
0.1701076425771455
-0.03675228272380091
-0.21718401807306906
-0.2538342295104243
-0.11963614163835644
0.3130770698763928
0.3192812798344729
-0.13676347617222226
-0.4011417343263286
0.17966202920419966
0.2990416688037486
-0.42033098645883954
0.23213222167119602
-0.08242771736631306
0.017430334459244468
0.0042240384047134896
-0.004604441958066286
-0.0030883243906169155
0.0024544222603337363
-0.0003001390203554038
10
-0.19552173078332274
-0.29848288970629716
-0.24776488495673324
-0.06907582980058433
0.14075135979117928
0.2699974422946049
0.2624850384944923
-0.06154902004880411
-0.1812399109987498
-0.2303501055737888
0.017262065715804433
0.38390050391930536
-0.06014305443038631
-0.3937199807630864
0.437657938647603
-0.2317646008067115
0.05871613288789187
-0.013853939361761304
-0.0005050638431496132
0.0009063792485815618
-0.0014256868735388884
0.0016965683088021855
11
0.1378508016979982
0.22635069759249452
0.21800107365122037
0.11779002515866507
-0.032425869346577374
-0.16156002381762474
-0.22925336757016973
-0.15216139162610964
-0.042306705696874634
0.2296567320577688
0.28478699995175977
-0.11098949695667716
-0.34827788823302536
0.04705371235389733
0.4994344223942337
-0.460614214898434
0.17423810890270938
-0.04207137459887134
-0.012940174450441709
0.010973447388648529
0.003243270596098998
0.002621306366909425
12
-0.10979761661609905
-0.19846313723793296
-0.21814848966597436
-0.164867001957306
-0.059496844604137594
0.061005043887623685
0.16657617998485988
0.2737763196531681
0.2288261828610717
-0.03659362151959849
-0.2862286734677043
-0.31890020154262283
0.0740772211269841
0.39393376619253934
0.03503426278466832
-0.427784364626282
0.36783833874615923
-0.20460416968169626
0.06461686539976425
-0.013736505734010319
0.008154420781632749
-0.0017710109460115566
13
-0.060976500794295535
-0.11984978701906968
-0.14688659471823778
-0.13188562972903395
-0.08019716112818304
-0.009289807085377692
0.06466230310252716
0.167189735518065
0.17367287462208403
0.08215382512215055
-0.0643825259841099
-0.23899728173003845
-0.14842584745652615
0.11033116419826199
0.28863311034861
-0.01063867839599383
-0.5032957428500862
0.5681977385115179
-0.3149676473333687
0.10917576523571149
-0.03248877226944408
0.01266314825300843
14
-0.07217955106080272
-0.14147516758515744
-0.18036967475579657
-0.1846502904270803
-0.15580412267325813
-0.09643565011136139
-0.013883649314810469
0.16493948699684777
0.21625252639822273
0.22766269206468281
0.12987517672892135
-0.14406592222274578
-0.29730962579994696
-0.19244586283516735
0.1921211344487981
0.338352551586543
-0.17501186206399244
-0.31013965197383253
0.46639940504286753
-0.285290257120561
0.08910695810004968
-0.02142984137294121
15
0.06218337433384327
0.12192697482817458
0.16625373635955684
0.18219618552012923
0.16620436841841765
0.12223131632832154
0.06061013977584932
-0.0894442707071708
-0.15122773790899777
-0.22024865738099264
-0.20479101056946708
-0.04466989238544832
0.15708031905628939
0.25611647006596094
0.14205297105365405
-0.1663012415047726
-0.3446189500263529
0.14108046425405246
0.3996259207875246
-0.48200737773697877
0.27198981661069427
-0.08998658696637796
16
-0.051745351492825956
-0.10098457468622664
-0.13891717370312523
-0.16063851427937148
-0.16071633639624697
-0.1398213999569655
-0.1019508235276605
0.006895828342718126
0.06298312822779853
0.1603684307303377
0.2130273951663292
0.1849871655030689
0.0450017886838694
-0.11523682587961526
-0.2685573644571579
-0.1863232758011842
0.2208735276107271
0.31813311366335006
-0.1744129172001484
-0.3796601376126066
0.5123683301630253
-0.26018034117808037
17
-0.04302893637907681
-0.08847691881103263
-0.12690742966851218
-0.1552728215775068
-0.16841502199628425
-0.16169612392011118
-0.1386266572247253
-0.05356627533126471
-0.0037239313494293845
0.10361839357330593
0.18656273506541032
0.24767965839980546
0.20712293421240796
0.06360012519587568
-0.18309414662706075
-0.32932367198043705
-0.14691038246771454
0.20135626842991144
0.3472218395229967
-0.1137468511148088
-0.4729877242802902
0.39791903982239607
18
-0.03684006739008131
-0.07510097740844879
-0.11095482535569465
-0.13791731720417402
-0.15687976588109118
-0.1612682373013028
-0.15253272756389571
-0.10311506485560631
-0.0701672846688297
0.0082473600264823
0.08841283998946983
0.19765322517310424
0.25057831337489433
0.2153113920828099
0.07057683474379457
-0.13401581069283955
-0.35478193876933534
-0.279538261822929
0.11236670453876678
0.4607742967851723
0.15604867949350132
-0.489781223258512
19
-0.03431547165694396
-0.07004423936774469
-0.10312010654997653
-0.13347390991145527
-0.15715772374066778
-0.17142664078351022
-0.17608275951946417
-0.16442753034313692
-0.14897368374601683
-0.09909765230153365
-0.03176344516228919
0.09094062630544027
0.20095457496913305
0.27112793774153754
0.28259899268735206
0.21185710648489606
-0.0379127673647572
-0.28163813889708084
-0.3868017971885691
-0.2190981269587887
0.229424481144022
0.4923373286995419
20
0.026181984987572664
0.05320473439688053
0.07983463449351315
0.10474597970500127
0.126927448770155
0.14425364369740187
0.157636043857879
0.16871602387597523
0.1677001936085924
0.15035937184263934
0.11489074724730292
0.04134767790117262
-0.04920545024355268
-0.1391301182901942
-0.23472889197583416
-0.2870654287540919
-0.290554231220308
-0.18364565447471085
0.02289745737433946
0.2771424399447702
0.4875246400772172
0.48043853264488806
21
0.023881039979151003
0.048995143772836675
0.07357176105047099
0.09678871126087575
0.11717368111678854
0.1342277786743088
0.14924588437030223
0.17133555824915989
0.17813591087139014
0.18047190626957274
0.1705040923724843
0.13760879429582937
0.08753528432521315
0.026581202821062702
-0.0658226931190683
-0.1612328994403045
-0.29140046761411176
-0.38068285528044526
-0.42949295716639124
-0.411815828905127
-0.33531265600438015
-0.22702117877953912
22
-0.02650277175272641
-0.05376040377684572
-0.08153851748114772
-0.1082342943273811
-0.13376318472446336
-0.15774662177903387
-0.18118154963389443
-0.22308470826772028
-0.24103699723114316
-0.2719654191991313
-0.29460478773444265
-0.31661489513539187
-0.3255542011212622
-0.32630451289641327
-0.31502501312825726
-0.2940788237532515
-0.24642725986126662
-0.19827266430507035
-0.14474420704361712
-0.10111512543197493
-0.05987614882929319
-0.024311908686929153
