omega,S,S_edge,S_cont,Sr,Sr_edge,Sr_cont
-1.7225000000000001,0.0,0.0,0.0
-1.7174999999999994,3.4557519189487755e-6,3.4557519189487755e-6,0.0
-1.7125000000000004,1.507964473723102e-5,1.507964473723102e-5,0.0
-1.7074999999999996,3.675663404700062e-5,3.675663404700062e-5,0.0
-1.7025000000000006,0.00012283627275536105,0.00012283627275536105,0.0
-1.6974999999999998,0.0003823318259418781,0.0003823318259418781,0.0
-1.692499999999999,0.0014134025348500493,0.0014134025348500493,0.0
-1.6875,0.0033888359954273133,0.0033888359954273133,0.0
-1.6824999999999992,0.007498981664118847,0.007498981664118847,0.0
-1.6775000000000002,0.017777644508133954,0.017777644508133954,0.0
-1.6724999999999994,0.038883492273480744,0.038883492273480744,0.0
-1.6675000000000004,0.07681194038026957,0.07681194038026957,0.0
-1.6624999999999996,0.09056269142503182,0.09056269142503182,0.0
-1.6575000000000006,0.06722819783122876,0.06722819783122876,0.0
-1.6524999999999999,0.05249946899340401,0.05249946899340401,0.0
-1.647499999999999,0.04536931030681676,0.04536931030681676,0.0
-1.6425,0.0406544080523093,0.0406544080523093,0.0
-1.6374999999999993,0.03732117824685059,0.03732117824685059,0.0
-1.6325000000000003,0.0346501961727686,0.0346501961727686,0.0
-1.6274999999999995,0.032552240598701376,0.032552240598701376,0.0
-1.6225000000000005,0.03075839119350163,0.03075839119350163,0.0
-1.6174999999999997,0.029254824949493555,0.029254824949493555,0.0
-1.6125000000000007,0.027928758690413304,0.027928758690413304,0.0
-1.6075,0.026841453473005882,0.026841453473005882,0.0
-1.6024999999999991,0.025732157107023316,0.025732157107023316,0.0
-1.5975000000000001,0.024820466918951557,0.024820466918951557,0.0
-1.5924999999999994,0.024107325386586675,0.024107325386586675,0.0
-1.5875000000000004,0.02325658209599456,0.02325658209599456,0.0
-1.5824999999999996,0.02262512197262301,0.02262512197262301,0.0
-1.5775000000000006,0.02196004680785805,0.02196004680785805,0.0
-1.5724999999999998,0.021426918534543864,0.021426918534543864,0.0
-1.567499999999999,0.020821533630197113,0.020821533630197113,0.0
-1.5625,0.020339927476401794,0.020339927476401794,0.0
-1.5574999999999992,0.019894449638122758,0.019894449638122758,0.0
-1.5525000000000002,0.01938676826530265,0.01938676826530265,0.0
-1.5474999999999994,0.01907103820361687,0.01907103820361687,0.0
-1.5425000000000004,0.018583148864514377,0.018583148864514377,0.0
-1.5374999999999996,0.01823160464657768,0.01823160464657768,0.0
-1.5325000000000006,0.017842047157532542,0.017842047157532542,0.0
-1.5274999999999999,0.01758286576361139,0.01758286576361139,0.0
-1.522499999999999,0.01724828614600407,0.01724828614600407,0.0
-1.5175,0.01693821095109476,0.01693821095109476,0.0
-1.5124999999999993,0.01662185257087826,0.01662185257087826,0.0
-1.5075000000000003,0.016304237553600335,0.016304237553600335,0.0
-1.5024999999999995,0.016068932263846456,0.016068932263846456,0.0
-1.4975000000000005,0.015792472110330556,0.015792472110330556,0.0
-1.4924999999999997,0.01557193230604855,0.01557193230604855,0.0
-1.4875000000000007,0.015355476572216213,0.015355476572216213,0.0
-1.4825,0.015120485441727697,0.015120485441727697,0.0
-1.4774999999999991,0.0148861226297699,0.0148861226297699,0.0
-1.4725000000000001,0.014696056274227714,0.014696056274227714,0.0
-1.4674999999999994,0.014448812932390196,0.014448812932390196,0.0
-1.4625000000000004,0.014255919143459783,0.014255919143459783,0.0
-1.4574999999999996,0.014064281991590804,0.014064281991590804,0.0
-1.4525000000000006,0.013856308557923162,0.013856308557923162,0.0
-1.4474999999999998,0.013672525387688159,0.013672525387688159,0.0
-1.442499999999999,0.013565082918935389,0.013565082918935389,0.0
-1.4375,0.013338888247876922,0.013338888247876922,0.0
-1.4324999999999992,0.013213538700998688,0.013213538700998688,0.0
-1.4275000000000002,0.013030698008559763,0.013030698008559763,0.0
-1.4224999999999994,0.012826808645341784,0.012826808645341784,0.0
-1.4175000000000004,0.012725335202630835,0.012725335202630835,0.0
-1.4124999999999996,0.012556945836398417,0.012556945836398417,0.0
-1.4075000000000006,0.012436308678500572,0.012436308678500572,0.0
-1.4024999999999999,0.012290224620108646,0.012290224620108646,0.0
-1.397499999999999,0.012111467998119387,0.012111467998119387,0.0
-1.3925,0.011992715795813694,0.011992715795813694,0.0
-1.3874999999999993,0.011887472441918434,0.011887472441918434,0.0
-1.3825000000000003,0.011767463602551305,0.011767463602551305,0.0
-1.3774999999999995,0.01159656096219602,0.01159656096219602,0.0
-1.3725000000000005,0.011476552122828889,0.011476552122828889,0.0
-1.3674999999999997,0.01140555212885776,0.01140555212885776,0.0
-1.362499999999999,0.011248158336912912,0.011248158336912912,0.0
-1.3575,0.011115897286196781,0.011115897286196781,0.0
-1.3524999999999991,0.011037671629122394,0.011037671629122394,0.0
-1.3475000000000001,0.010957875175721212,0.010957875175721212,0.0
-1.3424999999999994,0.010762153953402569,0.010762153953402569,0.0
-1.3375000000000004,0.010720684930375186,0.010720684930375186,0.0
-1.3324999999999996,0.010573972553452542,0.010573972553452542,0.0
-1.3275000000000006,0.01052779114144477,0.01052779114144477,0.0
-1.3224999999999998,0.010399614161178307,0.010399614161178307,0.0
-1.317499999999999,0.010262012402951074,0.010262012402951074,0.0
-1.3125,0.01022022922065833,0.01022022922065833,0.0
-1.3074999999999992,0.010098649584964406,0.010098649584964406,0.0
-1.3025000000000002,0.010011627468459967,0.010011627468459967,0.0
-1.2974999999999994,0.009951308889511042,0.009951308889511042,0.0
-1.2925000000000004,0.009798313327281222,0.009798313327281222,0.0
-1.2874999999999996,0.00974647704849699,0.00974647704849699,0.0
-1.2825000000000006,0.009624897412803063,0.009624897412803063,0.0
-1.2774999999999999,0.009619242546026602,0.009619242546026602,0.0
-1.272499999999999,0.009438915127710548,0.009438915127710548,0.0
-1.2675,0.009439543446241266,0.009439543446241266,0.0
-1.2624999999999993,0.00932141956246629,0.00932141956246629,0.0
-1.2575000000000003,0.009166539044644314,0.009166539044644314,0.0
-1.2524999999999995,0.009242251427595827,0.009242251427595827,0.0
-1.2475000000000005,0.00903176471980531,0.00903176471980531,0.0
-1.2424999999999997,0.009028308967886362,0.009028308967886362,0.0
-1.237499999999999,0.008934061188278667,0.008934061188278667,0.0
-1.2325,0.008833844382629153,0.008833844382629153,0.0
-1.2274999999999991,0.008798972704174306,0.008798972704174306,0.0
-1.2225000000000001,0.008713521383996663,0.008713521383996663,0.0
-1.2174999999999994,0.008596025818752403,0.008596025818752403,0.0
-1.2125000000000004,0.008591941748302736,0.008591941748302736,0.0
-1.2074999999999996,0.008509003702247967,0.008509003702247967,0.0
-1.2025000000000006,0.008454339990075506,0.008454339990075506,0.0
-1.1974999999999998,0.00836951698842858,0.00836951698842858,0.0
-1.192499999999999,0.00825861876775686,0.00825861876775686,0.0
-1.1875,0.008270556819840501,0.008270556819840501,0.0
-1.1824999999999992,0.0081235302836525,0.0081235302836525,0.0
-1.1775000000000002,0.008149919661942652,0.008149919661942652,0.0
-1.1724999999999994,0.008006348877673597,0.008006348877673597,0.0
-1.1675000000000004,0.007970220562157317,0.007970220562157317,0.0
-1.1624999999999996,0.00790424711643193,0.00790424711643193,0.0
-1.1575000000000006,0.007853039156178418,0.007853039156178418,0.0
-1.1524999999999999,0.0078046586293131345,0.0078046586293131345,0.0
-1.147499999999999,0.007718264831339413,0.007718264831339413,0.0
-1.1425,0.0077022427088061065,0.0077022427088061065,0.0
-1.1374999999999993,0.007588517054746155,0.007588517054746155,0.0
-1.1325000000000003,0.007593857762257259,0.007593857762257259,0.0
-1.1274999999999995,0.007480446267462667,0.007480446267462667,0.0
-1.1225000000000005,0.007477932993339794,0.007477932993339794,0.0
-1.1174999999999997,0.007339388757316484,0.007339388757316484,0.0
-1.112499999999999,0.007409446273491535,0.007409446273491535,0.0
-1.1075,0.0072196940772147125,0.0072196940772147125,0.0
-1.1024999999999991,0.007262419737303534,0.007262419737303534,0.0
-1.0975000000000001,0.007149636561039659,0.007149636561039659,0.0
-1.0924999999999994,0.007152149835162531,0.007152149835162531,0.0
-1.0875000000000004,0.007077379930007095,0.007077379930007095,0.0
-1.0824999999999996,0.00701706135105817,0.00701706135105817,0.0
-1.0775000000000006,0.006986902061583708,0.006986902061583708,0.0
-1.0724999999999998,0.006913388793489708,0.006913388793489708,0.0
-1.067499999999999,0.006903649856263579,0.006903649856263579,0.0
-1.0625,0.0067905525207343454,0.0067905525207343454,0.0
-1.0574999999999992,0.006769503849955293,0.006769503849955293,0.0
-1.0525000000000002,0.006789610042938268,0.006789610042938268,0.0
-1.0474999999999994,0.006630959613931985,0.006630959613931985,0.0
-1.0425000000000004,0.006664574655325396,0.006664574655325396,0.0
-1.0374999999999996,0.006597030413273214,0.006597030413273214,0.0
-1.0325000000000006,0.006521632189587059,0.006521632189587059,0.0
-1.0274999999999999,0.0065945171391503426,0.0065945171391503426,0.0
-1.022499999999999,0.00634256140833244,0.00634256140833244,0.0
-1.0175,0.0064544021068002385,0.0064544021068002385,0.0
-1.0124999999999993,0.0063899994574016464,0.0063899994574016464,0.0
-1.0075000000000003,0.006283499466444952,0.006283499466444952,0.0
-1.0024999999999995,0.006371464060745466,0.006371464060745466,0.0
-0.9975000000000005,0.006175114519896105,0.006175114519896105,0.0
-0.9924999999999997,0.00622852159500713,0.00622852159500713,0.0
-0.9874999999999989,0.006168203016058205,0.006168203016058205,0.0
-0.9824999999999999,0.006032172054157767,0.006032172054157767,0.0
-0.9774999999999991,0.006155950804709205,0.006155950804709205,0.0
-0.9725000000000001,0.006026831346646665,0.006026831346646665,0.0
-0.9674999999999994,0.005990388871865024,0.005990388871865024,0.0
-0.9625000000000004,0.005937295956019356,0.005937295956019356,0.0
-0.9574999999999996,0.005932269407773612,0.005932269407773612,0.0
-0.9525000000000006,0.005878234014131867,0.005878234014131867,0.0
-0.9474999999999998,0.005850587998780277,0.005850587998780277,0.0
-0.942499999999999,0.005804720746037865,0.005804720746037865,0.0
-0.9375,0.005769220749052301,0.005769220749052301,0.0
-0.9324999999999992,0.005727437566759558,0.005727437566759558,0.0
-0.9275000000000002,0.005700419869938685,0.005700419869938685,0.0
-0.9224999999999994,0.00560334465694276,0.00560334465694276,0.0
-0.9175000000000004,0.005671831376791019,0.005671831376791019,0.0
-0.9124999999999996,0.005577583597183323,0.005577583597183323,0.0
-0.9075000000000006,0.005511924310723298,0.005511924310723298,0.0
-0.9024999999999999,0.005574127845264376,0.005574127845264376,0.0
-0.8974999999999991,0.00543715440556786,0.00543715440556786,0.0
-0.8925000000000001,0.005457888917081553,0.005457888917081553,0.0
-0.8874999999999993,0.005408565912420193,0.005408565912420193,0.0
-0.8825000000000003,0.00536961016351568,0.00536961016351568,0.0
-0.8774999999999995,0.005368039367188885,0.005368039367188885,0.0
-0.8725000000000005,0.0052854154803994744,0.0052854154803994744,0.0
-0.8674999999999997,0.0052649951281511405,0.0052649951281511405,0.0
-0.8624999999999989,0.0052851013211341145,0.0052851013211341145,0.0
-0.8574999999999999,0.005187083630342114,0.005187083630342114,0.0
-0.8524999999999991,0.005165720800297703,0.005165720800297703,0.0
-0.8475000000000001,0.00517891548944278,0.00517891548944278,0.0
-0.8424999999999994,0.005095034965591933,0.005095034965591933,0.0
-0.8375000000000004,0.005074928772608959,0.005074928772608959,0.0
-0.8324999999999996,0.005106973017675574,0.005106973017675574,0.0
-0.8275000000000006,0.004978167718878392,0.004978167718878392,0.0
-0.8224999999999998,0.004974711966959443,0.004974711966959443,0.0
-0.817499999999999,0.005042570368276983,0.005042570368276983,0.0
-0.8125,0.004900570380334725,0.004900570380334725,0.0
-0.8074999999999992,0.004856588083184467,0.004856588083184467,0.0
-0.8025000000000002,0.004942667721892828,0.004942667721892828,0.0
-0.7974999999999994,0.004856588083184467,0.004856588083184467,0.0
-0.7925000000000004,0.004777419948314005,0.004777419948314005,0.0
-0.7874999999999996,0.004831769501221108,0.004831769501221108,0.0
-0.7825000000000006,0.004795327026439467,0.004795327026439467,0.0
-0.7774999999999999,0.004681915531644874,0.004681915531644874,0.0
-0.7724999999999991,0.004728411102918004,0.004728411102918004,0.0
-0.7675000000000001,0.0047039066802200035,0.0047039066802200035,0.0
-0.7624999999999993,0.004647358012455386,0.004647358012455386,0.0
-0.7575000000000003,0.004601804918978335,0.004601804918978335,0.0
-0.7524999999999995,0.004636048278902464,0.004636048278902464,0.0
-0.7475000000000005,0.0045688181961156425,0.0045688181961156425,0.0
-0.7424999999999997,0.004520751828515719,0.004520751828515719,0.0
-0.7374999999999989,0.004535203154722231,0.004535203154722231,0.0
-0.7324999999999999,0.0045075571393706415,0.0045075571393706415,0.0
-0.7274999999999991,0.004496561565083077,0.004496561565083077,0.0
-0.7225000000000001,0.004435300508338076,0.004435300508338076,0.0
-0.7174999999999994,0.0044362429861341535,0.0044362429861341535,0.0
-0.7125000000000004,0.004380322636900255,0.004380322636900255,0.0
-0.7074999999999996,0.004388176618534229,0.004388176618534229,0.0
-0.7025000000000006,0.004335397861953921,0.004335397861953921,0.0
-0.6974999999999998,0.004356760691998331,0.004356760691998331,0.0
-0.692499999999999,0.004325030606197074,0.004325030606197074,0.0
-0.6875,0.004222614685690047,0.004222614685690047,0.0
-0.6824999999999992,0.00426471202724815,0.00426471202724815,0.0
-0.6775000000000002,0.004263141230921355,0.004263141230921355,0.0
-0.6724999999999994,0.0042241854820168415,0.0042241854820168415,0.0
-0.6675000000000004,0.004113601420610481,0.004113601420610481,0.0
-0.6624999999999996,0.00423392441924297,0.00423392441924297,0.0
-0.6575000000000006,0.00415664123996466,0.00415664123996466,0.0
-0.6524999999999999,0.004065220893745198,0.004065220893745198,0.0
-0.6474999999999991,0.004073389034644531,0.004073389034644531,0.0
-0.6425000000000001,0.004137477524777764,0.004137477524777764,0.0
-0.6374999999999993,0.004072760716113814,0.004072760716113814,0.0
-0.6325000000000003,0.00396908815854535,0.00396908815854535,0.0
-0.6274999999999995,0.004023123552187095,0.004023123552187095,0.0
-0.6225000000000005,0.004028778418963557,0.004028778418963557,0.0
-0.6174999999999997,0.004000504085081248,0.004000504085081248,0.0
-0.6124999999999989,0.0038613315305272198,0.0038613315305272198,0.0
-0.6074999999999999,0.003975371343852529,0.003975371343852529,0.0
-0.6024999999999991,0.003921021790945427,0.003921021790945427,0.0
-0.5975000000000001,0.0039040571906160415,0.0039040571906160415,0.0
-0.5924999999999994,0.00381546427778481,0.00381546427778481,0.0
-0.5875000000000004,0.0038547341859546816,0.0038547341859546816,0.0
-0.5824999999999996,0.0038638448046500913,0.0038638448046500913,0.0
-0.5775000000000006,0.003824260737214861,0.003824260737214861,0.0
-0.5724999999999998,0.0037567164951626793,0.0037567164951626793,0.0
-0.567499999999999,0.00376896870651168,0.00376896870651168,0.0
-0.5625,0.0037542032210398078,0.0037542032210398078,0.0
-0.5574999999999992,0.003774937732553501,0.003774937732553501,0.0
-0.5525000000000002,0.0037139908350738585,0.0037139908350738585,0.0
-0.5474999999999994,0.003640163407714498,0.003640163407714498,0.0
-0.5425000000000004,0.0037036235793170115,0.0037036235793170115,0.0
-0.5374999999999996,0.00372247313523855,0.00372247313523855,0.0
-0.5325000000000006,0.0036379642928569844,0.0036379642928569844,0.0
-0.5274999999999999,0.0035603669543133173,0.0035603669543133173,0.0
-0.5224999999999991,0.0036209996925276005,0.0036209996925276005,0.0
-0.5175000000000001,0.003615344825751139,0.003615344825751139,0.0
-0.5124999999999993,0.0036178580998740104,0.0036178580998740104,0.0
-0.5075000000000003,0.003513871383040188,0.003513871383040188,0.0
-0.5024999999999995,0.0035025616494872647,0.0035025616494872647,0.0
-0.4975000000000005,0.003535548372349957,0.003535548372349957,0.0
-0.4924999999999997,0.0035641368654976244,0.0035641368654976244,0.0
-0.48749999999999893,0.003480884660177495,0.003480884660177495,0.0
-0.48249999999999993,0.0034205660812285698,0.0034205660812285698,0.0
-0.47749999999999915,0.0034507253707030325,0.0034507253707030325,0.0
-0.47250000000000014,0.0034833979343003663,0.0034833979343003663,0.0
-0.46749999999999936,0.003468632448828494,0.003468632448828494,0.0
-0.46250000000000036,0.003316893523660107,0.003316893523660107,0.0
-0.4574999999999996,0.0033941767029384167,0.0033941767029384167,0.0
-0.45250000000000057,0.0034017165253070318,0.0034017165253070318,0.0
-0.4474999999999998,0.0033655882097907495,0.0033655882097907495,0.0
-0.442499999999999,0.003370928917301852,0.003370928917301852,0.0
-0.4375,0.003278251934020952,0.003278251934020952,0.0
-0.4324999999999992,0.003306526267903261,0.003306526267903261,0.0
-0.4275000000000002,0.003324747505294081,0.003324747505294081,0.0
-0.42249999999999943,0.003323490868232646,0.003323490868232646,0.0
-0.4175000000000004,0.003234897955401413,0.003234897955401413,0.0
-0.41249999999999964,0.0032465218482196955,0.0032465218482196955,0.0
-0.40750000000000064,0.003224844858909925,0.003224844858909925,0.0
-0.40249999999999986,0.003214791762418438,0.003214791762418438,0.0
-0.3974999999999991,0.0032983581270039277,0.0032983581270039277,0.0
-0.39250000000000007,0.003142220972120514,0.003142220972120514,0.0
-0.3874999999999993,0.003157300616857745,0.003157300616857745,0.0
-0.3825000000000003,0.003136251946078693,0.003136251946078693,0.0
-0.3774999999999995,0.0031708094652681813,0.0031708094652681813,0.0
-0.3725000000000005,0.0032251590181752846,0.0032251590181752846,0.0
-0.3674999999999997,0.0031227430976682566,0.0031227430976682566,0.0
-0.36249999999999893,0.0030831590302330255,0.0030831590302330255,0.0
-0.35749999999999993,0.0030027342583011265,0.0030027342583011265,0.0
-0.35249999999999915,0.003135937786813334,0.003135937786813334,0.0
-0.34750000000000014,0.003154159024204155,0.003154159024204155,0.0
-0.34249999999999936,0.0030372917774906145,0.0030372917774906145,0.0
-0.33750000000000036,0.003024725406876255,0.003024725406876255,0.0
-0.3324999999999996,0.002957809483354792,0.002957809483354792,0.0
-0.32750000000000057,0.003044203281328512,0.003044203281328512,0.0
-0.3224999999999998,0.0030790749597833593,0.0030790749597833593,0.0
-0.317499999999999,0.002969747535438433,0.002969747535438433,0.0
-0.3125,0.0029744599244188184,0.0029744599244188184,0.0
-0.3074999999999992,0.002944614794209715,0.002944614794209715,0.0
-0.3025000000000002,0.002940216564494689,0.002940216564494689,0.0
-0.29749999999999943,0.002992681161809639,0.002992681161809639,0.0
-0.2925000000000004,0.0029254510790228177,0.0029254510790228177,0.0
-0.28749999999999964,0.0028937209932215604,0.0028937209932215604,0.0
-0.28250000000000064,0.00289686258587515,0.00289686258587515,0.0
-0.27749999999999986,0.0029009466563248167,0.0029009466563248167,0.0
-0.2724999999999991,0.002895291789548355,0.002895291789548355,0.0
-0.26750000000000007,0.0028714156853810726,0.0028714156853810726,0.0
-0.2624999999999993,0.002835601529130149,0.002835601529130149,0.0
-0.2575000000000003,0.002864818340808534,0.002864818340808534,0.0
-0.2524999999999995,0.0028007298506753024,0.0028007298506753024,0.0
-0.2475000000000005,0.0028921501968947657,0.0028921501968947657,0.0
-0.24249999999999972,0.0027856502059380715,0.0027856502059380715,0.0
-0.23749999999999893,0.002769628083404763,0.002769628083404763,0.0
-0.23249999999999993,0.0027699422426701223,0.0027699422426701223,0.0
-0.22749999999999915,0.002778424542834815,0.002778424542834815,0.0
-0.22250000000000014,0.002788477639326302,0.002788477639326302,0.0
-0.21749999999999936,0.0027727696760583534,0.0027727696760583534,0.0
-0.21250000000000036,0.0027429245458492502,0.0027429245458492502,0.0
-0.20749999999999957,0.00270616791180225,0.00270616791180225,0.0
-0.20250000000000057,0.002704911274740814,0.002704911274740814,0.0
-0.1974999999999998,0.002741353749522455,0.002741353749522455,0.0
-0.192499999999999,0.0027023980006179414,0.0027023980006179414,0.0
-0.1875,0.0026948581782493264,0.0026948581782493264,0.0
-0.18249999999999922,0.0026681546406938134,0.0026681546406938134,0.0
-0.1775000000000002,0.00266281393318271,0.00266281393318271,0.0
-0.17249999999999943,0.002622287387951402,0.002622287387951402,0.0
-0.16750000000000043,0.0026866900373499923,0.0026866900373499923,0.0
-0.16249999999999964,0.002658101544202326,0.002658101544202326,0.0
-0.15750000000000064,0.00260752190247953,0.00260752190247953,0.0
-0.15249999999999986,0.00255505730516458,0.00255505730516458,0.0
-0.14749999999999908,0.0026332829622389667,0.0026332829622389667,0.0
-0.14250000000000007,0.002577990931535786,0.002577990931535786,0.0
-0.1374999999999993,0.0026408227846075817,0.0026408227846075817,0.0
-0.13250000000000028,0.002576420135208991,0.002576420135208991,0.0
-0.1274999999999995,0.0025783050908011447,0.0025783050908011447,0.0
-0.1225000000000005,0.0024793449222130664,0.0024793449222130664,0.0
-0.11749999999999972,0.0025230130600979645,0.0025230130600979645,0.0
-0.11249999999999893,0.0025528581903070673,0.0025528581903070673,0.0
-0.10749999999999993,0.002603751991295222,0.002603751991295222,0.0
-0.10249999999999915,0.0025380927048351955,0.0025380927048351955,0.0
-0.09750000000000014,0.002470548462783015,0.002470548462783015,0.0
-0.09249999999999936,0.0024457298808196557,0.0024457298808196557,0.0
-0.08750000000000036,0.0024482431549425272,0.0024482431549425272,0.0
-0.08249999999999957,0.0024903404965006307,0.0024903404965006307,0.0
-0.07750000000000057,0.0025296104046705035,0.0025296104046705035,0.0
-0.07249999999999979,0.0025060484597685794,0.0025060484597685794,0.0
-0.067499999999999,0.0024146281135491166,0.0024146281135491166,0.0
-0.0625,0.0024042608577922705,0.0024042608577922705,0.0
-0.05749999999999922,0.0024190263432641423,0.0024190263432641423,0.0
-0.05250000000000021,0.002391694487177911,0.002391694487177911,0.0
-0.04749999999999943,0.0024466723586157326,0.0024466723586157326,0.0
-0.042500000000000426,0.0024457298808196557,0.0024457298808196557,0.0
-0.037499999999999645,0.0023992343095465265,0.0023992343095465265,0.0
-0.03250000000000064,0.0023788139572981926,0.0023788139572981926,0.0
-0.027499999999999858,0.00235211041974268,0.00235211041974268,0.0
-0.022499999999999076,0.0023781856387674757,0.0023781856387674757,0.0
-0.01750000000000007,0.0023159821042263973,0.0023159821042263973,0.0
-0.01249999999999929,0.002398920150281168,0.002398920150281168,0.0
-0.007500000000000284,0.0023473980307622947,0.0023473980307622947,0.0
-0.0024999999999995026,0.002314411307899602,0.002314411307899602,0.0
0.0024999999999995026,0.0023455130751701414,0.0023455130751701414,0.0
0.007500000000000284,0.002308756441123141,0.002308756441123141,0.0
0.012500000000001066,0.00230592900773491,0.00230592900773491,0.0
0.01750000000000007,0.002300902459489166,0.002300902459489166,0.0
0.022500000000000853,0.002295875911243423,0.002295875911243423,0.0
0.027499999999999858,0.002273570603402935,0.002273570603402935,0.0
0.03250000000000064,0.0022581767994003447,0.0022581767994003447,0.0
0.037499999999999645,0.0023027874150813197,0.0023027874150813197,0.0
0.042500000000000426,0.0022405838805402423,0.0022405838805402423,0.0
0.04749999999999943,0.0022534644104199608,0.0022534644104199608,0.0
0.05250000000000021,0.0022386989249480885,0.0022386989249480885,0.0
0.057500000000000995,0.0022368139693559348,0.0022368139693559348,0.0
0.0625,0.0022352431730291392,0.0022352431730291392,0.0
0.06750000000000078,0.0022311591025794726,0.0022311591025794726,0.0
0.07249999999999979,0.0021664422939155228,0.0021664422939155228,0.0
0.07750000000000057,0.0022141945022500875,0.0022141945022500875,0.0
0.08249999999999957,0.002182464416448831,0.002182464416448831,0.0
0.08750000000000036,0.0021881192832252923,0.0021881192832252923,0.0
0.09249999999999936,0.002185291849837062,0.002185291849837062,0.0
0.09750000000000014,0.002233672376702344,0.002233672376702344,0.0
0.10250000000000092,0.0021359688451757022,0.0021359688451757022,0.0
0.10749999999999993,0.0021136635373352145,0.0021136635373352145,0.0
0.11250000000000071,0.002169898045834472,0.002169898045834472,0.0
0.11749999999999972,0.002110836103946984,0.002110836103946984,0.0
0.1225000000000005,0.0020850750441875473,0.0020850750441875473,0.0
0.1274999999999995,0.002174610434814856,0.002174610434814856,0.0
0.13250000000000028,0.002180893620122036,0.002180893620122036,0.0
0.13750000000000107,0.002114606015131292,0.002114606015131292,0.0
0.14250000000000007,0.002070623717981034,0.002070623717981034,0.0
0.14750000000000085,0.0020926148665561628,0.0020926148665561628,0.0
0.15249999999999986,0.002064968851204573,0.002064968851204573,0.0
0.15750000000000064,0.0019798316902922886,0.0019798316902922886,0.0
0.16249999999999964,0.0020885307961064957,0.0020885307961064957,0.0
0.16750000000000043,0.0021614157456697793,0.0021614157456697793,0.0
0.17249999999999943,0.0020888449553718553,0.0020888449553718553,0.0
0.1775000000000002,0.0020417210655680083,0.0020417210655680083,0.0
0.182500000000001,0.0020564865510398797,0.0020564865510398797,0.0
0.1875,0.0020225573503811103,0.0020225573503811103,0.0
0.19250000000000078,0.001984544079272674,0.001984544079272674,0.0
0.1974999999999998,0.0019336502782845192,0.0019336502782845192,0.0
0.20250000000000057,0.0020344954024647515,0.0020344954024647515,0.0
0.20749999999999957,0.0020677962845928035,0.0020677962845928035,0.0
0.21250000000000036,0.0020630838956124187,0.0020630838956124187,0.0
0.21749999999999936,0.0019914555831105716,0.0019914555831105716,0.0
0.22250000000000014,0.0019911414238452125,0.0019911414238452125,0.0
0.22750000000000092,0.0019452741711028013,0.0019452741711028013,0.0
0.23249999999999993,0.001935849393142032,0.001935849393142032,0.0
0.2375000000000007,0.0019003493961564676,0.0019003493961564676,0.0
0.24249999999999972,0.001944017534041366,0.001944017534041366,0.0
0.2475000000000005,0.001982973282945879,0.001982973282945879,0.0
0.2524999999999995,0.002013132572420341,0.002013132572420341,0.0
0.2575000000000003,0.0019515573564099808,0.0019515573564099808,0.0
0.26250000000000107,0.0019267387744466217,0.0019267387744466217,0.0
0.26750000000000007,0.0019107166519133144,0.0019107166519133144,0.0
0.27250000000000085,0.0019003493961564672,0.0019003493961564672,0.0
0.27749999999999986,0.0018551104619447746,0.0018551104619447746,0.0
0.28250000000000064,0.0018617078065173128,0.0018617078065173128,0.0
0.28749999999999964,0.0019148007223629803,0.0019148007223629803,0.0
0.2925000000000004,0.001925796296650545,0.001925796296650545,0.0
0.29749999999999943,0.0018972078035028777,0.0018972078035028777,0.0
0.3025000000000002,0.0018727033808048769,0.0018727033808048769,0.0
0.307500000000001,0.0018937520515839288,0.0018937520515839288,0.0
0.3125,0.0018510263914951078,0.0018510263914951078,0.0
0.3175000000000008,0.001807986572140927,0.001807986572140927,0.0
0.3224999999999998,0.0018547963026794153,0.0018547963026794153,0.0
0.32750000000000057,0.0017982476349147993,0.0017982476349147993,0.0
0.3324999999999996,0.0018632786028441076,0.0018632786028441076,0.0
0.33750000000000036,0.00180107506830303,0.00180107506830303,0.0
0.34249999999999936,0.0018390883394114666,0.0018390883394114666,0.0
0.34750000000000014,0.0018312343577774916,0.0018312343577774916,0.0
0.3525000000000009,0.001834375950431082,0.001834375950431082,0.0
0.35749999999999993,0.001818039668632415,0.001818039668632415,0.0
0.3625000000000007,0.0017495529487841573,0.0017495529487841573,0.0
0.3674999999999997,0.0017580352489488498,0.0017580352489488498,0.0
0.3725000000000005,0.00178568126430044,0.00178568126430044,0.0
0.3774999999999995,0.0017379290559658748,0.0017379290559658748,0.0
0.3825000000000003,0.0017335308262508495,0.0017335308262508495,0.0
0.38750000000000107,0.0017778272826664656,0.0017778272826664656,0.0
0.39250000000000007,0.001795734360791927,0.001795734360791927,0.0
0.39750000000000085,0.0017957343607919272,0.0017957343607919272,0.0
0.40249999999999986,0.0017404423300887474,0.0017404423300887474,0.0
0.40750000000000064,0.001757721089683491,0.001757721089683491,0.0
0.41249999999999964,0.0016851502993855665,0.0016851502993855665,0.0
0.4175000000000004,0.0016499644616653605,0.0016499644616653605,0.0
0.42249999999999943,0.001691747643958105,0.001691747643958105,0.0
0.4275000000000002,0.0016876635735084383,0.0016876635735084383,0.0
0.432500000000001,0.0016914334846927458,0.0016914334846927458,0.0
0.4375,0.0017379290559658752,0.0017379290559658752,0.0
0.4425000000000008,0.0017175087037175415,0.0017175087037175415,0.0
0.4474999999999998,0.001736044100373721,0.001736044100373721,0.0
0.45250000000000057,0.0017552078155606188,0.0017552078155606188,0.0
0.4574999999999996,0.001613836146149078,0.001613836146149078,0.0
0.46250000000000036,0.0015654556192837954,0.0015654556192837954,0.0
0.46749999999999936,0.0016125795090876423,0.0016125795090876423,0.0
0.47250000000000014,0.0016210618092523347,0.0016210618092523347,0.0
0.4775000000000009,0.0016345706576627705,0.0016345706576627705,0.0
0.48249999999999993,0.0016414821615006686,0.0016414821615006686,0.0
0.4875000000000007,0.0016565618062378991,0.0016565618062378991,0.0
0.4924999999999997,0.0017043140145724645,0.0017043140145724645,0.0
0.4975000000000005,0.0016650441064025917,0.0016650441064025917,0.0
0.5024999999999995,0.0016414821615006684,0.0016414821615006684,0.0
0.5075000000000003,0.0015940441124314621,0.0015940441124314621,0.0
0.5125000000000011,0.0015318405778903847,0.0015318405778903847,0.0
0.5175000000000001,0.001522101640664256,0.001522101640664256,0.0
0.5225000000000009,0.0015073361551923839,0.0015073361551923839,0.0
0.5274999999999999,0.001601269775534719,0.001601269775534719,0.0
0.5325000000000006,0.0015896458827164364,0.0015896458827164364,0.0
0.5374999999999996,0.00157927862695959,0.00157927862695959,0.0
0.5425000000000004,0.0015931016346353857,0.0015931016346353857,0.0
0.5474999999999994,0.001595300749492898,0.001595300749492898,0.0
0.5525000000000002,0.001584933493736052,0.001584933493736052,0.0
0.557500000000001,0.0015777078306327952,0.0015777078306327952,0.0
0.5625,0.001544092789239385,0.001544092789239385,0.0
0.5675000000000008,0.0014639821765728446,0.0014639821765728446,0.0
0.5724999999999998,0.0014668096099610755,0.0014668096099610755,0.0
0.5775000000000006,0.0014796901398407935,0.0014796901398407935,0.0
0.5824999999999996,0.0014589556283271011,0.0014589556283271011,0.0
0.5875000000000004,0.0014803184583715115,0.0014803184583715115,0.0
0.5924999999999994,0.0014953981031087427,0.0014953981031087427,0.0
0.5975000000000001,0.0015010529698852044,0.0015010529698852044,0.0
0.6025000000000009,0.001518645888745307,0.001518645888745307,0.0
0.6074999999999999,0.0015868184493282058,0.0015868184493282058,0.0
0.6125000000000007,0.001519274207276025,0.001519274207276025,0.0
0.6174999999999997,0.0015117343849074098,0.0015117343849074098,0.0
0.6225000000000005,0.0014523582837545623,0.0014523582837545623,0.0
0.6274999999999995,0.0013801016527219972,0.0013801016527219972,0.0
0.6325000000000003,0.0013713051932919458,0.0013713051932919458,0.0
0.6375000000000011,0.0013731901488840998,0.0013731901488840998,0.0
0.6425000000000001,0.0013156990033234063,0.0013156990033234063,0.0
0.6475000000000009,0.0013606237782697404,0.0013606237782697404,0.0
0.6524999999999999,0.0014297388166487157,0.0014297388166487157,0.0
0.6575000000000006,0.0015283848259714354,0.0015283848259714354,0.0
0.6624999999999996,0.0015019954476812815,0.0015019954476812815,0.0
0.6675000000000004,0.001488172440005486,0.001488172440005486,0.0
0.6724999999999994,0.001445132620651306,0.001445132620651306,0.0
0.6775000000000002,0.001381672449048792,0.001381672449048792,0.0
0.682500000000001,0.0013992653679088948,0.0013992653679088948,0.0
0.6875,0.0013709910340265865,0.0013709910340265865,0.0
0.6925000000000008,0.0012421857352294052,0.0012421857352294052,0.0
0.6974999999999998,0.001198831756609866,0.001198831756609866,0.0
0.7025000000000006,0.001234017594330072,0.001234017594330072,0.0
0.7074999999999996,0.00133611935557174,0.00133611935557174,0.0
0.7125000000000004,0.0013826149268448688,0.0013826149268448688,0.0
0.7174999999999994,0.0014014644827664074,0.0014014644827664074,0.0
0.7225000000000001,0.0014630396987767677,0.0014630396987767677,0.0
0.7275000000000009,0.0013537122744318429,0.0013537122744318429,0.0
0.7324999999999999,0.0013992653679088948,0.0013992653679088948,0.0
0.7375000000000007,0.001387013156559895,0.001387013156559895,0.0
0.7424999999999997,0.0012990485622593807,0.0012990485622593807,0.0
0.7475000000000005,0.0012095131716320711,0.0012095131716320711,0.0
0.7524999999999995,0.0011834379526072761,0.0011834379526072761,0.0
0.7575000000000003,0.0011275176033733777,0.0011275176033733777,0.0
0.7625000000000011,0.0011699291041968398,0.0011699291041968398,0.0
0.7675000000000001,0.0012026016677941734,0.0012026016677941734,0.0
0.7725000000000009,0.0012789423692764058,0.0012789423692764058,0.0
0.7774999999999999,0.0013160131625887656,0.0013160131625887656,0.0
0.7825000000000006,0.001305017588301201,0.001305017588301201,0.0
0.7874999999999996,0.0013427167001442786,0.0013427167001442786,0.0
0.7925000000000004,0.0013537122744318429,0.0013537122744318429,0.0
0.7974999999999994,0.0013358051963063811,0.0013358051963063811,0.0
0.8025000000000002,0.0012585220170280719,0.0012585220170280719,0.0
0.807500000000001,0.001182495474811199,0.001182495474811199,0.0
0.8125,0.0011184069846779674,0.0011184069846779674,0.0
0.8175000000000008,0.0010527476982179409,0.0010527476982179409,0.0
0.8224999999999998,0.0010565176094022484,0.0010565176094022484,0.0
0.8275000000000006,0.0010251016828663505,0.0010251016828663505,0.0
0.8324999999999996,0.0010470928314414787,0.0010470928314414787,0.0
0.8375000000000004,0.0010725397319355564,0.0010725397319355564,0.0
0.8424999999999994,0.0011846945896687119,0.0011846945896687119,0.0
0.8475000000000001,0.0013003051993208164,0.0013003051993208164,0.0
0.8525000000000009,0.0012946503325443547,0.0012946503325443547,0.0
0.8574999999999999,0.0012641768838045338,0.0012641768838045338,0.0
0.8625000000000007,0.0012421857352294054,0.0012421857352294054,0.0
0.8674999999999997,0.001248154761271226,0.001248154761271226,0.0
0.8725000000000005,0.0012340175943300717,0.0012340175943300717,0.0
0.8774999999999995,0.0011768406080347373,0.0011768406080347373,0.0
0.8825000000000003,0.0011347432664766345,0.0011347432664766345,0.0
0.8875000000000011,0.0009745220411435548,0.0009745220411435548,0.0
0.8925000000000001,0.000832836212466655,0.000832836212466655,0.0
0.8975000000000009,0.0007326194068171405,0.0007326194068171405,0.0
0.9024999999999999,0.0007106282582420119,0.0007106282582420119,0.0
0.9075000000000006,0.0007916813487046287,0.0007916813487046287,0.0
0.9124999999999996,0.0008055043563804236,0.0008055043563804236,0.0
0.9175000000000004,0.0008651946167986298,0.0008651946167986298,0.0
0.9224999999999994,0.0009475043443226826,0.0009475043443226826,0.0
0.9275000000000002,0.0011969468010177124,0.0011969468010177124,0.0
0.932500000000001,0.0015038804032734355,0.0015038804032734355,0.0
0.9375,0.0015032520847427172,0.0015032520847427172,0.0
0.9425000000000008,0.0016471370282771301,0.0016471370282771301,0.0
0.9474999999999998,0.0015001104920891282,0.0015001104920891282,0.0
0.9525000000000006,0.0015522609301387188,0.0015522609301387188,0.0
0.9574999999999996,0.0011488804334177885,0.0011488804334177885,0.0
0.9625000000000004,0.0007737742705791669,0.0007737742705791669,0.0
0.9674999999999994,0.0006559645460695494,0.0006559645460695494,0.0
0.9725000000000001,0.0004347964232568278,0.0004347964232568278,0.0
0.9775000000000009,0.00015299556222982306,0.00015299556222982306,0.0
0.9824999999999999,9.833185005736062e-5,9.833185005736062e-5,0.0
0.9875000000000007,0.00012095131716320714,0.00012095131716320714,0.0
0.9924999999999997,0.00018315485170428513,0.00018315485170428513,0.0
0.9975000000000005,0.00024158847506105532,0.00024158847506105532,0.0
1.0024999999999995,0.00035499996985564696,0.00035499996985564696,0.0
1.0075000000000003,0.0005689424295651121,0.0005689424295651121,0.0
1.012500000000001,0.0008099025860954494,0.0008099025860954494,0.0
1.0175,0.0011413406110491729,0.0011413406110491729,0.0
1.0225000000000009,0.0017300750743319008,0.0017300750743319008,0.0
1.0274999999999999,0.0024793449222130673,0.0024793449222130673,0.0
1.0325000000000006,0.0034246501516782377,0.0034246501516782377,0.0
1.0374999999999996,0.0030932121267245134,0.0030932121267245134,0.0
1.0425000000000004,0.0013276370554070479,0.0013276370554070479,0.0
1.0474999999999994,2.481858196335939e-5,2.481858196335939e-5,0.0
