omega,S,S_edge,S_cont,Sr,Sr_edge,Sr_cont
-1.0474999999999994,0.0,0.0,0.0
-1.0425000000000004,0.5479688244905238,0.5477798760523674,0.0001889484381563598
-1.0374999999999996,3.7361296133176096,3.7347390910554092,0.001390522262200233
-1.0325000000000006,4.973493149291107,4.970645567968452,0.002847581322654643
-1.0274999999999999,3.754434544965023,3.751456290963323,0.002978254001700462
-1.022499999999999,2.9825580501711073,2.979549304517633,0.0030087456534746396
-1.0175,2.49847632003092,2.4953336653244294,0.00314265470649087
-1.0124999999999993,2.7117776313658237,2.7087695432185037,0.0030080881473198667
-1.0075000000000003,2.4768216324982304,2.473756814280493,0.0030648182177372084
-1.0024999999999995,2.1398659267595526,2.136885797531468,0.002980129228084598
-0.9975000000000005,2.090726840614265,2.087706128034928,0.0030207125793369153
-0.9924999999999997,2.0038003665400197,2.0008155657228595,0.0029848008171603907
-0.9874999999999989,1.9584871558666324,1.9555236171351367,0.0029635387314957797
-0.9824999999999999,1.888055135955025,1.8851558686855423,0.0028992672694827244
-0.9774999999999991,1.8427126250655397,1.8396695340523794,0.0030430910131602484
-0.9725000000000001,1.8195449308186096,1.8165375946449158,0.003007336173693693
-0.9674999999999994,1.7641695936933128,1.7611375716942683,0.003032021999044418
-0.9625000000000004,1.7370941997658231,1.7341179113779877,0.0029762883878353837
-0.9574999999999996,1.822669057660734,1.8196477713719694,0.0030212862887645637
-0.9525000000000006,1.6324072974878003,1.6293438328853593,0.0030634646024410117
-0.9474999999999998,1.4843902963036286,1.4814160523048587,0.0029742439987699007
-0.942499999999999,1.4831200935093,1.4800553499867728,0.0030647435225272623
-0.9375,1.4772677873637683,1.4742237686235466,0.0030440187402215883
-0.9324999999999992,1.7876949020855242,1.7846582831926139,0.0030366188929102653
-0.9275000000000002,1.7464853956389683,1.7434484415591496,0.0030369540798187602
-0.9224999999999994,1.3147139668330035,1.3117170346349807,0.002996932198022714
-0.9175000000000004,1.0629518035516876,1.059987105789056,0.0029646977626316155
-0.9124999999999996,1.7141691923744624,1.711180358015965,0.0029888343584974467
-0.9075000000000006,1.812137025369208,1.8091509249181636,0.0029861004510443575
-0.9024999999999999,1.1853910588692942,1.1824503144168033,0.002940744452491027
-0.8974999999999991,0.9972997027394729,0.9942846224300422,0.003015080309430689
-0.8925000000000001,1.8444952977291833,1.8414190084613473,0.0030762892678359794
-0.8874999999999993,1.4350630322891522,1.4320419967628781,0.003021035526274032
-0.8825000000000003,0.889146998035235,0.8862059811649194,0.0029410168703155348
-0.8774999999999995,1.5734249922279335,1.5704448611167765,0.0029801311111571165
-0.8725000000000005,1.5435787756429094,1.5405094101188825,0.0030693655240267045
-0.8674999999999997,0.9462633935691795,0.9431610924790936,0.003102301090085948
-0.8624999999999989,1.4093081079722916,1.4061886527192426,0.0031194552530489756
-0.8574999999999999,1.5104902361475387,1.507463782393935,0.0030264537536038596
-0.8524999999999991,0.9499512938068032,0.9470488133879111,0.0029024804188920597
-0.8475000000000001,1.4367554700007272,1.4337914711718458,0.0029639988288814104
-0.8424999999999994,1.3900050406327982,1.3869444342205965,0.0030606064122016266
-0.8375000000000004,0.8997288812194196,0.8967028276187262,0.003026053600693438
-0.8324999999999996,1.5052576847112125,1.5022153591670315,0.003042325544181017
-0.8275000000000006,1.1732397029229114,1.170203993554028,0.0030357093688832826
-0.8224999999999998,0.9463891152582649,0.9433554785245348,0.003033636733730005
-0.817499999999999,1.5121745895149417,1.5092132568029026,0.0029613327120390285
-0.8125,1.019835621369923,1.016833403701183,0.003002217668739908
-0.8074999999999992,1.2453333362181744,1.24232121641259,0.0030121198055844036
-0.8025000000000002,1.114936136480473,1.1118881799217675,0.0030479565587055633
-0.7974999999999994,0.9368678386969973,0.9338305622979323,0.0030372763990650373
-0.7925000000000004,1.4896196794704406,1.4866644755317622,0.002955203938678459
-0.7874999999999996,0.9249002211978774,0.9219730135260392,0.002927207671838217
-0.7825000000000006,1.3440882772061646,1.3410693274965515,0.0030189497096131173
-0.7774999999999999,1.003791085801334,1.0006993619295907,0.003091723871743162
-0.7724999999999991,1.0367873377171284,1.0339393756999793,0.002847962017149029
-0.7675000000000001,1.1923477646861047,1.189253826007233,0.003093938678871671
-0.7624999999999993,0.78531908745467,0.7824038328994957,0.002915254555174418
-0.7575000000000003,1.5088538674694651,1.5059086940304078,0.0029451734390572074
-0.7524999999999995,0.5111332423142921,0.5081251227824303,0.003008119531861861
-0.7475000000000005,1.7198262911410895,1.7168175533337504,0.0030087378073391413
-0.7424999999999997,0.3286424767693924,0.32559662611345463,0.003045850655937772
-0.7374999999999989,1.7444260855776077,1.7415045811047407,0.0029215044728670846
-0.7324999999999999,0.3343790790931822,0.3314282074766806,0.0029508716165016205
-0.7274999999999991,1.6154579584411897,1.612432246932004,0.0030257115091857044
-0.7225000000000001,0.4472210662226074,0.44417211383238436,0.00304895239022303
-0.7174999999999994,1.5026809404521464,1.4996883405763006,0.0029925998758458753
-0.7125000000000004,0.46093187047309075,0.45797352305868616,0.002958347414404569
-0.7074999999999996,1.4888135317309497,1.485886931349999,0.002926600380950635
-0.7025000000000006,0.391028704103255,0.38799454669997335,0.0030341574032816837
-0.6974999999999998,1.5588831896437636,1.555865907708712,0.003017281935051561
-0.692499999999999,0.29807237376174506,0.29507801697923836,0.002994356782506694
-0.6875,1.6517770462298258,1.6487824374294469,0.0029946088003789052
-0.6824999999999992,0.2007091285824418,0.19769060821336315,0.0030185203690786407
-0.6775000000000002,1.747061665496014,1.744031599695472,0.003030065800541938
-0.6724999999999994,0.09162534345701333,0.088640036721036,0.0029853067359773317
-0.6675000000000004,1.6964842655710533,1.6934912278808465,0.0029930376902066905
-0.6624999999999996,0.17232236318766286,0.1693102455789964,0.0030121176086664644
-0.6575000000000006,1.5382543795413555,1.5352609868919789,0.0029933926493766415
-0.6524999999999999,0.4065218809811604,0.40354543033524287,0.002976450645917492
-0.6474999999999991,0.9487541514016276,0.9456881110698251,0.0030660403318024513
-0.6425000000000001,0.977613563369615,0.9746516318405147,0.0029619315291002724
-0.6374999999999993,0.4088778228257897,0.40587806288053335,0.002999759945256365
-0.6325000000000003,1.355142807277403,1.3521493320866809,0.0029934751907220855
-0.6274999999999995,0.2797018048755109,0.2766113426623559,0.0030904622131550066
-0.6225000000000005,1.2398950679752117,1.236878407140246,0.0030166608349655026
-0.6174999999999997,0.6157254195322847,0.6127048152296176,0.003020604302667036
-0.6124999999999989,0.5762087029318651,0.573244448005121,0.0029642549267440807
-0.6074999999999999,1.0991136718110475,1.0961429102410571,0.002970761569990257
-0.6024999999999991,0.3725209458516756,0.36952787238309104,0.0029930734685845633
-0.5975000000000001,1.0710394339208278,1.0679569336521313,0.003082500268696574
-0.5924999999999994,0.6603979040316602,0.6574136056810171,0.002984298350643068
-0.5875000000000004,0.36206831676523843,0.3590310259292841,0.0030372908359543546
-0.5824999999999996,1.1126107468597841,1.109555547376477,0.003055199483306917
-0.5775000000000006,0.5819055367255743,0.5788816433229064,0.0030238934026679968
-0.5724999999999998,0.43167053597728083,0.42862123019711496,0.003049305780165881
-0.567499999999999,0.9914457984930625,0.9884530410668158,0.0029927574262466846
-0.5625,0.5614572457225738,0.5584711085516153,0.0029861371709584907
-0.5574999999999992,0.4000011270879811,0.39693630479025344,0.003064822297727667
-0.5525000000000002,0.8874013672911251,0.8844565067559516,0.002944860535173528
-0.5474999999999994,0.6659998353642157,0.6630508009988024,0.0029490343654132974
-0.5425000000000004,0.3047160128875652,0.30168714252422785,0.003028870363337391
-0.5374999999999996,0.6662219703663057,0.6632451870442431,0.0029767833220626276
-0.5325000000000006,0.9364602719731421,0.9334417902070501,0.0030184817660919884
-0.5274999999999999,0.23164377104840667,0.22859798943846127,0.0030457816099453854
-0.5224999999999991,0.39039550488395036,0.38741138856365087,0.0029841163202995037
-0.5175000000000001,1.092064263981783,1.0891450126051856,0.0029192513765973417
-0.5124999999999993,0.32056658610203015,0.3176267982503791,0.002939787851651053
-0.5075000000000003,0.31519225852800736,0.3121839889780348,0.003008269549972592
-0.5024999999999995,0.4940966147748765,0.4910191507836337,0.0030774639912428113
-0.4975000000000005,1.0243615275602316,1.021304282746323,0.0030572448139086594
-0.4924999999999997,0.15969464246292078,0.15667515262533996,0.0030194898375808326
-0.48749999999999893,0.29558354607862986,0.29255099838850707,0.0030325476901228157
-0.48249999999999993,0.7603596052961811,0.7573280330376234,0.003031572258557645
-0.47749999999999915,0.7614255971926591,0.7582999632648278,0.003125633927831316
-0.47250000000000014,0.08274122935501359,0.07969827863075606,0.003042950724257535
-0.46749999999999936,0.2971277204676784,0.2941060867520339,0.0030216337156444366
-0.46250000000000036,0.7514224949427251,0.7483862749473436,0.003036219995381523
-0.4574999999999996,0.6822967524733958,0.6793792288158352,0.0029175236575605776
-0.45250000000000057,0.22436973691210882,0.22140570575714916,0.0029640311549596642
-0.4474999999999998,0.009274706182471712,0.00622035345410779,0.003054352728363921
-0.442499999999999,0.724065751856229,0.721172228585622,0.0028935232706069993
-0.4375,0.6928851106024395,0.6898760752696422,0.003009035332797243
-0.4324999999999992,0.529598106056947,0.5265917970993128,0.0030063089576342324
-0.4275000000000002,0.0029450836792671046,0.0,0.0029450836792671046
-0.42249999999999943,0.22544160117023931,0.2223776359843535,0.0030639651858858133
-0.4175000000000004,0.5493179099773134,0.5464191737342813,0.002898736243032187
-0.41249999999999964,0.8775027369630438,0.874542818438467,0.0029599185245767832
-0.40750000000000064,0.3035102302395173,0.30052082625158266,0.0029894039879346363
-0.40249999999999986,0.028864878527511715,0.0258533440436355,0.003011534483876218
-0.3974999999999991,0.254581511148454,0.25153554280048374,0.00304596834797025
-0.39250000000000007,0.4492894403750797,0.4463103603322339,0.0029790800428457415
-0.3874999999999993,0.5414896326755387,0.5384493458712056,0.003040286804333093
-0.3825000000000003,0.678249625160417,0.6752971218615771,0.0029525032988398834
-0.3774999999999995,0.009415879736961915,0.0064147394995486585,0.0030011402374132564
-0.3725000000000005,0.06402201406406635,0.06103721826843268,0.002984795795633671
-0.3674999999999997,0.364390893703274,0.36136365847457447,0.003027235228699508
-0.36249999999999893,0.4402032500733144,0.4371742161965132,0.0030290338768011785
-0.35749999999999993,0.5628759764895793,0.5598318108697012,0.0030441656198781195
-0.35249999999999915,0.39348867526923403,0.39052156529070475,0.0029671099785292666
-0.34750000000000014,0.13614510112430012,0.13315444112699487,0.0029906599973052324
-0.34249999999999936,0.0038844468733965683,0.0007775441817634738,0.0031069026916330945
-0.33750000000000036,0.04810071735344532,0.04509756254228148,0.003003154811163845
-0.3324999999999996,0.36765521929601463,0.36466822124706927,0.002986998048945383
-0.32750000000000057,0.6002558462622606,0.5973483176397888,0.0029075286224717794
-0.3224999999999998,0.35699483278002014,0.35397698874782146,0.0030178440321986717
-0.317499999999999,0.300621187347664,0.29760503556996964,0.0030161517776943606
-0.3125,0.22596534836856744,0.22296079412067607,0.0030045542478913537
-0.3074999999999992,0.06517826248948534,0.06220353454107789,0.002974727948407447
-0.3025000000000002,0.003061434964110265,0.0,0.003061434964110265
-0.29749999999999943,0.0096246951394299,0.006609125544989527,0.003015569594440374
-0.2925000000000004,0.12658204891302993,0.12362952490039232,0.0029525240126375995
-0.28749999999999964,0.2933652281967913,0.2904127518886575,0.0029524763081337693
-0.28250000000000064,0.40733494304909845,0.40432297451700644,0.0030119685320919936
-0.27749999999999986,0.11473858646512007,0.11177197612849935,0.0029666103366207237
-0.2724999999999991,0.15361807689565127,0.150649185216673,0.0029688916789782607
-0.26750000000000007,0.24303752894484446,0.24006676611947253,0.002970762825371937
-0.2624999999999993,0.25648787366593384,0.2534794032548925,0.0030084704110413525
-0.2575000000000003,0.17015700546505727,0.16717199907914682,0.0029850063859104504
-0.2524999999999995,0.1893025895666611,0.18641621757779284,0.0028863719888682685
-0.2475000000000005,0.012304412630007814,0.009330530181161683,0.002973882448846131
-0.24249999999999972,0.0029403876102485566,0.0,0.0029403876102485566
-0.23749999999999893,0.0029209028311970617,0.0,0.0029209028311970617
-0.23249999999999993,0.002928253718622874,0.0,0.002928253718622874
-0.22749999999999915,0.003042006677234359,0.0,0.003042006677234359
-0.22250000000000014,0.002982925904621675,0.0,0.002982925904621675
-0.21749999999999936,0.003072158120573323,0.0,0.003072158120573323
-0.21250000000000036,0.0029337642165061634,0.0,0.0029337642165061634
-0.20749999999999957,0.0030155482529518186,0.0,0.0030155482529518186
-0.20250000000000057,0.0030575322963133237,0.0,0.0030575322963133237
-0.1974999999999998,0.05119365423773654,0.048207739269335366,0.002985914968401174
-0.192499999999999,0.0951237810207599,0.09213898553897165,0.002984795481788251
-0.1875,0.0638444102747659,0.060842832222991826,0.0030015780517740715
-0.18249999999999922,0.13788966730474547,0.13490391553596268,0.0029857517687828057
-0.1775000000000002,0.14370855048228082,0.14073549689918874,0.0029730535830920723
-0.17249999999999943,0.559193048975712,0.5563328620517655,0.0028601869239464946
-0.16750000000000043,0.6614987352020535,0.6585799219536623,0.0029188132483911073
-0.16249999999999964,0.24749310677038072,0.2445376451646125,0.002955461605768229
-0.15750000000000064,0.010612282486944163,0.007581055772193869,0.003031226714750293
-0.15249999999999986,0.0030050912374048693,0.0,0.0030050912374048693
-0.14749999999999908,0.00304544987533651,0.0,0.00304544987533651
-0.14250000000000007,0.0029962957195110774,0.0,0.0029962957195110774
-0.1374999999999993,0.003041408487863955,0.0,0.003041408487863955
-0.13250000000000028,0.0029407692462792025,0.0,0.0029407692462792025
-0.1274999999999995,0.002849625397874706,0.0,0.002849625397874706
-0.1225000000000005,0.0029224422429818624,0.0,0.0029224422429818624
-0.11749999999999972,0.0029686967809724784,0.0,0.0029686967809724784
-0.11249999999999893,0.002955939278497376,0.0,0.002955939278497376
-0.10749999999999993,0.002977940470125943,0.0,0.002977940470125943
-0.10249999999999915,0.0028989101133948337,0.0,0.0028989101133948337
-0.09750000000000014,0.0029415943458882226,0.0,0.0029415943458882226
-0.09249999999999936,0.002958053027400666,0.0,0.002958053027400666
-0.08750000000000036,0.002899669619311086,0.0,0.002899669619311086
-0.08249999999999957,0.002984276695309092,0.0,0.002984276695309092
-0.07750000000000057,0.061866517050709856,0.058898971768583136,0.002967545282126722
-0.07249999999999979,0.07373737914531665,0.07075652054047611,0.002980858604840536
-0.067499999999999,0.2226381554582226,0.21965623134818138,0.002981924110041229
-0.0625,0.19972417471184628,0.19671867798615886,0.00300549672568743
-0.05749999999999922,0.2477727899594367,0.24492641725549424,0.0028463727039424575
-0.05250000000000021,0.14054274653761523,0.13762532017213483,0.0029174263654803967
-0.04749999999999943,0.14257456091558016,0.13956918062654353,0.003005380289036633
-0.042500000000000426,0.10270977546448191,0.0997200413111655,0.0029897341533164125
-0.037499999999999645,0.06067927356546312,0.05773265549593793,0.0029466180695251866
-0.03250000000000064,0.04068857938470968,0.037710892815528474,0.0029776865691812124
-0.027499999999999858,0.008655350998485857,0.0056371953177851855,0.0030181556807006714
-0.022499999999999076,0.057411722583341776,0.05442809272344318,0.0029836298598985974
-0.01750000000000007,0.09704319323080074,0.09408284599338032,0.0029603472374204205
-0.01249999999999929,0.08497860353844412,0.08203091117604648,0.002947692362397638
-0.007500000000000284,0.10948517686218462,0.10652355290159589,0.0029616239605887323
-0.0024999999999995026,0.10548276090926648,0.10244144594733766,0.0030413149619288133
0.0024999999999995026,0.12287641319226432,0.1199361900370158,0.002940223155248509
0.007500000000000284,0.11725279011966441,0.11429899471923063,0.002953795400433773
0.012500000000001066,0.004109726214287781,0.0011663162726452108,0.00294340994164257
0.01750000000000007,0.0029259833608550347,0.0,0.0029259833608550347
0.022500000000000853,0.0029715191928339903,0.0,0.0029715191928339903
0.027499999999999858,0.0029961626490530237,0.0,0.0029961626490530237
0.03250000000000064,0.0029634988731274477,0.0,0.0029634988731274477
0.037499999999999645,0.002920509269040458,0.0,0.002920509269040458
0.042500000000000426,0.0029634605839862155,0.0,0.0029634605839862155
0.04749999999999943,0.0030216547432875716,0.0,0.0030216547432875716
0.05250000000000021,0.002967592672785133,0.0,0.002967592672785133
0.057500000000000995,0.002968650959541167,0.0,0.002968650959541167
0.0625,0.003000687044626865,0.0,0.003000687044626865
0.06750000000000078,0.0029558903186118653,0.0,0.0029558903186118653
0.07249999999999979,0.0029647454671354457,0.0,0.0029647454671354457
0.07750000000000057,0.0030580366459031652,0.0,0.0030580366459031652
0.08249999999999957,0.003032147851057814,0.0,0.003032147851057814
0.08750000000000036,0.0029771841026638903,0.0,0.0029771841026638903
0.09249999999999936,0.0029400210387980678,0.0,0.0029400210387980678
0.09750000000000014,0.0029217925829625887,0.0,0.0029217925829625887
0.10250000000000092,0.002944506203694417,0.0,0.002944506203694417
0.10749999999999993,0.0029627111211234006,0.0,0.0029627111211234006
0.11250000000000071,0.003014325825041155,0.0,0.003014325825041155
0.11749999999999972,0.002840142244665828,0.0,0.002840142244665828
0.1225000000000005,0.0029951144053504265,0.0,0.0029951144053504265
0.1274999999999995,0.0029685263629094516,0.0,0.0029685263629094516
0.13250000000000028,0.002955567685520168,0.0,0.002955567685520168
0.13750000000000107,0.002936233238424824,0.0,0.002936233238424824
0.14250000000000007,0.002952871439517472,0.0,0.002952871439517472
0.14750000000000085,0.0028806725560421758,0.0,0.0028806725560421758
0.15249999999999986,0.003012301835927969,0.0,0.003012301835927969
0.15750000000000064,0.002894764843088278,0.0,0.002894764843088278
0.16249999999999964,0.0030288396064862364,0.0,0.0030288396064862364
0.16750000000000043,0.003005557297853479,0.0,0.003005557297853479
0.17249999999999943,0.002998556661916318,0.0,0.002998556661916318
0.1775000000000002,0.0030379966743037975,0.0,0.0030379966743037975
0.182500000000001,0.0029200993869220176,0.0,0.0029200993869220176
0.1875,0.002846574506547478,0.0,0.002846574506547478
0.19250000000000078,0.0030330049628996677,0.0,0.0030330049628996677
0.1974999999999998,0.0029845516238969586,0.0,0.0029845516238969586
0.20250000000000057,0.002962593742936344,0.0,0.002962593742936344
0.20749999999999957,0.0028794350635513552,0.0,0.0028794350635513552
0.21250000000000036,0.003021988988659807,0.0,0.003021988988659807
0.21749999999999936,0.0028950780608173778,0.0,0.0028950780608173778
0.22250000000000014,0.0030018115527665062,0.0,0.0030018115527665062
0.22750000000000092,0.0029847612726374784,0.0,0.0029847612726374784
0.23249999999999993,0.0028777126798867304,0.0,0.0028777126798867304
0.2375000000000007,0.002938334119665896,0.0,0.002938334119665896
0.24249999999999972,0.0029147640147830535,0.0,0.0029147640147830535
0.2475000000000005,0.003010105231833815,0.0,0.003010105231833815
0.2524999999999995,0.0029944625484132135,0.0,0.0029944625484132135
0.2575000000000003,0.0030042432270801942,0.0,0.0030042432270801942
0.26250000000000107,0.0031417894346680974,0.0,0.0031417894346680974
0.26750000000000007,0.0030215201036024185,0.0,0.0030215201036024185
0.27250000000000085,0.00289233630722879,0.0,0.00289233630722879
0.27749999999999986,0.003051644242389847,0.0,0.003051644242389847
0.28250000000000064,0.0029746272040276464,0.0,0.0029746272040276464
0.28749999999999964,0.0028522422409861577,0.0,0.0028522422409861577
0.2925000000000004,0.002954190217972056,0.0,0.002954190217972056
0.29749999999999943,0.003004798105782646,0.0,0.003004798105782646
0.3025000000000002,0.0029986771785575753,0.0,0.0029986771785575753
0.307500000000001,0.0028745798749048985,0.0,0.0028745798749048985
0.3125,0.0028997148130515565,0.0,0.0028997148130515565
0.3175000000000008,0.002893243320492414,0.0,0.002893243320492414
0.3224999999999998,0.0029228580881632813,0.0,0.0029228580881632813
0.32750000000000057,0.003010724135001935,0.0,0.003010724135001935
0.3324999999999996,0.003015113577045203,0.0,0.003015113577045203
0.33750000000000036,0.0030352282438545156,0.0,0.0030352282438545156
0.34249999999999936,0.002935646661334958,0.0,0.002935646661334958
0.34750000000000014,0.0029492195342110616,0.0,0.0029492195342110616
0.3525000000000009,0.0029782659278264193,0.0,0.0029782659278264193
0.35749999999999993,0.0030100424627498273,0.0,0.0030100424627498273
0.3625000000000007,0.002960248376113139,0.0,0.002960248376113139
0.3674999999999997,0.00296497834043704,0.0,0.00296497834043704
0.3725000000000005,0.0029171228769593154,0.0,0.0029171228769593154
0.3774999999999995,0.003005735875897424,0.0,0.003005735875897424
0.3825000000000003,0.0029714931436641352,0.0,0.0029714931436641352
0.38750000000000107,0.0029555413225048938,0.0,0.0029555413225048938
0.39250000000000007,0.002959719860425962,0.0,0.002959719860425962
0.39750000000000085,0.0029425522021098763,0.0,0.0029425522021098763
0.40249999999999986,0.0029004322636815376,0.0,0.0029004322636815376
0.40750000000000064,0.0030038393080247324,0.0,0.0030038393080247324
0.41249999999999964,0.0029479980478366585,0.0,0.0029479980478366585
0.4175000000000004,0.0029804468396495763,0.0,0.0029804468396495763
0.42249999999999943,0.003015296548925027,0.0,0.003015296548925027
0.4275000000000002,0.0029202343404525913,0.0,0.0029202343404525913
0.432500000000001,0.0029090190743710693,0.0,0.0029090190743710693
0.4375,0.0029689327927282724,0.0,0.0029689327927282724
0.4425000000000008,0.0029897121841370162,0.0,0.0029897121841370162
0.4474999999999998,0.00295772443124599,0.0,0.00295772443124599
0.45250000000000057,0.0029912735651012132,0.0,0.0029912735651012132
0.4574999999999996,0.0029721553575002063,0.0,0.0029721553575002063
0.46250000000000036,0.002951636771635432,0.0,0.002951636771635432
0.46749999999999936,0.00293280228029405,0.0,0.00293280228029405
0.47250000000000014,0.002923736541493691,0.0,0.002923736541493691
0.4775000000000009,0.0029820000606328545,0.0,0.0029820000606328545
0.48249999999999993,0.002969398539331462,0.0,0.002969398539331462
0.4875000000000007,0.003001926734035624,0.0,0.003001926734035624
0.4924999999999997,0.002965818504626218,0.0,0.002965818504626218
0.4975000000000005,0.003024871658841947,0.0,0.003024871658841947
0.5024999999999995,0.0030518548326666267,0.0,0.0030518548326666267
0.5075000000000003,0.0030288527879938736,0.0,0.0030288527879938736
0.5125000000000011,0.0029996833669739,0.0,0.0029996833669739
0.5175000000000001,0.0029661518084621924,0.0,0.0029661518084621924
0.5225000000000009,0.002905952804618265,0.0,0.002905952804618265
0.5274999999999999,0.0029894466709117482,0.0,0.0029894466709117482
0.5325000000000006,0.0030083866143142293,0.0,0.0030083866143142293
0.5374999999999996,0.0030380798433400817,0.0,0.0030380798433400817
0.5425000000000004,0.002945290817244265,0.0,0.002945290817244265
0.5474999999999994,0.0029829036215968585,0.0,0.0029829036215968585
0.5525000000000002,0.0029425248975583416,0.0,0.0029425248975583416
0.557500000000001,0.0029059286385209296,0.0,0.0029059286385209296
0.5625,0.002986599465262061,0.0,0.002986599465262061
0.5675000000000008,0.0029399080544468903,0.0,0.0029399080544468903
0.5724999999999998,0.0029423868055735683,0.0,0.0029423868055735683
0.5775000000000006,0.002979978268437607,0.0,0.002979978268437607
0.5824999999999996,0.00301888505745661,0.0,0.00301888505745661
0.5875000000000004,0.003023224911923527,0.0,0.003023224911923527
0.5924999999999994,0.0030369820120611348,0.0,0.0030369820120611348
0.5975000000000001,0.0029865756130101452,0.0,0.0029865756130101452
0.6025000000000009,0.002990225635244037,0.0,0.002990225635244037
0.6074999999999999,0.0030227861560264526,0.0,0.0030227861560264526
0.6125000000000007,0.002989148831608226,0.0,0.002989148831608226
0.6174999999999997,0.002958927086895196,0.0,0.002958927086895196
0.6225000000000005,0.002991452143145159,0.0,0.002991452143145159
0.6274999999999995,0.002959672469767551,0.0,0.002959672469767551
0.6325000000000003,0.002937427734093112,0.0,0.002937427734093112
0.6375000000000011,0.0029629364621349174,0.0,0.0029629364621349174
0.6425000000000001,0.0029372554329575654,0.0,0.0029372554329575654
0.6475000000000009,0.003040585899018295,0.0,0.003040585899018295
0.6524999999999999,0.002977374606833793,0.0,0.002977374606833793
0.6575000000000006,0.0030482575364632848,0.0,0.0030482575364632848
0.6624999999999996,0.002926118314385608,0.0,0.002926118314385608
0.6675000000000004,0.0029740807991515327,0.0,0.0029740807991515327
0.6724999999999994,0.0028840197174458257,0.0,0.0028840197174458257
0.6775000000000002,0.00297666719925725,0.0,0.00297666719925725
0.682500000000001,0.0029619760951499034,0.0,0.0029619760951499034
0.6875,0.0029853851973323173,0.0,0.0029853851973323173
0.6925000000000008,0.002909975989056464,0.0,0.002909975989056464
0.6974999999999998,0.003000027027708733,0.0,0.003000027027708733
0.7025000000000006,0.0029229823709495772,0.0,0.0029229823709495772
0.7074999999999996,0.0030324698564586712,0.0,0.0030324698564586712
0.7125000000000004,0.0029747969943998338,0.0,0.0029747969943998338
0.7174999999999994,0.002997601316458024,0.0,0.002997601316458024
0.7225000000000001,0.003022021314738061,0.0,0.003022021314738061
0.7275000000000009,0.002952285490118446,0.0,0.002952285490118446
0.7324999999999999,0.0029801267173212385,0.0,0.0029801267173212385
0.7375000000000007,0.0030292033533279466,0.0,0.0030292033533279466
0.7424999999999997,0.0029932558127735483,0.0,0.0029932558127735483
0.7475000000000005,0.003105183132577248,0.0,0.003105183132577248
0.7524999999999995,0.003005660239151219,0.0,0.003005660239151219
0.7575000000000003,0.0029901907984024234,0.0,0.0029901907984024234
0.7625000000000011,0.003051233104889727,0.0,0.003051233104889727
0.7675000000000001,0.00298923043141741,0.0,0.00298923043141741
0.7725000000000009,0.002965923642841897,0.0,0.002965923642841897
0.7774999999999999,0.0030164411431715444,0.0,0.0030164411431715444
0.7825000000000006,0.002945992575603248,0.0,0.002945992575603248
0.7874999999999996,0.0030310202044639724,0.0,0.0030310202044639724
0.7925000000000004,0.00294217621529679,0.0,0.00294217621529679
0.7974999999999994,0.003042553082110473,0.0,0.003042553082110473
0.8025000000000002,0.0030528723195180686,0.0,0.0030528723195180686
0.807500000000001,0.00294747957520292,0.0,0.00294747957520292
0.8125,0.0030034413520322496,0.0,0.0030034413520322496
0.8175000000000008,0.002971875721231041,0.0,0.002971875721231041
0.8224999999999998,0.003039705248769946,0.0,0.003039705248769946
0.8275000000000006,0.0028917616562648815,0.0,0.0028917616562648815
0.8324999999999996,0.0029730517000195523,0.0,0.0029730517000195523
0.8375000000000004,0.0029752454795049267,0.0,0.0029752454795049267
0.8424999999999994,0.0030008562073082115,0.0,0.0030008562073082115
0.8475000000000001,0.0029442683088661036,0.0,0.0029442683088661036
0.8525000000000009,0.003005992601450934,0.0,0.003005992601450934
0.8574999999999999,0.0029389363890267584,0.0,0.0029389363890267584
0.8625000000000007,0.0030081750825011904,0.0,0.0030081750825011904
0.8674999999999997,0.003004100427414122,0.0,0.003004100427414122
0.8725000000000005,0.0030599843705793072,0.0,0.0030599843705793072
0.8774999999999995,0.002973055152319172,0.0,0.002973055152319172
0.8825000000000003,0.002979837979534894,0.0,0.002979837979534894
0.8875000000000011,0.0030365514161449785,0.0,0.0030365514161449785
0.8925000000000001,0.0030250430184412345,0.0,0.0030250430184412345
0.8975000000000009,0.002999563791868903,0.0,0.002999563791868903
0.9024999999999999,0.0029692858688257035,0.0,0.0029692858688257035
0.9075000000000006,0.0030150799955852687,0.0,0.0030150799955852687
0.9124999999999996,0.0030058918570711334,0.0,0.0030058918570711334
0.9175000000000004,0.003053444145873197,0.0,0.003053444145873197
0.9224999999999994,0.0029759252686845142,0.0,0.0029759252686845142
0.9275000000000002,0.0030625874044922815,0.0,0.0030625874044922815
0.932500000000001,0.0029258135704828474,0.0,0.0029258135704828474
0.9375,0.0030710191755443637,0.0,0.0030710191755443637
0.9425000000000008,0.0030131981784473146,0.0,0.0030131981784473146
0.9474999999999998,0.002991696942572711,0.0,0.002991696942572711
0.9525000000000006,0.002952805218133865,0.0,0.002952805218133865
0.9574999999999996,0.0029810205490772242,0.0,0.0029810205490772242
0.9625000000000004,0.0030041547226717707,0.0,0.0030041547226717707
0.9674999999999994,0.0030226163656542652,0.0,0.0030226163656542652
0.9725000000000001,0.0029561009088886455,0.0,0.0029561009088886455
0.9775000000000009,0.0030210571816080083,0.0,0.0030210571816080083
0.9824999999999999,0.0029932115605693366,0.0,0.0029932115605693366
0.9875000000000007,0.002987000559708743,0.0,0.002987000559708743
0.9924999999999997,0.0029935668335847082,0.0,0.0029935668335847082
0.9975000000000005,0.002984585833047732,0.0,0.002984585833047732
1.0024999999999995,0.002983245399259173,0.0,0.002983245399259173
1.0075000000000003,0.003034471248701623,0.0,0.003034471248701623
1.012500000000001,0.0029854561263972226,0.0,0.0029854561263972226
1.0175,0.0029913410418664996,0.0,0.0029913410418664996
1.0225000000000009,0.0030450785962047224,0.0,0.0030450785962047224
1.0274999999999999,0.0030418042469384987,0.0,0.0030418042469384987
1.0325000000000006,0.0029488626919685905,0.0,0.0029488626919685905
1.0374999999999996,0.00297172633081115,0.0,0.00297172633081115
1.0425000000000004,0.0030186926702141874,0.0,0.0030186926702141874
1.0474999999999994,0.002983290279154224,0.0,0.002983290279154224
1.0525000000000002,0.0030212238335259956,0.0,0.0030212238335259956
1.057500000000001,0.0030348874077284617,0.0,0.0030348874077284617
1.0625,0.0030537984773523087,0.0,0.0030537984773523087
1.0675000000000008,0.003061327315131226,0.0,0.003061327315131226
1.0724999999999998,0.002976415495230459,0.0,0.002976415495230459
1.0775000000000006,0.003068222499007287,0.0,0.003068222499007287
1.0824999999999996,0.0029784115521012708,0.0,0.0029784115521012708
1.0875000000000004,0.0030111095371776206,0.0,0.0030111095371776206
1.0924999999999994,0.0029670823601323114,0.0,0.0029670823601323114
1.0975000000000001,0.0030304653257615206,0.0,0.0030304653257615206
1.102500000000001,0.0030042846546756256,0.0,0.0030042846546756256
1.1075,0.002954635250777529,0.0,0.002954635250777529
1.1125000000000007,0.0029588671424199877,0.0,0.0029588671424199877
1.1174999999999997,0.003056227013211797,0.0,0.003056227013211797
1.1225000000000005,0.002992172418383918,0.0,0.002992172418383918
1.1274999999999995,0.0030533967552147864,0.0,0.0030533967552147864
1.1325000000000003,0.0030672859842741894,0.0,0.0030672859842741894
1.137500000000001,0.0030123071713001074,0.0,0.0030123071713001074
1.1425,0.0031032376048190456,0.0,0.0031032376048190456
1.1475000000000009,0.0030673732333009315,0.0,0.0030673732333009315
1.1524999999999999,0.003060307631361844,0.0,0.003060307631361844
1.1575000000000006,0.003095308300284286,0.0,0.003095308300284286
1.1624999999999996,0.0029974720121450087,0.0,0.0029974720121450087
1.1675000000000004,0.0030037561389884486,0.0,0.0030037561389884486
1.1724999999999994,0.0030575382593763024,0.0,0.0030575382593763024
1.1775000000000002,0.003073636332501236,0.0,0.003073636332501236
1.182500000000001,0.0029458155667864026,0.0,0.0029458155667864026
1.1875,0.0029785298718245884,0.0,0.0029785298718245884
1.1925000000000008,0.0030959532526222606,0.0,0.0030959532526222606
1.1974999999999998,0.003077858181090256,0.0,0.003077858181090256
1.2025000000000006,0.003024039026942849,0.0,0.003024039026942849
1.2074999999999996,0.0030140640779609267,0.0,0.0030140640779609267
1.2125000000000004,0.0030207571453865468,0.0,0.0030207571453865468
1.2174999999999994,0.0030574011089277886,0.0,0.0030574011089277886
1.2225000000000001,0.0030244780966853435,0.0,0.0030244780966853435
1.227500000000001,0.003019989165643956,0.0,0.003019989165643956
1.2325,0.003088321787391023,0.0,0.003088321787391023
1.2375000000000007,0.002986364708887946,0.0,0.002986364708887946
1.2424999999999997,0.0030410011165088744,0.0,0.0030410011165088744
1.2475000000000005,0.0029660080672598605,0.0,0.0029660080672598605
1.2524999999999995,0.0031058415802682803,0.0,0.0031058415802682803
1.2575000000000003,0.0029776529877212784,0.0,0.0029776529877212784
1.262500000000001,0.0029889972442703953,0.0,0.0029889972442703953
1.2675,0.002989517599976654,0.0,0.002989517599976654
1.2725000000000009,0.0029578606401582425,0.0,0.0029578606401582425
1.2774999999999999,0.0030442202289811893,0.0,0.0030442202289811893
1.2825000000000006,0.0030091539663659804,0.0,0.0030091539663659804
1.2874999999999996,0.0029851931239353144,0.0,0.0029851931239353144
1.2925000000000004,0.0031290162399219986,0.0,0.0031290162399219986
1.2974999999999994,0.003090466920836307,0.0,0.003090466920836307
1.3025000000000002,0.002949296740184366,0.0,0.002949296740184366
1.307500000000001,0.003085755473392181,0.0,0.003085755473392181
1.3125,0.0030207653053674647,0.0,0.0030207653053674647
1.3175000000000008,0.0029638048724118884,0.0,0.0029638048724118884
1.3224999999999998,0.0030902591551683076,0.0,0.0030902591551683076
1.3275000000000006,0.0030587848533843,0.0,0.0030587848533843
1.3324999999999996,0.003032071272775349,0.0,0.003032071272775349
1.3375000000000004,0.0030403552226346397,0.0,0.0030403552226346397
1.3424999999999994,0.0030169486312155865,0.0,0.0030169486312155865
1.3475000000000001,0.003025234464147397,0.0,0.003025234464147397
1.352500000000001,0.003137886453025736,0.0,0.003137886453025736
1.3575,0.0030516304331913695,0.0,0.0030516304331913695
1.3625000000000007,0.003095807314501989,0.0,0.003095807314501989
1.3674999999999997,0.0030393019574053246,0.0,0.0030393019574053246
1.3725000000000005,0.003002746184427085,0.0,0.003002746184427085
1.3774999999999995,0.003040897233674874,0.0,0.003040897233674874
1.3825000000000003,0.003056412182009561,0.0,0.003056412182009561
1.387500000000001,0.002987720521102083,0.0,0.002987720521102083
1.3925,0.0030132747567297798,0.0,0.0030132747567297798
1.3975000000000009,0.003015163478466972,0.0,0.003015163478466972
1.4024999999999999,0.0029143343604031576,0.0,0.0029143343604031576
1.4075000000000006,0.003000083519884322,0.0,0.003000083519884322
1.4124999999999996,0.0030254431713516564,0.0,0.0030254431713516564
1.4175000000000004,0.003046542998934158,0.0,0.003046542998934158
1.4224999999999994,0.002954933403926472,0.0,0.002954933403926472
1.4275000000000002,0.0029667167302180825,0.0,0.0029667167302180825
1.432500000000001,0.003083151497942947,0.0,0.003083151497942947
1.4375,0.0028969084073064617,0.0,0.0028969084073064617
1.4425000000000008,0.0030538756833256133,0.0,0.0030538756833256133
1.4474999999999998,0.002987051402666773,0.0,0.002987051402666773
1.4525000000000006,0.0030066651721858636,0.0,0.0030066651721858636
1.4574999999999996,0.0030293797344539517,0.0,0.0030293797344539517
1.4625000000000004,0.003002646695428964,0.0,0.003002646695428964
1.4674999999999994,0.002930881860169443,0.0,0.002930881860169443
1.4725000000000001,0.002989786251656122,0.0,0.002989786251656122
1.477500000000001,0.002882206318609418,0.0,0.002882206318609418
1.4825,0.0029734882589986873,0.0,0.0029734882589986873
1.4875000000000007,0.0030996641608676194,0.0,0.0030996641608676194
1.4924999999999997,0.0030288113603984417,0.0,0.0030288113603984417
1.4975000000000005,0.0030722346988557876,0.0,0.0030722346988557876
1.5024999999999995,0.0029419624865658113,0.0,0.0029419624865658113
1.5075000000000003,0.002883436278810159,0.0,0.002883436278810159
1.512500000000001,0.0030405494929495827,0.0,0.0030405494929495827
1.5175,0.002993832032964556,0.0,0.002993832032964556
1.5225000000000009,0.0030002724548271256,0.0,0.0030002724548271256
1.5274999999999999,0.0030521573796514472,0.0,0.0030521573796514472
1.5325000000000006,0.0030828950862348574,0.0,0.0030828950862348574
1.5374999999999996,0.0030119804582179515,0.0,0.0030119804582179515
1.5425000000000004,0.0030452144912715565,0.0,0.0030452144912715565
1.5474999999999994,0.0029216730078575922,0.0,0.0029216730078575922
1.5525000000000002,0.002890568102132854,0.0,0.002890568102132854
1.557500000000001,0.0029662842512294067,0.0,0.0029662842512294067
1.5625,0.002981898688562214,0.0,0.002981898688562214
1.5675000000000008,0.0030532426571135965,0.0,0.0030532426571135965
1.5724999999999998,0.002976601291719063,0.0,0.002976601291719063
1.5775000000000006,0.0025952612173041918,0.0,0.0025952612173041918
1.5824999999999996,0.002161396914944583,0.0,0.002161396914944583
1.5875000000000004,0.0013871289655198525,0.0,0.0013871289655198525
1.5924999999999994,0.0006225698241609357,0.0,0.0006225698241609357
1.5975000000000001,0.0001828202924866301,0.0,0.0001828202924866301
1.602500000000001,1.507995858265096e-5,0.0,1.507995858265096e-5
