omega,S,S_edge,S_cont,Sr,Sr_edge,Sr_cont
-1.647499999999999,0.0,0.0,0.0
-1.6425,2.764601535159021e-5,2.764601535159021e-5,0.0
-1.6374999999999993,0.0005592034923389837,0.0005592034923389837,0.0
-1.6325000000000003,0.0089598222480381,0.0089598222480381,0.0
-1.6274999999999995,0.07449218836485974,0.07449218836485974,0.0
-1.6225000000000005,0.31195386731615576,0.31195386731615576,0.0
-1.6174999999999997,0.38619472826872675,0.38619472826872675,0.0
-1.6125000000000007,0.28442471921127965,0.28442471921127965,0.0
-1.6075,0.2228884589498254,0.2228884589498254,0.0
-1.6024999999999991,0.19320417828458683,0.19320417828458683,0.0
-1.5975000000000001,0.17421262237510615,0.17421262237510615,0.0
-1.5924999999999994,0.16036573859514405,0.16036573859514405,0.0
-1.5875000000000004,0.14961520853456003,0.14961520853456003,0.0
-1.5824999999999996,0.1411894570376324,0.1411894570376324,0.0
-1.5775000000000006,0.13386326296946108,0.13386326296946108,0.0
-1.5724999999999998,0.12786407763816612,0.12786407763816612,0.0
-1.567499999999999,0.12259499843956538,0.12259499843956538,0.0
-1.5625,0.11780092805018737,0.11780092805018737,0.0
-1.5574999999999992,0.11405866288123122,0.11405866288123122,0.0
-1.5525000000000002,0.11019199064319286,0.11019199064319286,0.0
-1.5474999999999994,0.10680786703674595,0.10680786703674595,0.0
-1.5425000000000004,0.10379319472636121,0.10379319472636121,0.0
-1.5374999999999996,0.10099089407935909,0.10099089407935909,0.0
-1.5325000000000006,0.0985567880913577,0.0985567880913577,0.0
-1.5274999999999999,0.09591785026234229,0.09591785026234229,0.0
-1.522499999999999,0.0937941336285156,0.0937941336285156,0.0
-1.5175,0.091884045295133,0.091884045295133,0.0
-1.5124999999999993,0.08963717822928556,0.08963717822928556,0.0
-1.5075000000000003,0.08806763853955211,0.08806763853955211,0.0
-1.5024999999999995,0.0861399572873094,0.0861399572873094,0.0
-1.4975000000000005,0.08443344415787943,0.08443344415787943,0.0
-1.4924999999999997,0.08309512568745017,0.08309512568745017,0.0
-1.4875000000000007,0.08135468335736144,0.08135468335736144,0.0
-1.4825,0.0801332321336457,0.0801332321336457,0.0
-1.4774999999999991,0.07868809951299441,0.07868809951299441,0.0
-1.4725000000000001,0.07731585184190638,0.07731585184190638,0.0
-1.4674999999999994,0.07621755105021139,0.07621755105021139,0.0
-1.4625000000000004,0.07511799362145496,0.07511799362145496,0.0
-1.4574999999999996,0.07364521498545205,0.07364521498545205,0.0
-1.4525000000000006,0.07245140977708793,0.07245140977708793,0.0
-1.4474999999999998,0.07169365762904206,0.07169365762904206,0.0
-1.442499999999999,0.07058279046673273,0.07058279046673273,0.0
-1.4375,0.06965664895245444,0.06965664895245444,0.0
-1.4324999999999992,0.06864882602918285,0.06864882602918285,0.0
-1.4275000000000002,0.06769378186249154,0.06769378186249154,0.0
-1.4224999999999994,0.06674502088110743,0.06674502088110743,0.0
-1.4175000000000004,0.06582139264095202,0.06582139264095202,0.0
-1.4124999999999996,0.06504227766286175,0.06504227766286175,0.0
-1.4075000000000006,0.06419656092051537,0.06419656092051537,0.0
-1.4024999999999999,0.06340487957181073,0.06340487957181073,0.0
-1.397499999999999,0.06250512743582262,0.06250512743582262,0.0
-1.3925,0.061839109793261585,0.061839109793261585,0.0
-1.3874999999999993,0.061066278000478494,0.061066278000478494,0.0
-1.3825000000000003,0.06027459665177386,0.06027459665177386,0.0
-1.3774999999999995,0.05953443742258811,0.05953443742258811,0.0
-1.3725000000000005,0.058749039259190644,0.058749039259190644,0.0
-1.3674999999999997,0.05826900390172213,0.05826900390172213,0.0
-1.362499999999999,0.05753889776902787,0.05753889776902787,0.0
-1.3575,0.05678617216922775,0.05678617216922775,0.0
-1.3524999999999991,0.056146543904956873,0.056146543904956873,0.0
-1.3475000000000001,0.05557854395318783,0.05557854395318783,0.0
-1.3424999999999994,0.054899959940012434,0.054899959940012434,0.0
-1.3375000000000004,0.05445259714614124,0.05445259714614124,0.0
-1.3324999999999996,0.05384438480840626,0.05384438480840626,0.0
-1.3275000000000006,0.05329900432374306,0.05329900432374306,0.0
-1.3224999999999998,0.052747340653772706,0.052747340653772706,0.0
-1.317499999999999,0.05187397789607474,0.05187397789607474,0.0
-1.3125,0.051430385013387855,0.051430385013387855,0.0
-1.3074999999999992,0.051019464694298314,0.051019464694298314,0.0
-1.3025000000000002,0.050582154996918614,0.050582154996918614,0.0
-1.2974999999999994,0.04997519929624506,0.04997519929624506,0.0
-1.2925000000000004,0.049252632985919406,0.049252632985919406,0.0
-1.2874999999999996,0.04874243833897642,0.04874243833897642,0.0
-1.2825000000000006,0.04861803126989427,0.04861803126989427,0.0
-1.2774999999999999,0.04804374813281805,0.04804374813281805,0.0
-1.272499999999999,0.047328721644861016,0.047328721644861016,0.0
-1.2675,0.04698314645296615,0.04698314645296615,0.0
-1.2624999999999993,0.046410119952951356,0.046410119952951356,0.0
-1.2575000000000003,0.046148739444172686,0.046148739444172686,0.0
-1.2524999999999995,0.04549277489810313,0.04549277489810313,0.0
-1.2475000000000005,0.04529045633121196,0.04529045633121196,0.0
-1.2424999999999997,0.04483178380378785,0.04483178380378785,0.0
-1.237499999999999,0.04412052722701512,0.04412052722701512,0.0
-1.2325,0.04382270424345481,0.04382270424345481,0.0
-1.2274999999999991,0.0433992175537509,0.0433992175537509,0.0
-1.2225000000000001,0.042954368034002585,0.042954368034002585,0.0
-1.2174999999999994,0.04273068663706699,0.04273068663706699,0.0
-1.2125000000000004,0.042121217662270574,0.042121217662270574,0.0
-1.2074999999999996,0.04168642123901375,0.04168642123901375,0.0
-1.2025000000000006,0.041437607100849434,0.041437607100849434,0.0
-1.1974999999999998,0.041119677924306146,0.041119677924306146,0.0
-1.192499999999999,0.04038580188042757,0.04038580188042757,0.0
-1.1875,0.04031291693086429,0.04031291693086429,0.0
-1.1824999999999992,0.03992964262712633,0.03992964262712633,0.0
-1.1775000000000002,0.03921335950210786,0.03921335950210786,0.0
-1.1724999999999994,0.03923849224333657,0.03923849224333657,0.0
-1.1675000000000004,0.038782332990035334,0.038782332990035334,0.0
-1.1624999999999996,0.03834125338147133,0.03834125338147133,0.0
-1.1575000000000006,0.03797305872247061,0.03797305872247061,0.0
-1.1524999999999999,0.03770288175426189,0.03770288175426189,0.0
-1.147499999999999,0.03712231543187849,0.03712231543187849,0.0
-1.1425,0.03714996144723008,0.03714996144723008,0.0
-1.1374999999999993,0.0363846694768156,0.0363846694768156,0.0
-1.1325000000000003,0.0363633066467712,0.0363633066467712,0.0
-1.1274999999999995,0.03591468721583857,0.03591468721583857,0.0
-1.1225000000000005,0.03565581998118277,0.03565581998118277,0.0
-1.1174999999999997,0.035143112060116916,0.035143112060116916,0.0
-1.112499999999999,0.03512928905244112,0.03512928905244112,0.0
-1.1075,0.03455751918948778,0.03455751918948778,0.0
-1.1024999999999991,0.03423456346469875,0.03423456346469875,0.0
-1.0975000000000001,0.03404732454254479,0.03404732454254479,0.0
-1.0924999999999994,0.03366782014999114,0.03366782014999114,0.0
-1.0875000000000004,0.03334235115107925,0.03334235115107925,0.0
-1.0824999999999996,0.033070917545809084,0.033070917545809084,0.0
-1.0775000000000006,0.03261224501838497,0.03261224501838497,0.0
-1.0724999999999998,0.03252679369820733,0.03252679369820733,0.0
-1.067499999999999,0.03208320081552045,0.03208320081552045,0.0
-1.0625,0.03195628047231542,0.03195628047231542,0.0
-1.0574999999999992,0.031434776091819515,0.031434776091819515,0.0
-1.0525000000000002,0.031304085837430176,0.031304085837430176,0.0
-1.0474999999999994,0.031090457536986072,0.031090457536986072,0.0
-1.0425000000000004,0.03059282926065745,0.03059282926065745,0.0
-1.0374999999999996,0.030602882357148933,0.030602882357148933,0.0
-1.0325000000000006,0.02996074081875518,0.02996074081875518,0.0
-1.0274999999999999,0.030000953204721136,0.030000953204721136,0.0
-1.022499999999999,0.029376404585187473,0.029376404585187473,0.0
-1.0175,0.029443006349443576,0.029443006349443576,0.0
-1.0124999999999993,0.02904716567509127,0.02904716567509127,0.0
-1.0075000000000003,0.028627448896571664,0.028627448896571664,0.0
-1.0024999999999995,0.028751855965653817,0.028751855965653817,0.0
-0.9975000000000005,0.028104687879014333,0.028104687879014333,0.0
-0.9924999999999997,0.028175059554454738,0.028175059554454738,0.0
-0.9874999999999989,0.027561820668474,0.027561820668474,0.0
-0.9824999999999999,0.027490192355972155,0.027490192355972155,0.0
-0.9774999999999991,0.027251431314299333,0.027251431314299333,0.0
-0.9725000000000001,0.02703780301385523,0.02703780301385523,0.0
-0.9674999999999994,0.02659923667941409,0.02659923667941409,0.0
-0.9625000000000004,0.026781449053322293,0.026781449053322293,0.0
-0.9574999999999996,0.026080245573041057,0.026080245573041057,0.0
-0.9525000000000006,0.025955838503958897,0.025955838503958897,0.0
-0.9474999999999998,0.02614307742611285,0.02614307742611285,0.0
-0.942499999999999,0.02499576778902186,0.02499576778902186,0.0
-0.9375,0.02565801552039859,0.02565801552039859,0.0
-0.9324999999999992,0.025017130619066266,0.025017130619066266,0.0
-0.9275000000000002,0.02466652887892564,0.02466652887892564,0.0
-0.9224999999999994,0.025233272193633246,0.025233272193633246,0.0
-0.9175000000000004,0.023610953747319474,0.023610953747319474,0.0
-0.9124999999999996,0.024635112952389748,0.024635112952389748,0.0
-0.9075000000000006,0.02406082981531353,0.02406082981531353,0.0
-0.9024999999999999,0.023279201563100385,0.023279201563100385,0.0
-0.8974999999999991,0.02410104220127948,0.02410104220127948,0.0
-0.8925000000000001,0.022806706028000487,0.022806706028000487,0.0
-0.8874999999999993,0.023192493605861314,0.023192493605861314,0.0
-0.8825000000000003,0.02339983872099824,0.02339983872099824,0.0
-0.8774999999999995,0.021982352115698524,0.021982352115698524,0.0
-0.8725000000000005,0.022841891865720693,0.022841891865720693,0.0
-0.8674999999999997,0.022477467117904274,0.022477467117904274,0.0
-0.8624999999999989,0.02155635215187175,0.02155635215187175,0.0
-0.8574999999999999,0.022192210504958322,0.022192210504958322,0.0
-0.8524999999999991,0.02191198044025812,0.02191198044025812,0.0
-0.8475000000000001,0.021013484941331432,0.021013484941331432,0.0
-0.8424999999999994,0.021503573395291443,0.021503573395291443,0.0
-0.8375000000000004,0.02145707782401831,0.02145707782401831,0.0
-0.8324999999999996,0.020505803568511324,0.020505803568511324,0.0
-0.8275000000000006,0.02075210443255276,0.02075210443255276,0.0
-0.8224999999999998,0.020873998227512045,0.020873998227512045,0.0
-0.817499999999999,0.02022683014087255,0.02022683014087255,0.0
-0.8125,0.01991769742375931,0.01991769742375931,0.0
-0.8074999999999992,0.020422865522456552,0.020422865522456552,0.0
-0.8025000000000002,0.019895077956653465,0.019895077956653465,0.0
-0.7974999999999994,0.01940750277681633,0.01940750277681633,0.0
-0.7925000000000004,0.019525626660591308,0.019525626660591308,0.0
-0.7874999999999996,0.019560812498311514,0.019560812498311514,0.0
-0.7825000000000006,0.018922440871102068,0.018922440871102068,0.0
-0.7774999999999999,0.019045591303122788,0.019045591303122788,0.0
-0.7724999999999991,0.01916622846102064,0.01916622846102064,0.0
-0.7675000000000001,0.018246370132049543,0.018246370132049543,0.0
-0.7624999999999993,0.018728918763640936,0.018728918763640936,0.0
-0.7575000000000003,0.01851906037438114,0.01851906037438114,0.0
-0.7524999999999995,0.017943520600243488,0.017943520600243488,0.0
-0.7475000000000005,0.01784801618357436,0.01784801618357436,0.0
-0.7424999999999997,0.018335591363411497,0.018335591363411497,0.0
-0.7374999999999989,0.01749364453224943,0.01749364453224943,0.0
-0.7324999999999999,0.0174785648875122,0.0174785648875122,0.0
-0.7274999999999991,0.017589148948918557,0.017589148948918557,0.0
-0.7225000000000001,0.01761176841602441,0.01761176841602441,0.0
-0.7174999999999994,0.016764795036616594,0.016764795036616594,0.0
-0.7125000000000004,0.016753485303063673,0.016753485303063673,0.0
-0.7074999999999996,0.017231007386409324,0.017231007386409324,0.0
-0.7025000000000006,0.016909308298681727,0.016909308298681727,0.0
-0.6974999999999998,0.01626716676028797,0.01626716676028797,0.0
-0.692499999999999,0.01618799862541751,0.01618799862541751,0.0
-0.6875,0.01672081273946634,0.01672081273946634,0.0
-0.6824999999999992,0.016337538435728383,0.016337538435728383,0.0
-0.6775000000000002,0.01567906061553596,0.01567906061553596,0.0
-0.6724999999999994,0.01579467122518807,0.01579467122518807,0.0
-0.6675000000000004,0.016130193320591457,0.016130193320591457,0.0
-0.6624999999999996,0.01567906061553596,0.01567906061553596,0.0
-0.6575000000000006,0.0153272022383339,0.0153272022383339,0.0
-0.6524999999999999,0.01543275975149452,0.01543275975149452,0.0
-0.6474999999999991,0.015358618164869803,0.015358618164869803,0.0
-0.6425000000000001,0.01525808719995493,0.01525808719995493,0.0
-0.6374999999999993,0.014966547401701794,0.014966547401701794,0.0
-0.6325000000000003,0.015051998721879437,0.015051998721879437,0.0
-0.6274999999999995,0.014661184595772866,0.014661184595772866,0.0
-0.6225000000000005,0.014568193453226607,0.014568193453226607,0.0
-0.6174999999999997,0.014726529722967535,0.014726529722967535,0.0
-0.6124999999999989,0.014771768657179227,0.014771768657179227,0.0
-0.6074999999999999,0.014315609403877985,0.014315609403877985,0.0
-0.6024999999999991,0.013802901482812128,0.013802901482812128,0.0
-0.5975000000000001,0.014182405875365778,0.014182405875365778,0.0
-0.5924999999999994,0.014597096105639636,0.014597096105639636,0.0
-0.5875000000000004,0.013755149274477563,0.013755149274477563,0.0
-0.5824999999999996,0.01353146787754197,0.01353146787754197,0.0
-0.5775000000000006,0.013786565201013463,0.013786565201013463,0.0
-0.5724999999999998,0.01384939705408526,0.01384939705408526,0.0
-0.567499999999999,0.013790335112197773,0.013790335112197773,0.0
-0.5625,0.013219821886305862,0.013219821886305862,0.0
-0.5574999999999992,0.012900636072701137,0.012900636072701137,0.0
-0.5525000000000002,0.01360058291592095,0.01360058291592095,0.0
-0.5474999999999994,0.013258777635210378,0.013258777635210378,0.0
-0.5425000000000004,0.013173326315032735,0.013173326315032735,0.0
-0.5374999999999996,0.012717167061731495,0.012717167061731495,0.0
-0.5325000000000006,0.012690777683441335,0.012690777683441335,0.0
-0.5274999999999999,0.01296095465165006,0.01296095465165006,0.0
-0.5224999999999991,0.013045149334766271,0.013045149334766271,0.0
-0.5175000000000001,0.01233012284680923,0.01233012284680923,0.0
-0.5124999999999993,0.012585220170280723,0.012585220170280723,0.0
-0.5075000000000003,0.012387928151635282,0.012387928151635282,0.0
-0.5024999999999995,0.012199432592419894,0.012199432592419894,0.0
-0.4975000000000005,0.012610352911509439,0.012610352911509439,0.0
-0.4924999999999997,0.011829981296357735,0.011829981296357735,0.0
-0.48749999999999893,0.012303733468519077,0.012303733468519077,0.0
-0.48249999999999993,0.012139114013470969,0.012139114013470969,0.0
-0.47749999999999915,0.01182118483692768,0.01182118483692768,0.0
-0.47250000000000014,0.011704317590214142,0.011704317590214142,0.0
-0.46749999999999936,0.01158493706937773,0.01158493706937773,0.0
-0.46250000000000036,0.012069998975091995,0.012069998975091995,0.0
-0.4574999999999996,0.011736990153811477,0.011736990153811477,0.0
-0.45250000000000057,0.011851344126402145,0.011851344126402145,0.0
-0.4474999999999998,0.0111011318007249,0.0111011318007249,0.0
-0.442499999999999,0.010941538893922539,0.010941538893922539,0.0
-0.4375,0.011343662753582033,0.011343662753582033,0.0
-0.4324999999999992,0.01173824679087291,0.01173824679087291,0.0
-0.4275000000000002,0.011684211397231165,0.011684211397231165,0.0
-0.42249999999999943,0.01111369817133926,0.01111369817133926,0.0
-0.4175000000000004,0.010456476988208273,0.010456476988208273,0.0
-0.41249999999999964,0.010505485833604278,0.010505485833604278,0.0
-0.40750000000000064,0.010931485797431053,0.010931485797431053,0.0
-0.40249999999999986,0.011558547691087575,0.011558547691087575,0.0
-0.3974999999999991,0.011491945926831471,0.011491945926831471,0.0
-0.39250000000000007,0.010567061049614634,0.010567061049614634,0.0
-0.3874999999999993,0.009878423939947752,0.009878423939947752,0.0
-0.3825000000000003,0.010167450464078014,0.010167450464078014,0.0
-0.3774999999999995,0.010423804424610938,0.010423804424610938,0.0
-0.3725000000000005,0.011272034441080186,0.011272034441080186,0.0
-0.3674999999999997,0.011177786661472492,0.011177786661472492,0.0
-0.36249999999999893,0.010371025668030632,0.010371025668030632,0.0
-0.35749999999999993,0.009593167327001799,0.009593167327001799,0.0
-0.35249999999999915,0.009535362022175746,0.009535362022175746,0.0
-0.34750000000000014,0.010019167290828575,0.010019167290828575,0.0
-0.34249999999999936,0.010866140670236384,0.010866140670236384,0.0
-0.33750000000000036,0.010842264566069099,0.010842264566069099,0.0
-0.3324999999999996,0.010257928332501401,0.010257928332501401,0.0
-0.32750000000000057,0.009520282377438518,0.009520282377438518,0.0
-0.3224999999999998,0.008896990394966301,0.008896990394966301,0.0
-0.317499999999999,0.009594423964063235,0.009594423964063235,0.0
-0.3125,0.010259184969562837,0.010259184969562837,0.0
-0.3074999999999992,0.0104853796406213,0.0104853796406213,0.0
-0.3025000000000002,0.010237822139518425,0.010237822139518425,0.0
-0.29749999999999943,0.00970375138840816,0.00970375138840816,0.0
-0.2925000000000004,0.008552671840132857,0.008552671840132857,0.0
-0.28749999999999964,0.008886937298474814,0.008886937298474814,0.0
-0.28250000000000064,0.009566777948711644,0.009566777948711644,0.0
-0.27749999999999986,0.01003927348381155,0.01003927348381155,0.0
-0.2724999999999991,0.010502972559481405,0.010502972559481405,0.0
-0.26750000000000007,0.009589397415817491,0.009589397415817491,0.0
-0.2624999999999993,0.00866702581272353,0.00866702581272353,0.0
-0.2575000000000003,0.008536335558334192,0.008536335558334192,0.0
-0.2524999999999995,0.008726087754611016,0.008726087754611016,0.0
-0.2475000000000005,0.009062866487075842,0.009062866487075842,0.0
-0.24249999999999972,0.009855804472841906,0.009855804472841906,0.0
-0.23749999999999893,0.01041123805399658,0.01041123805399658,0.0
-0.23249999999999993,0.009104335510103229,0.009104335510103229,0.0
-0.22749999999999915,0.008256105493633982,0.008256105493633982,0.0
-0.22250000000000014,0.008385539110961881,0.008385539110961881,0.0
-0.21749999999999936,0.008308884250214291,0.008308884250214291,0.0
-0.21250000000000036,0.00865445944210917,0.00865445944210917,0.0
-0.20749999999999957,0.009588140778756055,0.009588140778756055,0.0
-0.20250000000000057,0.010049326580303037,0.010049326580303037,0.0
-0.1974999999999998,0.008831645267771634,0.008831645267771634,0.0
-0.192499999999999,0.008282494871924135,0.008282494871924135,0.0
-0.1875,0.008063840023234289,0.008063840023234289,0.0
-0.18249999999999922,0.00807514975678721,0.00807514975678721,0.0
-0.1775000000000002,0.008134211698674697,0.008134211698674697,0.0
-0.17249999999999943,0.009160884177867843,0.009160884177867843,0.0
-0.16750000000000043,0.00943357442019944,0.00943357442019944,0.0
-0.16249999999999964,0.008927149684440762,0.008927149684440762,0.0
-0.15750000000000064,0.008239769211835316,0.008239769211835316,0.0
-0.15249999999999986,0.008029910822575516,0.008029910822575516,0.0
-0.14749999999999908,0.007835132078052953,0.007835132078052953,0.0
-0.14250000000000007,0.007852724996913054,0.007852724996913054,0.0
-0.1374999999999993,0.008597910774344554,0.008597910774344554,0.0
-0.13250000000000028,0.008719804569303836,0.008719804569303836,0.0
-0.1274999999999995,0.008678335546276452,0.008678335546276452,0.0
-0.1225000000000005,0.0082322293894667,0.0082322293894667,0.0
-0.11749999999999972,0.007880371012264643,0.007880371012264643,0.0
-0.11249999999999893,0.008091486038585876,0.008091486038585876,0.0
-0.10749999999999993,0.007859008182220234,0.007859008182220234,0.0
-0.10249999999999915,0.007774813499104025,0.007774813499104025,0.0
-0.09750000000000014,0.008291291331354188,0.008291291331354188,0.0
-0.09249999999999936,0.008190760366439316,0.008190760366439316,0.0
-0.08750000000000036,0.008022371000206904,0.008022371000206904,0.0
-0.08249999999999957,0.007852724996913054,0.007852724996913054,0.0
-0.07750000000000057,0.007782353321472643,0.007782353321472643,0.0
-0.07249999999999979,0.007848955085728743,0.007848955085728743,0.0
-0.067499999999999,0.008067609934418596,0.008067609934418596,0.0
-0.0625,0.00783890198923726,0.00783890198923726,0.0
-0.05749999999999922,0.007735857750199514,0.007735857750199514,0.0
-0.05250000000000021,0.0074531144113764315,0.0074531144113764315,0.0
-0.04749999999999943,0.007783609958534078,0.007783609958534078,0.0
-0.042500000000000426,0.007590087851072947,0.007590087851072947,0.0
-0.037499999999999645,0.007630300237038896,0.007630300237038896,0.0
-0.03250000000000064,0.007744654209629563,0.007744654209629563,0.0
-0.027499999999999858,0.008092742675647314,0.008092742675647314,0.0
-0.022499999999999076,0.00764160997059182,0.00764160997059182,0.0
-0.01750000000000007,0.007092459574744324,0.007092459574744324,0.0
-0.01249999999999929,0.007092459574744322,0.007092459574744322,0.0
-0.007500000000000284,0.0074732206043594054,0.0074732206043594054,0.0
-0.0024999999999995026,0.007688105541864949,0.007688105541864949,0.0
0.0024999999999995026,0.007373946276505969,0.007373946276505969,0.0
0.007500000000000284,0.007373946276505969,0.007373946276505969,0.0
0.012500000000001066,0.008222176292975216,0.008222176292975216,0.0
0.01750000000000007,0.0074254683960248416,0.0074254683960248416,0.0
0.022500000000000853,0.00663755695850452,0.00663755695850452,0.0
0.027499999999999858,0.006545822453019699,0.006545822453019699,0.0
0.03250000000000064,0.0074041055659804286,0.0074041055659804286,0.0
0.037499999999999645,0.0075222294497554075,0.0075222294497554075,0.0
0.042500000000000426,0.007517202901509664,0.007517202901509664,0.0
0.04749999999999943,0.0071163356789116046,0.0071163356789116046,0.0
0.05250000000000021,0.007474477241420843,0.007474477241420843,0.0
0.057500000000000995,0.007729574564892333,0.007729574564892333,0.0
0.0625,0.006558388823634059,0.006558388823634059,0.0
0.06750000000000078,0.006242972921213641,0.006242972921213641,0.0
0.07249999999999979,0.00628946849248677,0.00628946849248677,0.0
0.07750000000000057,0.007427981670147713,0.007427981670147713,0.0
0.08249999999999957,0.007818795796254285,0.007818795796254285,0.0
0.08750000000000036,0.007466937419052226,0.007466937419052226,0.0
0.09249999999999936,0.007040937455225451,0.007040937455225451,0.0
0.09750000000000014,0.006841132162457138,0.006841132162457138,0.0
0.10250000000000092,0.006983132150399397,0.006983132150399397,0.0
0.10749999999999993,0.006640070232627392,0.006640070232627392,0.0
0.11250000000000071,0.005780530482605224,0.005780530482605224,0.0
0.11749999999999972,0.006229149913537847,0.006229149913537847,0.0
0.1225000000000005,0.006942919764433448,0.006942919764433448,0.0
0.1274999999999995,0.007850211722790181,0.007850211722790181,0.0
0.13250000000000028,0.007791149780902694,0.007791149780902694,0.0
0.13750000000000107,0.00689893746728319,0.00689893746728319,0.0
0.14250000000000007,0.006444034851043389,0.006444034851043389,0.0
0.14750000000000085,0.006291981766609643,0.006291981766609643,0.0
0.15249999999999986,0.006329680878452719,0.006329680878452719,0.0
0.15750000000000064,0.006038141080199587,0.006038141080199587,0.0
0.16249999999999964,0.005891114544011584,0.005891114544011584,0.0
0.16750000000000043,0.006447804762227697,0.006447804762227697,0.0
0.17249999999999943,0.007194247176720634,0.007194247176720634,0.0
0.1775000000000002,0.008009804629592544,0.008009804629592544,0.0
0.182500000000001,0.0071213622271573485,0.0071213622271573485,0.0
0.1875,0.006574725105432726,0.006574725105432726,0.0
0.19250000000000078,0.005995415420110766,0.005995415420110766,0.0
0.1974999999999998,0.00579686676440389,0.00579686676440389,0.0
0.20250000000000057,0.006013008338970869,0.006013008338970869,0.0
0.20749999999999957,0.005776760571420916,0.005776760571420916,0.0
0.21250000000000036,0.005804406586772506,0.005804406586772506,0.0
0.21749999999999936,0.0067204950045592895,0.0067204950045592895,0.0
0.22250000000000014,0.007220636555010786,0.007220636555010786,0.0
0.22750000000000092,0.007352583446461557,0.007352583446461557,0.0
0.23249999999999993,0.006706671996883495,0.006706671996883495,0.0
0.2375000000000007,0.006577238379555598,0.006577238379555598,0.0
0.24249999999999972,0.005932583567038969,0.005932583567038969,0.0
0.2475000000000005,0.0054098225494816285,0.0054098225494816285,0.0
0.2524999999999995,0.00573277827427066,0.00573277827427066,0.0
0.2575000000000003,0.005445008387201834,0.005445008387201834,0.0
0.26250000000000107,0.005884831358704404,0.005884831358704404,0.0
0.26750000000000007,0.006485503874070776,0.006485503874070776,0.0
0.27250000000000085,0.006632530410258777,0.006632530410258777,0.0
0.27749999999999986,0.0067695038499552915,0.0067695038499552915,0.0
0.28250000000000064,0.006821025969474166,0.006821025969474166,0.0
0.28749999999999964,0.00662876049907447,0.00662876049907447,0.0
0.2925000000000004,0.006107256118578564,0.006107256118578564,0.0
0.29749999999999943,0.005448778298386142,0.005448778298386142,0.0
0.3025000000000002,0.005240176546187779,0.005240176546187779,0.0
0.307500000000001,0.005290442028645216,0.005290442028645216,0.0
0.3125,0.005532972981502348,0.005532972981502348,0.0
0.3175000000000008,0.0060142649760323045,0.0060142649760323045,0.0
0.3224999999999998,0.006170087971650359,0.006170087971650359,0.0
0.32750000000000057,0.005948919848837637,0.005948919848837637,0.0
0.3324999999999996,0.006719238367497855,0.006719238367497855,0.0
0.33750000000000036,0.006908990563774677,0.006908990563774677,0.0
0.34249999999999936,0.006599857846661442,0.006599857846661442,0.0
0.34750000000000014,0.005614654390495682,0.005614654390495682,0.0
0.3525000000000009,0.005065503994648187,0.005065503994648187,0.0
0.35749999999999993,0.004893344717231465,0.004893344717231465,0.0
0.3625000000000007,0.005266565924477933,0.005266565924477933,0.0
0.3674999999999997,0.005532972981502348,0.005532972981502348,0.0
0.3725000000000005,0.0054764243137377325,0.0054764243137377325,0.0
0.3774999999999995,0.005622194212864298,0.005622194212864298,0.0
0.3825000000000003,0.006009238427786561,0.006009238427786561,0.0
0.38750000000000107,0.00659734457253857,0.00659734457253857,0.0
0.39250000000000007,0.006744371108726574,0.006744371108726574,0.0
0.39750000000000085,0.006562158734818365,0.006562158734818365,0.0
0.40249999999999986,0.005497787143782142,0.005497787143782142,0.0
0.40750000000000064,0.0049272739178902345,0.0049272739178902345,0.0
0.41249999999999964,0.004665893409111565,0.004665893409111565,0.0
0.4175000000000004,0.004770194285210745,0.004770194285210745,0.0
0.42249999999999943,0.005171061507808804,0.005171061507808804,0.0
0.4275000000000002,0.004963716392671878,0.004963716392671878,0.0
0.432500000000001,0.005560618996853939,0.005560618996853939,0.0
0.4375,0.006046937539629638,0.006046937539629638,0.0
0.4425000000000008,0.006260565840073747,0.006260565840073747,0.0
0.4474999999999998,0.006357326893804311,0.006357326893804311,0.0
0.45250000000000057,0.006322141056084104,0.006322141056084104,0.0
0.4574999999999996,0.0054223889200959875,0.0054223889200959875,0.0
0.46250000000000036,0.005296725213952395,0.005296725213952395,0.0
0.46749999999999936,0.005050424349910956,0.005050424349910956,0.0
0.47250000000000014,0.0041318226580012996,0.0041318226580012996,0.0
0.4775000000000009,0.004363043877305509,0.004363043877305509,0.0
0.48249999999999993,0.0047965836635009,0.0047965836635009,0.0
0.4875000000000007,0.00540605263829732,0.00540605263829732,0.0
0.4924999999999997,0.005725238451902043,0.005725238451902043,0.0
0.4975000000000005,0.005649840228215889,0.005649840228215889,0.0
0.5024999999999995,0.006035627806076716,0.006035627806076716,0.0
0.5075000000000003,0.0059200171964246115,0.0059200171964246115,0.0
0.5125000000000011,0.0055090968773350655,0.0055090968773350655,0.0
0.5175000000000001,0.0053381942369797805,0.0053381942369797805,0.0
0.5225000000000009,0.005113256202982752,0.005113256202982752,0.0
0.5274999999999999,0.0049787960374091085,0.0049787960374091085,0.0
0.5325000000000006,0.00415946867335289,0.00415946867335289,0.0
0.5374999999999996,0.003926990816987244,0.003926990816987244,0.0
0.5425000000000004,0.004762654462842131,0.004762654462842131,0.0
0.5474999999999994,0.005608371205188503,0.005608371205188503,0.0
0.5525000000000002,0.005544282715055271,0.005544282715055271,0.0
0.557500000000001,0.00568628270299753,0.00568628270299753,0.0
0.5625,0.0049863358597777244,0.0049863358597777244,0.0
0.5675000000000008,0.005108229654737007,0.005108229654737007,0.0
0.5724999999999998,0.0050064420527606976,0.0050064420527606976,0.0
0.5775000000000006,0.004904654450784389,0.004904654450784389,0.0
0.5824999999999996,0.005363326978208499,0.005363326978208499,0.0
0.5875000000000004,0.004866955338941312,0.004866955338941312,0.0
0.5924999999999994,0.004321574854278124,0.004321574854278124,0.0
0.5975000000000001,0.004030035056024991,0.004030035056024991,0.0
0.6025000000000009,0.004660866860865821,0.004660866860865821,0.0
0.6074999999999999,0.005369610163515678,0.005369610163515678,0.0
0.6125000000000007,0.005487734047290654,0.005487734047290654,0.0
0.6174999999999997,0.005374636711761423,0.005374636711761423,0.0
0.6225000000000005,0.004869468613064184,0.004869468613064184,0.0
0.6274999999999995,0.004531433243537922,0.004531433243537922,0.0
0.6325000000000003,0.004486194309326228,0.004486194309326228,0.0
0.6375000000000011,0.004114229739141197,0.004114229739141197,0.0
0.6425000000000001,0.004136849206247044,0.004136849206247044,0.0
0.6475000000000009,0.004331627950769611,0.004331627950769611,0.0
0.6524999999999999,0.0049071677249072606,0.0049071677249072606,0.0
0.6575000000000006,0.004777734107579362,0.004777734107579362,0.0
0.6624999999999996,0.004865698701879875,0.004865698701879875,0.0
0.6675000000000004,0.004615627926654128,0.004615627926654128,0.0
0.6724999999999994,0.005039114616358031,0.005039114616358031,0.0
0.6775000000000002,0.0053997694529901415,0.0053997694529901415,0.0
0.682500000000001,0.004866955338941312,0.004866955338941312,0.0
0.6875,0.004923504006705928,0.004923504006705928,0.0
0.6925000000000008,0.004593008459548282,0.004593008459548282,0.0
0.6974999999999998,0.0041242828356326845,0.0041242828356326845,0.0
0.7025000000000006,0.0033263183016208763,0.0033263183016208763,0.0
0.7074999999999996,0.0031441059277126683,0.0031441059277126683,0.0
0.7125000000000004,0.003761114724877704,0.003761114724877704,0.0
0.7174999999999994,0.004027521781902119,0.004027521781902119,0.0
0.7225000000000001,0.004272566008882123,0.004272566008882123,0.0
0.7275000000000009,0.00456284917007382,0.00456284917007382,0.0
0.7324999999999999,0.004794070389378028,0.004794070389378028,0.0
0.7375000000000007,0.005368353526454242,0.005368353526454242,0.0
0.7424999999999997,0.004987592496839159,0.004987592496839159,0.0
0.7475000000000005,0.004849362420081209,0.004849362420081209,0.0
0.7524999999999995,0.005114512840044188,0.005114512840044188,0.0
0.7575000000000003,0.005006442052760698,0.005006442052760698,0.0
0.7625000000000011,0.004412052722701509,0.004412052722701509,0.0
0.7675000000000001,0.0034896811196075453,0.0034896811196075453,0.0
0.7725000000000009,0.0031365661053440524,0.0031365661053440524,0.0
0.7774999999999999,0.0030737342522722567,0.0030737342522722567,0.0
0.7825000000000006,0.003015928947446204,0.003015928947446204,0.0
0.7874999999999996,0.0030410616886749225,0.0030410616886749225,0.0
0.7925000000000004,0.0032433802555661053,0.0032433802555661053,0.0
0.7974999999999994,0.0035914687215838543,0.0035914687215838543,0.0
0.8025000000000002,0.004216017341117506,0.004216017341117506,0.0
0.807500000000001,0.004557822621828076,0.004557822621828076,0.0
0.8125,0.004594265096609718,0.004594265096609718,0.0
0.8175000000000008,0.004792813752316592,0.004792813752316592,0.0
0.8224999999999998,0.005125822573597111,0.005125822573597111,0.0
0.8275000000000006,0.004929787192013108,0.004929787192013108,0.0
0.8324999999999996,0.005221326990266241,0.005221326990266241,0.0
0.8375000000000004,0.005007698689822135,0.005007698689822135,0.0
0.8424999999999994,0.004314035031909508,0.004314035031909508,0.0
0.8475000000000001,0.003786247466106423,0.003786247466106423,0.0
0.8525000000000009,0.0024956812040117346,0.0024956812040117346,0.0
0.8574999999999999,0.0019289378893041348,0.0019289378893041348,0.0
0.8625000000000007,0.0019452741711028013,0.0019452741711028013,0.0
0.8674999999999997,0.0019678936382086483,0.0019678936382086483,0.0
0.8725000000000005,0.002415256432079835,0.002415256432079835,0.0
0.8774999999999995,0.0032408669814432338,0.0032408669814432338,0.0
0.8825000000000003,0.002803557284063534,0.002803557284063534,0.0
0.8875000000000011,0.002486884744581683,0.002486884744581683,0.0
0.8925000000000001,0.0029882829320946143,0.0029882829320946143,0.0
0.8975000000000009,0.0038314864003181153,0.0038314864003181153,0.0
0.9024999999999999,0.005068017268771059,0.005068017268771059,0.0
0.9075000000000006,0.00561591102755712,0.00561591102755712,0.0
0.9124999999999996,0.005411079186543066,0.005411079186543066,0.0
0.9175000000000004,0.005911220736994561,0.005911220736994561,0.0
0.9224999999999994,0.00580691986089538,0.00580691986089538,0.0
0.9275000000000002,0.00525274291680214,0.00525274291680214,0.0
0.932500000000001,0.004317804943093817,0.004317804943093817,0.0
0.9375,0.003179291765432874,0.003179291765432874,0.0
0.9425000000000008,0.002210424591065781,0.002210424591065781,0.0
0.9474999999999998,0.0017781414419318243,0.0017781414419318243,0.0
0.9525000000000006,0.0014049202346853567,0.0014049202346853567,0.0
0.9574999999999996,0.000848230016469245,0.000848230016469245,0.0
0.9625000000000004,0.000322955724789031,0.000322955724789031,0.0
0.9674999999999994,0.0004976282763286237,0.0004976282763286237,0.0
0.9725000000000001,0.0006685309166839087,0.0006685309166839087,0.0
0.9775000000000009,0.0009010087730495535,0.0009010087730495535,0.0
0.9824999999999999,0.0012440706908215594,0.0012440706908215594,0.0
0.9875000000000007,0.0014514158059584859,0.0014514158059584859,0.0
0.9924999999999997,0.0020244423059732645,0.0020244423059732645,0.0
0.9975000000000005,0.002562282968267838,0.002562282968267838,0.0
1.0024999999999995,0.003472088200747443,0.003472088200747443,0.0
1.0075000000000003,0.0036982828718059085,0.0036982828718059085,0.0
1.012500000000001,0.00459049518542541,0.00459049518542541,0.0
1.0175,0.00560962784224994,0.00560962784224994,0.0
1.0225000000000009,0.007662972800636232,0.007662972800636232,0.0
1.0274999999999999,0.009550441666912981,0.009550441666912981,0.0
1.0325000000000006,0.011070972511250443,0.011070972511250443,0.0
1.0374999999999996,0.006235433098845029,0.006235433098845029,0.0
1.0425000000000004,0.0009349379737083233,0.0009349379737083233,0.0
