32.0 44.0 10000.0 1.0
0.1 0.43993545460327627 9.164521806907229e-6 4.4663933639735245e-6
0.2 0.39260641440946864 1.2429270684069644e-5 4.696802453494827e-6
0.3 0.35382299310146575 1.4713561630310795e-5 4.943699232508438e-6
0.4 0.3210699551899532 1.643161427909785e-5 4.959528440244124e-6
0.5 0.29279401917004283 1.693327232810447e-5 5.091951891818394e-6
0.6 0.26797189921458575 1.7438677567454504e-5 5.343770527843141e-6
0.7 0.24592936011924257 1.7739608267322718e-5 5.518680807726537e-6
0.8 0.2261607771815492 1.8079682972641072e-5 6.046263993310462e-6
0.9 0.20833917646262734 1.84497755905832e-5 6.2706780411014816e-6
1.0 0.1921805812604101 1.8709824827900012e-5 6.438102553525215e-6
1.1 0.1774440982174041 1.9332248306426456e-5 6.655398331276238e-6
1.2 0.16397658752605962 1.999115177027644e-5 6.731531590690127e-6
1.3 0.15164854773980194 1.9736218869327693e-5 6.978298378414921e-6
1.4 0.14032846939866855 2.0092476288355293e-5 7.1825509087846895e-6
1.5 0.12990959633359206 2.08302474798861e-5 7.575608752575434e-6
1.6 0.12032804782086862 2.1051061599262968e-5 8.193693328036443e-6
1.7 0.11151075400175689 2.0527836351295516e-5 8.346524318751759e-6
1.8 0.10335938390753965 2.091078590226348e-5 8.711594025602694e-6
1.9 0.09585032726960101 2.0988575004861765e-5 9.276908314665248e-6
2.0 0.08887697517395446 2.090849868358233e-5 9.43862824860592e-6
2.2 0.07648817363308114 2.1277662098265685e-5 9.502817100430682e-6
2.3 0.07097892117985412 2.131393465614223e-5 9.95655056152226e-6
2.5 0.061150602209220806 2.131310495892002e-5 1.0324926685491538e-5
2.7 0.052700527224869904 2.117811608139393e-5 1.068140221068764e-5
2.9 0.04543991398536228 2.1058337372617396e-5 1.1259208381798542e-5
3.1 0.03919555978408835 2.0639137215088467e-5 1.1405602017390396e-5
3.3 0.03383287839349418 2.0758204014882177e-5 1.1647051254827224e-5
3.5 0.029188913205301082 2.0925955000848276e-5 1.2273594237605714e-5
3.7 0.025208901776349713 2.128243539572036e-5 1.2524321594202658e-5
4.0 0.020205534087458107 2.143262623174165e-5 1.3145963299158286e-5
4.3 0.016210619888158747 2.086483947196576e-5 1.4349153702377903e-5
4.6 0.013001575590403906 1.990203424326997e-5 1.4758586199815002e-5
4.9 0.010443372468885678 2.0929033056170315e-5 1.4921075432987388e-5
5.2 0.008367340142697681 2.046074986210533e-5 1.7641687020761264e-5
5.6 0.006233664343120743 2.0118762837887794e-5 1.8249237249462922e-5
6.0 0.0046626829390843585 1.992777815571521e-5 1.9898865236767225e-5
6.4 0.00347753021871744 1.96262755450041e-5 2.1017156913854007e-5
6.8 0.0026177593122150493 1.969746474812082e-5 2.3787438965626602e-5
7.3 0.0018201993586058696 1.9910232310343286e-5 2.650036313190507e-5
7.8 0.0012514005951727038 2.044470752285405e-5 3.1306651651243323e-5
8.3 0.0008631483405860087 2.0471249322562332e-5 3.5323926515512485e-5
8.9 0.0005538841573359582 2.016171543739739e-5 3.9294133326103616e-5
9.5 0.0003440905731145878 1.9895581031767355e-5 4.794446696013147e-5
10.2 0.00021223792491666512 2.0412355201874258e-5 7.297505318341707e-5
1
-0.04280529460034921
0.05057907451613791
-0.07631028176812642
0.13984848427529975
-0.24279793204154967
0.34674812221061346
-0.309922933965825
0.20261331775405408
-0.11658775380831163
0.0715430847900482
-0.035150250698850666
-0.07278243118910911
0.19135716704763106
-0.2162859530097374
0.20986126916862372
-0.24336930152858496
0.33873550251921347
-0.41394936943237204
0.32374334481679246
-0.13209016392492942
0.09783942101203862
-0.09275258335493593
0.021030162613510716
-0.06206392212554978
0.07231899812204802
-0.02810460944770518
0.034407164237478464
0.0030295033000884534
-0.023399473219395797
0.015185898059957369
-0.0057715932079510125
-0.011025439299523038
0.009484036454841652
-0.01627190767591993
0.025168167253746147
-0.010080873971018374
-0.0010684651561877587
-0.011559066096703756
0.017358613028145772
-0.02405502290772675
0.02177963021838439
-0.018584285109235307
0.011558376834732726
0.0008253665848403468
2
0.013024455656576193
0.040363820029909576
-0.07020874584886112
0.14743649542068385
-0.3230449005805215
0.4104912880954836
-0.3399676014339359
0.24599748915537753
-0.22294690735988015
0.17083955534053535
-0.09927087942028234
0.04637958574272296
-0.016264571985280526
0.058562620721220954
-0.1902054718793244
0.2645535070183277
-0.3463672961690975
0.3629296605090661
-0.19257422327220253
0.006635459142145826
0.07036427304149087
-0.06840368583727525
0.006410961762227729
0.043357442264321845
-0.03107494627229447
-0.02892037261874369
0.0710816571828303
-0.020718630400138976
0.007927714730799193
-0.016627303598691304
-0.017921897214673334
0.05902824313999986
-0.03745414103316919
0.01123440939428999
0.025797884074372904
-0.047040378418039035
-0.013664547905795419
0.01267324555753216
-0.028659861777708826
0.059750040221718675
-0.018780454107786993
-0.012591910763976793
0.011067185037860775
-0.0156701354924884
3
-0.1765323825627344
0.18132651034586278
-0.09352194659163217
0.09272445170047752
-0.05077164154884549
0.02411033245925127
-0.05688215500042574
0.02357464876498069
0.09674738524399334
-0.26036219484589956
0.46080103544566714
-0.5665199084302188
0.35510143838893876
-0.11175308345626056
0.10081913582747802
-0.09393675898104752
-0.047506743701995056
0.18489575594281718
-0.2078392264415882
0.14414628918025338
-0.09371819277782599
0.08530201970540244
-0.06398876091295981
0.09709310986311523
-0.08036519981410699
0.02381191820221649
0.021123732968411562
-0.04590750187402539
0.02045417825740932
-0.017983257774030353
0.027716046883613638
-0.017958988922813345
0.024176568086219975
0.0026624276992480984
-0.011865667971848216
0.004842681791504034
0.006615039586720963
-0.013076506996745068
-0.015273006677500514
0.003979043384423991
-0.014604376953504129
0.014839219503744125
-0.0189300321375557
0.01529756926790949
4
0.1800821125610926
-0.09598072723429815
-0.012132016950577796
-0.025826033987899472
-0.021050465333091798
0.21207886870453846
-0.20216314790609785
-0.06754100829439878
0.31472712416459114
-0.42284320058446895
0.30318136923452815
-0.06900087196935872
-0.17019214039017125
0.3262213810170587
-0.3365980461004108
0.258845682276459
-0.03799305212591635
-0.20522260682849416
0.29979655549806705
-0.177621992777688
0.022325286358719467
0.015911634854498764
0.011147667597766073
-0.03112305571205313
0.007913370322157437
-0.02421601559623497
0.02382515586860578
0.017686330948398443
-0.013077106086591468
-0.006565901816642032
0.022144973052000003
-0.023469870916723912
-0.013447601245482513
-0.0029607806419198438
2.9178056955729033e-6
0.01749459096013685
-0.04045724497701795
0.04409980760352454
-0.03141053825576772
0.0015167446265007406
0.034302572007780724
0.008049247795863777
-0.022418029190190272
-0.007078248050571841
5
0.30218223808850503
-0.4603529387366763
0.5501676787418309
-0.42764835861663003
0.09853265823457402
0.14713992240313864
-0.2085025846345834
0.13340097605790624
-0.03848130398824059
0.012996868874999817
0.03542131132384408
-0.10991717897942818
0.141358322065706
-0.12235799634111977
0.11737050438059117
-0.06365986478174375
-0.03152492098902406
0.052336514715156664
-0.06965511200897248
0.09306490989580117
-0.11638640479515487
0.08082223829057546
0.02291512672578191
0.017889954417241165
-0.02093371576736256
-0.002247371890435372
0.001054027709652934
-0.023932400420712548
-0.0013174626020387244
0.0016500789175278314
-0.0038815479464949813
-0.03062644875097053
0.0710642594819389
-0.04230937456576937
0.025641782299535495
0.007886577476328545
-0.013202259595648184
0.021823909306768616
-0.04007878100081031
0.01688215120691096
0.016489102038242318
-0.009329913141294482
0.009555251330664897
-0.01007510978768449
6
0.20781303152202338
-0.18394331210615344
-0.007564359518522125
0.20285371995046225
-0.2918202610386932
0.12213377705706266
0.16913318619247544
-0.4249683351020111
0.40427267020195035
-0.07515090882168543
-0.14663158304208332
0.06799525322291093
0.19981324224242517
-0.41061483532619963
0.1919080806574867
0.14953439691476425
-0.20678190422061862
0.06639314096692439
0.024711675599692565
-0.012849797035304705
0.06841650371598151
-0.12631991792989025
0.08590551000822144
-0.01745859542310857
0.010283411580787062
-0.03236455885897392
-0.0457477144639098
0.11665272275113228
-0.06271612119546348
0.05869629454506593
-0.053629866602005874
0.04705018954323367
-0.038740732908361955
-0.00046013343579866885
0.0014080703087568812
-0.011236623435685886
-0.011326760927588529
0.010724361282420653
-0.01111074762279712
-0.024638794990076877
0.017099310248952677
0.019465692266370585
-0.017900330915922434
0.019561358110179203
7
-0.02725471538415964
-0.026695716924154473
0.0473493351005141
-0.07812875540142226
0.1286693983653357
-0.24374628972961349
0.1806539307770792
0.09123155823583433
-0.24815090294604847
0.21803103820458983
0.027579453732955797
-0.2777385276511249
0.3233525313552263
-0.15922408334644433
-0.15629287143737744
0.3779967460903726
-0.25182656553756744
-0.09325108798082624
0.38212728468698587
-0.33351689510394966
0.1562519804076865
-0.07243978736497603
-0.02978323049339139
0.08497350256438169
-0.09884891140118068
0.020581490316506898
0.03033277249563075
0.009969687292525025
-0.010529947921676821
-0.0075374034883805875
0.004376290858422745
0.04674494661060695
-0.04224024621090207
-0.004211412732487025
-0.0001004714359517905
-0.014724856142748655
0.028134299963120876
-0.02552025163406814
0.027013460706808143
-0.014430784435370627
0.01789758373862161
-0.046521434598232506
0.03765717410442109
-0.003494120910647622
8
0.02593159914923812
-0.08038207644547882
0.15231214145356936
-0.04420733877241889
-0.10276890228159191
0.032055511262656385
0.18118882206747053
-0.17764952916194524
-0.11264849717004091
0.09905683946123056
0.25762182107868803
-0.16528056623472426
-0.15032694745593006
0.16950789803781088
0.026099887623487784
-0.19196966984785122
0.0721058325937793
0.09956723172738009
-0.1074771829272484
-0.05054186354464957
0.5044339177813748
-0.5116008808804415
0.2039758068128396
-0.11572944066392701
0.04737093598046303
-0.09542218993676273
0.13520380887424044
-0.15770549192948494
0.1402354639477016
-0.07691583302150112
0.002699695732242659
0.007868164297893101
0.006149957310829592
-0.00204597159748753
-0.024259306459820988
0.019712968501412124
-0.04147880857363605
0.04020739662852353
-0.006077486004307595
-0.01233561013638956
0.03462944242672586
-0.014282462970331858
-0.005314557750961048
-0.012094545823188772
9
-0.5216957217160677
0.35763306680129003
0.18506894978244004
-0.4280263299021493
0.18492216004797693
0.1901173207757701
-0.143171021971587
-0.11643402916575626
0.21393620686634418
-0.06274805551900008
-0.12563645973454282
0.12408831357017001
0.07623869774705931
-0.1467487968470037
0.01222273835150555
0.14489793365086184
-0.1223221156758501
-0.037699818063548336
0.015291502923299498
0.03799460138366639
0.04592150461554163
-0.11770738454348043
0.12282265210598127
-0.1251195868690712
0.11879800536595858
-0.1238696647888722
0.13240626404074907
-0.09056081464827184
-6.297936404752807e-5
0.034336374285210476
-0.02291738104172541
0.018855783164423177
-0.06462984529510847
0.08646476072315629
-0.054463500997205094
0.0724393842544923
-0.06036936834712803
0.020615601149493745
-0.030423188578313384
-0.0008061824478252519
0.026876967466612892
-0.00012458849913960798
-0.025242828588606315
0.021491799056542717
10
0.01596345370564678
0.01933616477974826
-0.06085966447300348
0.012291356921804154
0.09447444975220495
-0.10707905326525594
-0.06339697519012219
0.20400989907894945
-0.08354577724694119
-0.21952654223227128
0.20574916234345972
0.12319285982711872
-0.25927192402936877
-0.07428983636385958
0.4851183367126236
-0.18210830392584768
-0.3792276424966016
0.27459237110533913
0.2393726139608917
-0.31220515240767255
0.0043612136890694
0.06823766287418502
0.0254746262642647
-0.1694833297084744
0.18782141106368924
-0.1007556095814331
0.011243678975293372
0.0597805866034843
-0.07827041325232713
0.05533898422429667
-0.06094951279851066
0.04937997713883918
-0.015356658067402308
0.020731928639333794
-0.01035832618754385
-0.024305487632977858
0.020514641708043083
0.0035105751744160547
0.01467755142974273
-0.025496327326111762
0.01605300117552763
-0.0016053795697240443
0.00907645383169549
-0.007081508843547379
11
0.22981811397091426
-0.011712834615814575
-0.1619555929853885
0.03701539908470992
0.031187579673498122
-0.03368619169880658
0.05096073428780254
-0.08152629222633949
0.029139443100583515
0.11209915557961435
-0.06974442685656496
-0.06953470236852323
0.09697264230045975
0.01812648988056846
-0.03464193710967021
-0.002800455124654337
-0.01211193176269571
-0.035570430346495076
0.004596987347434734
0.004785965150763061
-0.14177870931522288
0.21686750579055128
-0.11000386565449509
-0.05472530095626589
0.29796784256756964
-0.464155164944073
0.5041656051290107
-0.41867488055024443
0.1686468288055345
0.05418141723465759
-0.09760587155764876
0.05563228131816996
0.033240790267329255
-0.03734067927833031
0.00024429350143738166
0.02652232294937185
-0.04367261402626818
0.023098267808258147
-0.029412222910636564
0.05281359788197634
-0.03881079627941394
-0.0031120637741790034
0.03080354916660847
-0.02996635583990064
12
0.28078013536558133
-0.014847552659315488
-0.2860676912363027
0.03916103651558767
0.39551605299547704
-0.24587582311193387
-0.31291739796403917
0.30483391741396787
0.17652368374598823
-0.2157226324119062
-0.12810876202766625
0.12761962688672576
0.17841761507102788
-0.16991868807604815
-0.026313969901332647
0.050276979043959176
0.05974580228606758
0.007337479331568296
-0.1864112703587507
0.06679825536639929
0.267842103716438
-0.3240346801758593
0.08222181787115503
0.029138276103610385
-0.07936951601436032
0.02459189324639359
0.05415689651661947
-0.0821573156697396
0.062007263822359
0.0053483340578392435
0.004253939580947222
0.00548047617169345
-0.025695661389229935
0.04714030040123699
-0.015673390437984425
-0.02028151129459832
0.023723131052056718
-0.008875851524171545
-0.03537549896868859
-0.005938340505725131
0.009988395644425444
0.021488176852725974
-0.04177756772088793
-0.007665568999060944
13
-0.02966177439378359
0.035106260241406305
0.035471003268255474
-0.08986146102746208
0.01930699835296172
0.10530868247354831
-0.05869146592850995
-0.13493315449576732
0.18532698123399963
0.0034375595332284173
-0.1445083926306375
0.08318962143530875
0.028167577912176014
0.07877793032734211
0.03733899245849968
-0.28976372914162535
0.0401402933539623
0.22058188840100804
0.09750825529577722
-0.34783877512112854
0.2058900380286955
0.07719327740248519
-0.4154463339650311
0.4365102385066491
-0.30159047464249117
0.15637000063329803
0.077242042179793
-0.21318438734374093
0.07718968546174873
0.059658981624573004
-0.04275613308676121
0.024227224512179263
-0.027232859111556894
0.06312574049424395
-0.07450224296521615
0.03273552269699349
-0.053392612111518585
0.038105545199493385
-0.03684372026722058
0.054675569336628205
-0.061438183707741616
0.016141455356712936
0.07147818012441452
-0.027772523613674934
14
-0.03279451007672758
0.01777606245734462
0.10896287041254894
0.004234850926029227
-0.24188735623643218
-0.03247356696966078
0.21102567598027494
0.1827689093728196
-0.15191663798960714
-0.28620787853287133
0.16053774571412222
0.28214962393883347
-0.15961324285653805
-0.2936828174703171
0.1015285322985578
0.1951560716508955
-0.014076871725309009
-0.1751635318526298
0.023236034517697103
0.134089071207203
-0.05489327121131733
0.020023482102830958
-0.04054114177063962
0.11429751502644929
-0.22126010889705267
0.10994500433344968
0.1284762108162467
-0.30198768640956003
0.35408399521587086
-0.27381594341274823
0.14133056034123614
0.050944858100697946
-0.07470550265954078
0.018309797095783127
-0.03046085954040405
0.03771148137723653
-0.03276678089271215
0.04637914746606281
-0.07635622707947137
0.03265928491908483
0.022869265788308283
-0.0007357988828292027
-0.021750698671465854
0.012235695299459396
15
-0.07331950869192472
-0.030948096310027692
0.045011744760555666
0.09310543166732953
-0.04867998736986654
-0.04979368224497211
-0.017283471213378237
0.05503454616100075
0.17564377673589843
-0.036066711771763946
-0.30234916430687897
-0.07608900746288196
0.23795659540930986
0.19006648998333328
-0.04944980455990961
-0.15327877740977305
-0.09996401626860346
0.16054193456224902
0.12113094692142627
-0.17402697770055225
-0.07270394834592453
0.09757751616600611
0.22194304927358025
-0.3361703342977814
0.062240342175042616
0.21174169895816444
-0.1648444803717041
-0.191602196931119
0.4067495386269587
-0.3214821854663196
0.16483991793078936
-0.1573999434865834
0.11286518226434215
-0.09495887995280534
0.07705361769683293
-0.021700186086880322
0.022990708438040693
0.006325121634167007
0.028146856419221284
-0.012281225426871845
-0.025724563615459696
0.06357265972244844
-0.02712893950770318
-0.022326612781359962
16
-0.3678316245174155
-0.35158695591125266
0.3003848133280371
0.32345410378157585
-0.14705903012857235
-0.24372215139668982
-0.007603284516894745
0.24263443897509804
0.12036901552271422
-0.16025928418765648
-0.09197375012724472
0.013117425300200007
0.07696662870831464
0.07436481102874995
-0.13604895021695562
-0.027924497920122086
0.1304675546406228
0.043179805991384226
-0.06322642662389961
-0.06611730044786866
0.017172001791372047
0.04391499172293808
0.04724316672014975
-0.09873464444956509
-0.013145877747443831
-0.07705213134841656
0.16014190707537254
-0.021671905588545114
-0.12055441112514001
0.149376691191792
-0.17181134681845514
0.20865203840393162
-0.23514167411158246
0.2212378388866744
-0.12206356044198764
0.07296717967979749
-0.031027899058227996
-0.0022709179211423936
0.06821585820839868
-0.046081378414861
-0.014134915327034056
-0.012944003023156696
0.0858894292164876
-0.05651876786758683
17
0.25731470639336923
0.09486930540218391
-0.16645019948808276
-0.17200780335277793
0.05921823681279241
0.1494101602731447
0.0464663529878378
-0.07927987700160699
-0.09021151715434596
0.08401547516279924
0.07046448824054719
-0.03379562287304751
0.06465741155695201
-0.009300342684536722
-0.0777266463063261
-0.12075825336616534
0.060691286143057174
0.08567936451421289
0.06387048544745443
7.7381415952186e-5
-0.19538306818496207
0.03294393363159757
0.16592681794771102
-0.13425618801702965
-0.04827923986405669
0.16295925156425534
-0.14004054187937226
-0.04537513221906812
0.15332209972635552
-0.00984289555209569
-0.14009510692319269
0.3793082334185452
-0.48703770187880335
0.3471963644580532
-0.16208271733034305
0.08642109772486394
-0.10392150047231428
0.023880849436091856
0.14662130315921823
-0.14336762040234105
0.06084483737319594
0.017014975498848096
-0.021777938519569977
-0.00809541492272599
18
0.12330868237960725
0.14748035102507748
0.09874141666676278
-0.19080632628968217
-0.16266228196193958
0.015940615991634946
0.17527623171515605
0.10383864371647251
-0.07093161220938443
-0.23533480838282703
0.007171698206146536
0.12582433068355092
0.17162565156779622
-0.11586933037402178
-0.20888589368494703
0.005391107179292911
0.22641339156540669
0.12935457794639912
-0.18383711153186003
-0.21051082328569515
0.2564304338236776
0.14037432821524565
-0.2937076003249416
-0.0774649055075914
0.3498220182722745
-0.1940897100766662
-0.15229822730163045
0.20583592724984565
0.020399085464488608
-0.13331262129880822
0.09561522202596134
0.0003055272100005795
-0.12095383989291045
0.04560778793185859
0.07356623630263016
-0.10341527738229055
0.12415335694553098
-0.1542786300952099
0.11701543814221348
0.01706750286475375
-0.06732973847587478
0.08381431315837476
-0.08652741504837069
0.06320643162195312
19
0.12598387257527874
0.09055477607975383
-0.07568251248435744
-0.0957765743819605
-0.09245105277959259
0.05297907796035062
0.15741047319756166
0.065175288556363
-0.06911630874682301
-0.07569363888846684
-0.012287894102756247
0.08147549723856069
0.059558107530252063
-0.09677653738996968
-0.10760973217748387
-0.01251640373334848
0.1843272393625684
0.1898172308404887
-0.08145505464090963
-0.27072521450533377
-0.1037747420875589
0.08281025184668693
0.28890872180623306
-0.12450514214526108
-0.2287743121007833
0.06355369194279029
0.31315512428406156
-0.009307780429118435
-0.3461147931885
0.07707062859497983
0.2330514561729267
-0.28633968125576154
0.1627593182829362
0.0003572746987623242
-0.19486329921687262
0.27563518105405094
-0.1504592113137367
-0.032391907275439315
0.043182211322408515
-0.12156038660391812
0.11138025776774099
-0.019186459933184657
-0.0290654325799441
0.034905238601997894
20
-0.09663375762706686
-0.056781494851258794
-0.0471721192301617
0.039434936759412106
0.11177798622657494
0.05738062556311785
0.010123373056302044
-0.06824892732006911
-0.13257436101851572
-0.04729389750805524
0.1794303622600315
0.140113121560901
0.024477491758636064
-0.2340550105029342
-0.1901855345405746
0.051961014530163115
0.2105421021616791
0.13311836800979637
-0.0446987193329308
-0.18427278407588707
-0.009512557714509663
0.06700257456349092
0.11400398091632631
-0.12362150914109245
0.01724604438616969
0.11271616236099066
-0.17862795515697302
-0.06464707755062625
0.13473167534875718
0.20209222724147746
-0.4153901412587967
0.18503733188907834
0.23439925758507973
-0.3325458107129624
0.11169666236216816
0.11586200796388846
-0.19621710315369378
0.131346091701828
-0.15719806133778902
0.19827985954346236
-0.1712718804680974
0.09592669324854709
-0.03910829530210863
-0.014548048642370554
21
-0.140246825690875
-0.2527377874148784
-0.062226038232765214
0.20565763925712713
0.2366003133243159
0.04071360228690048
-0.21787671765624733
-0.1834674167671449
-0.05879334509195234
0.17811468225509147
0.15575613160066606
0.031853506852633946
-0.07988833366237043
-0.1980963690131562
-0.017819922005354833
0.10455639733190007
0.05077577578718768
0.04117871478124758
-0.06406781518514827
-0.05656019560617091
0.08081561370738839
0.11424428318473874
-0.18276853055213982
0.002257659311025372
0.19459457163243882
-0.0999336300862405
-0.1553819544442527
0.0928778067332432
0.15986421979101165
-0.23061487893249294
0.24100044992903694
-0.197875655873938
-0.0007176060491439066
0.16992390764338003
-0.2891779938249139
0.32978242357232296
-0.20862837186164393
0.1075117516726777
0.02219145257003226
-0.07061339044848142
0.07137545714016737
-0.036586432757535876
0.05265882708467309
-0.04467416007330404
22
0.0020010808853114063
-0.004818653790987827
0.0073495168176605135
-0.0032388227872141833
-0.03818500643455006
0.05501849324430996
-0.006005077491893034
-0.01824391027046607
-0.04099439147313177
-0.05287599515637569
0.05040547696143266
0.07011769006158
0.010802341993136474
-0.008507430003637007
-0.02912444043166635
0.06131007104314561
-0.10620294651869926
-0.06987890201176829
-0.05092330235416578
0.09161543635832485
0.11853410519934816
0.04730670201911038
-0.1428712519979528
-0.07697100136882139
0.07583307119109783
0.1896634228605881
-0.10511593679230354
-0.2387540228366528
0.12764091884925338
0.26481058307899363
-0.2726434247897355
-0.1077454113960329
0.2693184732101075
-0.026355061670563278
-0.17332603270817754
0.08407185257901208
0.20208193445520858
-0.35901556400772666
0.3568291254871138
-0.3433381662060214
0.2705741124693342
-0.12008398054637588
0.058503922493775264
-0.1004340519300143
23
0.11025375078545013
0.1011778057540217
0.008708744422537561
-0.06427130263269368
-0.1662802603470818
-0.04388374729213208
0.17441948484888056
0.21358212984339728
-0.05392119228230542
-0.12694557188070552
-0.17205505602491827
-0.04359723643857251
0.1585334826546703
0.20862613291035662
0.04040752142157456
-0.08707936546932966
-0.23176982757560893
-0.13640469712383413
0.07546904830307277
0.22750673387399364
0.10514591471754461
-0.08165772002720033
-0.17192028020558306
0.018385089270862902
0.12348223551993619
-0.012441305279157197
-0.14106253535474236
0.10386706890649879
0.01821362896559947
0.12968044980288035
-0.14809168226612057
-0.08700613611494798
0.1052899399047098
0.0295679676948263
-0.2529656413144664
0.36892285437879957
-0.3572333120012201
0.2513675149243674
-0.12066102743384736
0.013680355616737553
-0.049487873926035396
0.1547223879989841
-0.13580086505809527
0.08256428790111549
24
-0.1150977643643479
-0.14012007183245942
-0.07802193307965086
0.021339067949211303
0.09494443014687305
0.11767936759326393
0.10970426928147665
-0.07363093811145174
-0.21686892191652277
-0.2296641302233132
0.053528037300423416
0.2846728760486218
0.28236107059767596
0.01933313094507834
-0.253325552176312
-0.2810159754034173
-0.08116239452359393
0.1553315278779954
0.25056117765504016
0.15382303532473307
-0.227858302800466
-0.26039615781138326
0.10855122591408081
0.2783690259846001
0.026094966549988618
-0.27126587676083613
-0.03319041311513175
0.107730262061817
0.05950904083613429
-0.02742037002816284
0.028389139407312986
-0.08277209420994346
0.09835828146864502
0.01466246403115539
0.016226652991927635
-0.10837458584756068
0.029336910428877552
0.03525109105999839
0.07535555417798367
-0.07795841340026934
0.049847269035815774
-0.09211594440440224
0.16535074358908963
-0.11908799034264024
25
-0.0038571729117267517
-0.04003116374159479
-0.006406595550587884
-0.016674049440220277
-0.06157856484262326
0.0032910004984873674
0.025836885132150936
0.061073125806785394
0.02933211969294804
0.05105103345148768
0.009337009606881271
-0.07819897965841995
-0.1134177760397756
-0.028056805544049077
0.0420687013847741
0.0922499218882576
0.08092359135862323
0.034730243141063884
0.04696639023382745
-0.11249171907456701
-0.1953217568632573
-0.15304766635772857
0.20521872127905538
0.2182890168209803
0.07766131338464442
-0.10691016119815298
-0.18155439381164426
-0.11980431572258676
0.1455997226586707
0.20610748891572567
-0.0691900465604414
-0.3251408308214461
-0.008275790590428952
0.3224652667755444
-0.19566948055718483
0.05207157153047799
0.2161837268226195
-0.3184424326319217
-0.06416504599824827
0.31175043306673206
-0.26226536209260903
0.23715081752906353
-0.15033007486267289
0.03508214957034908
26
-0.08162556912751837
-0.09433210337098
-0.021081957514726676
0.009433844425456663
0.06696974028712249
0.04216423347540714
-0.04021938927675119
0.020132248242343043
0.035555133433373104
-0.00035660066862349223
-0.0751525879160784
-0.06093803156561066
-0.08166780513314058
0.046192838624305836
0.07361614908489922
0.017093234508898287
0.0017162436448564565
0.021255816919355634
0.03724935784850498
-0.011169904848477382
-0.06855499619832814
-0.08265777859137093
0.03675851978033828
0.20300988558809083
-0.10912527378046966
-0.17374893389395576
0.09713051001577333
0.11716538839525092
0.022999647746398146
-0.24773646731713772
-0.010875181010978141
0.2731015628502378
0.046560252375999915
-0.2983505081342081
0.0540605201506862
0.2449166199214791
-0.11631434264217254
-0.3079548487339078
0.4009055574052768
-0.17386820656553112
-0.1251584788605801
0.2938653776680739
-0.34287738502096926
0.13984605684172688
27
0.12283380775536136
0.2503373334348296
0.09752322908681395
-0.06371991718910419
-0.16702902059513727
-0.1665301288353194
-0.07702284403804377
0.11559009084312623
0.20756599618701604
0.08509769595339982
-0.0398024149287439
-0.08696468263257598
-0.10844779629934964
-0.0376642910400211
-0.02762315488898454
-0.004761419022825763
0.10952058626456265
0.07707870703260239
0.022530726140250375
-0.07020441272499658
-0.09238701508538558
-0.038466461083300485
0.11030418281308267
0.11904558506143052
-0.056389272948136025
-0.21834775928092168
-0.06321544114296856
0.2621873792616064
0.1655450289792786
-0.24153617693288726
-0.19409714667574762
0.19580328477924946
0.1708940419264138
-0.1285540497864
-0.27470977292766213
0.20193197042944566
0.14969358203406677
-0.06768868223992962
-0.1397489765557454
0.07657420916112219
0.1635609953226543
-0.3009084402583265
0.2588670545111014
-0.12870889488174028
28
-0.06715557950261535
-0.018701228430946182
0.003585124455959546
0.006926890729662992
-0.020023759836213132
-0.017255942447405307
0.005469944930961804
0.04790445679366979
0.0056657668749876145
0.03632551947623778
-0.052844957841025525
-0.05626450075262431
-0.05191422162212269
0.014898110467748903
0.042098102128922996
0.07884071584533017
0.12424695668106155
0.05175229599073567
-0.07553382696285134
-0.16952998721175377
-0.06160669804764013
0.05341674990885303
0.06904133186104469
0.16154934540007573
-0.07458083474897041
-0.21382527145233424
-0.0676365892632478
0.06062530537173012
0.20478480871626417
0.08202478844324525
-0.1745673048220073
-0.12577149265030985
0.02266182586098747
0.08434229023380603
0.08812671235254749
-0.22542093420316645
0.027241862918309365
0.28263249062272877
-0.2044324420802687
-0.3843664017383054
0.46220702196775104
0.0994368334423602
-0.37654404906074623
0.16614837702004454
29
-0.007213378231508071
0.007179346327689541
-0.06262287302822794
-0.07622949748771717
-0.03036297873063192
0.04038724301976424
0.11286110970369545
0.15219207678524777
0.0768448909456729
-0.07720454310467673
-0.12594136838641412
-0.1576270958167938
-0.12029583288291527
0.015596701909235991
0.1437742041139774
0.14244563097381047
0.07086410794651687
-0.024634813198325653
-0.13881998180909347
-0.11740748015133307
-0.01731287230471901
-0.01761487709777095
0.1316487241328723
0.20480078613517239
0.055161473771405074
-0.1445084130482982
-0.23878387299061504
-0.089255059422993
0.10603312310243967
0.19697404054974532
0.08551517952531869
-0.13627446679139932
-0.16706922552590273
-0.06455441582089341
0.37798309498393934
0.0766817668894376
-0.4000638052364305
0.009597756577112454
0.2497402036176981
-0.056097042565028524
-0.006224222925084025
-0.2127082715395869
0.3204836299500825
-0.15991650465121968
30
-0.08664993599389245
-0.17618113983169156
-0.21977004959643895
-0.11031105672742798
0.12296352728676474
0.2535389332177249
0.1636088684178994
-0.02289364550608346
-0.13042366158082042
-0.15467298685612424
-0.11342232987229736
-0.03926981173312815
0.0837315883665472
0.17030232473172832
0.2336207287168183
0.1138155256646
-0.03968050939145978
-0.21112508531674049
-0.24637267319116102
-0.11670545368146225
0.1649620599033241
0.21061833776324637
0.11781673192127803
-0.08074250360989721
-0.25662020652604317
-0.12423542351375141
0.08657652296782771
0.23404163154571744
0.1267486462290447
-0.12034712722412208
-0.17762399996182546
0.0014385136387402267
0.10834352965475756
0.11058277207218487
-0.16879949205361702
-0.09123673010707141
0.16868389617135487
0.0878601833443881
0.019333998962651113
-0.00984704399134711
-0.20176762067809215
0.10163742062090445
0.19512147075155717
-0.17538758356150974
31
0.12516777550412334
0.2494064363327496
0.19319153538710437
0.032520663931676706
-0.13054450952536273
-0.23847448478820066
-0.21565155027265134
-0.05411863634770203
0.07270052916634132
0.17832184625566233
0.20342312660518375
0.13076050531645853
-0.00822973516896777
-0.10687330758852645
-0.1113831467910832
-0.0774867621133303
-0.07266371096474869
-0.03641055298666581
0.05491362702120945
0.06327372178433684
0.054161169843477984
0.09354977727868359
0.046301513590178464
-0.07806314886867427
-0.2232263064210169
-0.10675079934002482
0.10243766698291798
0.17049221185061944
0.14197873955090504
0.024159081141754912
-0.14630330726594887
-0.2579833844429377
0.031923805482132084
0.14043271882381575
0.1277506228418999
-0.11112972320159731
-0.1413367260359182
0.12531035068399865
0.25140868624558915
-0.1835183468009806
-0.26979117795760715
0.2868090852752082
0.08866590895101768
-0.21684147191401365
32
-0.051149006009341545
-0.08390495259706242
-0.12516244750169014
-0.15243324556895657
-0.07207605023238292
0.015889313226794086
0.10005298422178587
0.15628210339744308
0.14777562043863454
0.03642147192914091
-0.052255450854943486
-0.15128609816615626
-0.16563698752095996
-0.12000866197038235
-0.010699537572921183
0.14109122071475075
0.17326663603539244
0.1430136783273348
0.07298958249328628
0.003536702615262646
-0.16152012914590697
-0.21916251013661758
-0.13058532071363743
0.049977698148779295
0.2603070597879539
0.20794114734687535
0.04872424304545355
-0.09073645422260859
-0.1635358487826127
-0.19603491422973465
-0.06293464769961098
0.09002918184502683
0.30436979617702786
0.12692032094819686
-0.18216874223865637
-0.3100363433352711
-0.07767248663156004
0.29273691535638185
0.20485402359364466
-0.13627915950117084
-0.1349482201995003
0.13542811332472904
0.08578934354461326
-0.13547275758095048
33
-0.033738548694656055
-0.09023571388598024
-0.08358354779023135
-0.03933932825744845
0.015618455527375279
0.023246471995483714
0.04234773427422322
0.05312051436487224
0.07305411618031356
0.025776190727022794
0.012008629847245727
-0.012984277683464576
-0.04599118641735375
-0.0595884078103282
-0.058825326880362024
-0.06395054417630054
-0.023686598432385107
0.02245571788389771
0.05348357669759213
0.05844824501302544
0.044432849312588736
0.04840177330382453
-0.031152122865070617
-0.08412072088786281
-0.09786919820967621
0.029241865733380595
0.1392033197603806
0.15239638139461112
0.1140924989076774
-0.11857491594278659
-0.2566988987701362
-0.1516434974065248
0.13891979569214427
0.2600720634867242
0.0941804274946553
-0.12094190470894095
-0.20599532801989512
-0.05774553157176837
0.2347168392336835
0.23005421118576141
-0.07178819825211989
-0.4830657052956342
-0.1282712551515993
0.4993685938837557
34
-0.050340984998403636
-0.10095069657828686
-0.11622593732145788
-0.057305110032351426
0.05648828654726837
0.0978197262114304
0.1330811201607071
0.07772955693288332
0.03803288940050707
-0.0019699577736815538
-0.06871882204283074
-0.11618321516478497
-0.10283390440265151
-0.07415284590952871
-0.024208687114070655
0.011853508652958642
0.08406444156556195
0.16315632509699712
0.15867278892352799
0.14155112048240115
-0.03254333239009158
-0.10937493520567257
-0.24915019152891799
-0.18504293112038064
-0.04432277658277123
0.11308508197405245
0.22527111613119813
0.20713644583813903
0.05455782294166049
-0.12303499876317182
-0.21709262361317586
-0.18876203272898529
-0.09581902591581622
0.1133112998061983
0.3388799215981466
0.18549806681870942
-0.055071039329761554
-0.28042780144977797
-0.2537584625337272
0.039117625732826504
0.22775874464260296
0.1788752271271461
0.03948786428924725
-0.3093288965469447
35
-0.13989972888400432
-0.22082196782424715
-0.2722586260712535
-0.2248936763418578
-0.08526722301834759
0.066342770734761
0.15209979803986134
0.2788952167449209
0.28995346984378495
0.21229144421796928
0.09564787256094091
-0.0366285250431555
-0.15342106521533574
-0.19539479642996513
-0.215556046390519
-0.18691955883907713
-0.08504818523275992
0.04599203378858946
0.12316173735217992
0.16716965733110775
0.1596936117856339
0.12790008833886457
-0.01570757181674874
-0.12739430969234442
-0.16170293502948882
-0.16300630500308966
-0.09357661647545522
0.011001689426805234
0.09958737296989828
0.23281163931004165
0.20879141047192099
-0.003732336485062743
-0.11277022653828694
-0.22093412951161395
-0.09928748647317143
0.015132137292676618
0.1911528034200821
0.0921075970334475
-0.007524661673371536
-0.0714150917071313
-0.09005362842529878
0.004214930220061143
-0.023061578105449114
0.03233945175763047
36
-0.04924843173237935
-0.06271741860548262
-0.09659567072154081
-0.07405732628243106
-0.0703455701379329
-0.04880460670284668
0.029112805245693228
0.06343975913911931
0.10591951041915233
0.11938002404180524
0.1077713721803968
0.08715357734006772
0.050685733399113364
-0.018074240505279407
-0.08029201445488598
-0.1551538544335806
-0.1627727247856087
-0.16779996179503354
-0.08228398910918495
-0.02199242389015048
0.14729537175812185
0.20762666710073185
0.17736389839359848
0.1062938017144733
0.004598302933828885
-0.059652140628487886
-0.12662472076831185
-0.09009997103571087
-0.15543773060831176
-0.12145010790709239
0.049305252320776136
0.1746201527652257
0.20308192284427037
0.17185774160574285
-0.02150203288127964
-0.2225192855959241
-0.33341097938070413
-0.22923913031917206
-0.002868025631635848
0.30513339239411597
0.3512400908980124
0.1391219948607403
-0.14145487478293042
-0.28138549230602095
37
-0.06292416971332293
-0.11969358935561086
-0.15614732514482976
-0.14160940561164564
-0.13243405255199575
-0.06700364462474498
-0.003310259882274342
0.07249640445372062
0.12999252038104087
0.16163873199250622
0.2017105755425658
0.1650760034198079
0.09966746787694047
0.034328990749606235
-0.0625666188082582
-0.11258507644707831
-0.16826771308505833
-0.1870465979220712
-0.18803343484031776
-0.14749116897748693
-0.026541360164169893
0.013252149697831317
0.13802051054002548
0.22567961846969614
0.24162547007561921
0.1725351418370103
0.035311100097182836
-0.0590386107696323
-0.1363484742960825
-0.2435470969957861
-0.19060148818781159
-0.057365470882250594
-0.03433659464636018
0.07121789789596801
0.24483093436826733
0.24222790312589967
0.12548673184275458
-0.02446228184397209
-0.2035211374492321
-0.26612862515379804
-0.10861502348162964
0.0600381982142749
0.21035305093469986
0.23776004015913443
38
-0.08440091055460801
-0.12467034323616162
-0.1472356475259357
-0.1844720392526658
-0.18427964662183868
-0.14316483150323506
-0.08270545504229247
-0.022379154620369282
0.05678440751992047
0.110828461521411
0.17254345220476566
0.18802997797519236
0.2019419929559256
0.1660357172380759
0.13957575594246852
0.06081843669578917
0.0024200121241841734
-0.07270585377148006
-0.1546503113069736
-0.16634628478679123
-0.2056610723060234
-0.18782840838069903
-0.12657072154431143
-0.01733299226148237
0.0658303802589637
0.14137382445980262
0.15433157956379653
0.14965969250313804
0.11721314216208523
0.0621510251137453
-0.029843540347328352
-0.13753273750124143
-0.21751413859192
-0.22648445114415547
-0.0712392601522834
0.02533379344838619
0.05727762160698895
0.16176941487278276
0.2264496441289553
0.24897381562404924
0.10225607156971214
-0.15443351904015434
-0.2733206851791687
-0.2699892556406679
39
-0.05242821261682302
-0.09127515077168959
-0.11672418443040537
-0.1490696015375828
-0.15334083216040825
-0.13589445256618773
-0.10965375094246416
-0.047254962298728054
0.01027165484337025
0.07303623402219969
0.11380624063906475
0.13154635715554197
0.14798901617662139
0.17250987746512403
0.15086536773515674
0.14242299970679848
0.1049302064792428
0.04979030665638074
-0.00733437995106344
-0.03950609305953803
-0.14553812419333145
-0.17236418587759705
-0.19431653288286715
-0.21924005442077896
-0.1464557157338461
-0.0979763220043941
-0.04499998015013562
0.05029461712784046
0.1405806492388076
0.1510335250872699
0.16601368042311282
0.12749582933359946
0.10923697554166824
-8.815145141668114e-5
-0.08006321567661034
-0.16781562903903094
-0.23940565413306494
-0.2491719977827298
-0.13173380211961858
-0.04479541290478846
0.086087733747993
0.2203281666615064
0.3610605804673337
0.3479004959157497
40
0.051345477364647035
0.10202456928790099
0.17820126297194677
0.21560426571633617
0.24167691633233931
0.20947701634571117
0.18265009713037217
0.15632451558038601
0.10535265661182451
0.056529288177051475
0.020954258210373132
-0.03811194880648082
-0.0784856345276432
-0.10287235944206742
-0.12288823499611909
-0.13861379949654257
-0.14693470865111838
-0.15133391059872744
-0.1553122115897355
-0.12539264812007386
-0.09713835960032954
-0.06061381158571039
0.018313257058059113
0.07983599481718842
0.13791429556171966
0.16894625985656672
0.19067863902995277
0.17655477306538428
0.14371713011921755
0.04559795278969227
-0.05058845913708644
-0.13277398973268864
-0.19686865058511122
-0.2556201555670725
-0.23414949844229532
-0.21350912457069632
-0.10252585274304547
-0.04142189613070121
0.07908034635257134
0.11723010759746764
0.1907207396702272
0.23463441725731446
0.23677014450990413
0.1870528286264759
41
0.04178081612486895
0.07519697514652383
0.1336385481933527
0.14740930922214074
0.14469992575342266
0.1708272681165969
0.17766615975553804
0.15197735984380142
0.14575131040009492
0.12869827811440662
0.10660421114247325
0.0714627110883245
0.03932742002668807
0.021727345030753072
-0.022873884176765398
-0.056452724480537536
-0.10164893167606791
-0.14168505888859956
-0.1656783208170357
-0.1905273868989232
-0.1894857237174667
-0.17783100193826767
-0.1520479605335601
-0.09259130175752697
-0.020547870932432967
0.004693791971553453
0.0242944769592886
0.10362831171431855
0.13030620827723147
0.14009695461973257
0.2008218402852851
0.19330621783625204
0.21116402099863354
0.1686275097833617
0.06511598057161022
-0.023160203015858898
-0.09777035369239136
-0.15220684996934056
-0.22198598448455578
-0.25348444226478145
-0.27924610220197565
-0.26174098463344464
-0.23501196117767387
-0.20733984554199697
42
-0.05028619841974976
-0.08004990302722279
-0.09317293095523307
-0.1326578463014461
-0.13113206184299991
-0.15069594818058424
-0.1466297529983729
-0.13997031161626122
-0.13399626719739047
-0.12483470759524802
-0.11331509860735915
-0.09427467233901816
-0.07298495659365423
-0.043177683594329073
-0.03611644334060228
-0.027311952180198978
0.012480859690093401
0.03426884819710381
0.059339884931134755
0.07436533648896003
0.1197539864155172
0.14634756946177485
0.16914019196937205
0.16966214863974402
0.2012883325828997
0.19637836970850212
0.17991368977536643
0.1593316660857537
0.13672515629773563
0.06700603251741073
0.007646479845631741
-0.06139778656131057
-0.14534595870382708
-0.1715204755761336
-0.2305915619354788
-0.25628948981377997
-0.265280547590837
-0.27716000229885557
-0.27501552770796256
-0.25026759205956367
-0.2223004808533285
-0.16498920059337024
-0.09804807751319122
-0.10384474346504086
43
-0.024151617507821525
-0.0358522863590625
-0.053161519946410794
-0.08603889136680964
-0.10068830408859412
-0.11374550391257626
-0.11644033076402611
-0.12136366865779287
-0.11894934434425485
-0.12828939052246477
-0.1365024540150111
-0.1466991898373073
-0.13855411961538103
-0.12408424355535462
-0.12540140962377064
-0.11930808567527032
-0.09435476193061823
-0.08396848846873761
-0.07265247374787175
-0.06612963345296761
-0.010625353339429005
0.007049108998614531
0.0651874443246847
0.09273446540898443
0.1371823382721406
0.1843026705279119
0.21856077088864964
0.2496928783968857
0.27537471939069413
0.2930446744124761
0.2777672353859899
0.25493088666218783
0.25275596556857693
0.22277049708986615
0.20249822576535162
0.18133912930207355
0.15420945259104252
0.13551032309996405
0.11592538636737182
0.12473625144317277
0.12502817913911385
0.12316830397615472
0.06054795189628448
0.053320421266804655
44
-0.03107843554061818
-0.05699209961636796
-0.07273823645740307
-0.09448798895659197
-0.10474300986413569
-0.12011443476567978
-0.13789547900160984
-0.1562958836810488
-0.1701543721294769
-0.17973197860631146
-0.19221763747974036
-0.2072913250251975
-0.205295100942356
-0.2190265587221828
-0.23001019534347633
-0.23580332150074204
-0.23008993305451095
-0.23243616296827105
-0.2269279048297657
-0.2220278122883633
-0.22332871474011276
-0.21844605044317275
-0.21084865863435867
-0.2069247427277234
-0.1886213829977442
-0.16409279395328727
-0.1580424688920642
-0.1437616714582214
-0.13477667984744643
-0.12388687875699636
-0.10580686626926591
-0.09153908359830992
-0.07608151380626749
-0.056817280647869665
-0.051127272679582815
-0.04660495755844369
-0.03883126104743589
-0.025301683314099627
-0.034035611812267066
-0.022808668582957672
-0.024164790191294885
-0.02202889861378585
-0.013969928023500607
-0.012839962213650039
