omega,S,S_edge,S_cont
1.2875,0,0,0
1.2925,0.0,0.0,0.0
1.2975,0.0012959069696052133,0.0012959069696052133,0.0
1.3025,0.00420188017417448,0.00420188017417448,0.0
1.3075,0.017318029502906035,0.017318029502906035,0.0
1.3125,0.05175773896786882,0.05175773896786882,0.0
1.3175000000000001,0.1467123769225781,0.1467123769225781,0.0
1.3225,0.3696869155110146,0.3696869155110146,0.0
1.3275000000000001,0.7425154236756175,0.7425154236756175,0.0
1.3325,1.3116542027813238,1.3116542027813238,0.0
1.3375000000000001,1.9938510475080415,1.9938510475080415,0.0
1.3425,2.658023004384796,2.658023004384796,0.0
1.3475,3.010077731127545,3.010077731127545,0.0
1.3525,3.1295367917802444,3.1295367917802444,0.0
1.3575,2.9948802766658114,2.9948802766658114,0.0
1.3625,2.584274116841809,2.584274116841809,0.0
1.3675,2.3523067692824764,2.3523067692824764,0.0
1.3725,1.9335324685591448,1.9335324685591448,0.0
1.3775,1.7720546061647018,1.7720546061647018,0.0
1.3825,1.7229279510442133,1.7229279510442133,0.0
1.3875,1.3597205703812258,1.3597205703812258,0.0
1.3925,1.4880546302803113,1.4880546302803113,0.0
1.3975,1.4520048545803845,1.4520048545803845,0.0
1.4025,1.1357642840885438,1.1357642840885438,0.0
1.4075,1.2546735660268642,1.2546735660268642,0.0
1.4125,1.3238278743139786,1.3238278743139786,0.0
1.4175,1.0653926086481642,1.0653926086481642,0.0
1.4225,1.015244935915259,1.015244935915259,0.0
1.4275,1.1848516693008624,1.1848516693008624,0.0
1.4325,1.1140480248706142,1.1140480248706142,0.0
1.4375,0.8997521359877168,0.8997521359877168,0.0
1.4425000000000001,0.9524916226598316,0.9524916226598316,0.0
1.4475,1.0734429398229843,1.0734429398229843,0.0
1.4525000000000001,0.9993013531982984,0.9993013531982984,0.0
1.4575,0.8351138671401352,0.8351138671401352,0.0
1.4625000000000001,0.8529424054492498,0.8529424054492498,0.0
1.4675,0.9760142976535746,0.9760142976535746,0.0
1.4725,0.9500568883533008,0.9500568883533008,0.0
1.4775,0.8249429609241431,0.8249429609241431,0.0
1.4825,0.7365071277256297,0.7365071277256297,0.0
1.4875,0.8505469410508886,0.8505469410508886,0.0
1.4925,0.9238245896958376,0.9238245896958376,0.0
1.4975,0.8471697289482808,0.8471697289482808,0.0
1.5025,0.7188356690491949,0.7188356690491949,0.0
1.5075,0.686634344349914,0.686634344349914,0.0
1.5125,0.8338572300787,0.8338572300787,0.0
1.5175,0.8765828901675021,0.8765828901675021,0.0
1.5225,0.784573495325532,0.784573495325532,0.0
1.5275,0.6500347899356093,0.6500347899356093,0.0
1.5325,0.6261194158601675,0.6261194158601675,0.0
1.5375,0.7628179661994324,0.7628179661994324,0.0
1.5425,0.8783500360351458,0.8783500360351458,0.0
1.5475,0.7674125454553055,0.7674125454553055,0.0
1.5525,0.6135530452458142,0.6135530452458142,0.0
1.5575,0.5439274980606611,0.5439274980606611,0.0
1.5625,0.6639363374277378,0.6639363374277378,0.0
1.5675000000000001,0.8274169651388441,0.8274169651388441,0.0
1.5725,0.838765968599932,0.838765968599932,0.0
1.5775000000000001,0.6546686390996522,0.6546686390996522,0.0
1.5825,0.48376599874444337,0.48376599874444337,0.0
1.5875000000000001,0.5228395573734491,0.5228395573734491,0.0
1.5925,0.6596559174372237,0.6596559174372237,0.0
1.5975000000000001,0.8515679586633047,0.8515679586633047,0.0
1.6025,0.815400373238868,0.815400373238868,0.0
1.6075,0.5795453047707197,0.5795453047707197,0.0
1.6125,0.4413544979209999,0.4413544979209999,0.0
1.6175,0.4424933252579258,0.4424933252579258,0.0
1.6225,0.6317350127284568,0.6317350127284568,0.0
1.6275,0.8305192878842624,0.8305192878842624,0.0
1.6325,0.837587871354836,0.837587871354836,0.0
1.6375,0.5894413216295231,0.5894413216295231,0.0
1.6425,0.4236830392445651,0.4236830392445651,0.0
1.6475,0.3556282883862064,0.3556282883862064,0.0
1.6525,0.5034009528293708,0.5034009528293708,0.0
1.6575,0.763760443995509,0.763760443995509,0.0
1.6625,0.8718705011871195,0.8718705011871195,0.0
1.6675,0.7261791418769579,0.7261791418769579,0.0
1.6725,0.44339653314583233,0.44339653314583233,0.0
1.6775,0.3383102588833006,0.3383102588833006,0.0
1.6825,0.3206780701150356,0.3206780701150356,0.0
1.6875,0.5477759490613069,0.5477759490613069,0.0
1.6925000000000001,0.8150076741571697,0.8150076741571697,0.0
1.6975,0.8691216076152296,0.8691216076152296,0.0
1.7025000000000001,0.6691985051224986,0.6691985051224986,0.0
1.7075,0.4078179963439437,0.4078179963439437,0.0
1.7125000000000001,0.2560398012674543,0.2560398012674543,0.0
1.7175,0.274810817372645,0.274810817372645,0.0
1.7225000000000001,0.5028904440231627,0.5028904440231627,0.0
1.7275,0.8020878743692875,0.8020878743692875,0.0
1.7325,0.8995165165386975,0.8995165165386975,0.0
1.7375,0.7120812448439799,0.7120812448439799,0.0
1.7425,0.43958735205335636,0.43958735205335636,0.0
1.7475,0.21386391989303005,0.21386391989303005,0.0
1.7525,0.19615319130842543,0.19615319130842543,0.0
1.7575,0.36619189368389754,0.36619189368389754,0.0
1.7625,0.6783876636342443,0.6783876636342443,0.0
1.7675,0.9177770238376801,0.9177770238376801,0.0
1.7725,0.8340143097113796,0.8340143097113796,0.0
1.7775,0.5707095754325023,0.5707095754325023,0.0
1.7825,0.28219356010857777,0.28219356010857777,0.0
1.7875,0.1277057413683683,0.1277057413683683,0.0
1.7925,0.19953040341103298,0.19953040341103298,0.0
1.7975,0.428081268959589,0.428081268959589,0.0
1.8025,0.7496232770543612,0.7496232770543612,0.0
1.8075,0.9563008037523074,0.9563008037523074,0.0
1.8125,0.8024413035428162,0.8024413035428162,0.0
1.8175000000000001,0.49295515725618927,0.49295515725618927,0.0
1.8225,0.20553869936102087,0.20553869936102087,0.0
1.8275000000000001,0.09570076620993649,0.09570076620993649,0.0
1.8325,0.17235562695749337,0.17235562695749337,0.0
1.8375000000000001,0.39882518737304695,0.39882518737304695,0.0
1.8425,0.715851156028286,0.715851156028286,0.0
1.8475000000000001,0.9913295618398182,0.9913295618398182,0.0
1.8525,0.8471304590401111,0.8471304590401111,0.0
1.8575,0.4938190952359261,0.4938190952359261,0.0
1.8625,0.20958349990251585,0.20958349990251585,0.0
1.8675,0.07795076771716207,0.07795076771716207,0.0
1.8725,0.11431470268244774,0.11431470268244774,0.0
1.8775,0.29318913439613714,0.29318913439613714,0.0
1.8825,0.6044816964585774,0.6044816964585774,0.0
1.8875,0.9367051195755498,0.9367051195755498,0.0
1.8925,0.9499783485369606,0.9499783485369606,0.0
1.8975,0.6298107872281342,0.6298107872281342,0.0
1.9025,0.2795232063530276,0.2795232063530276,0.0
1.9075,0.09039932860700609,0.09039932860700609,0.0
1.9125,0.06181083545935169,0.06181083545935169,0.0
1.9175,0.15554810626079543,0.15554810626079543,0.0
1.9225,0.39827540865866906,0.39827540865866906,0.0
1.9275,0.7639960634445282,0.7639960634445282,0.0
1.9325,0.9638406261209195,0.9638406261209195,0.0
1.9375,0.8656265857881124,0.8656265857881124,0.0
1.9425000000000001,0.49927761247153585,0.49927761247153585,0.0
1.9475,0.16976381301828294,0.16976381301828294,0.0
1.9525000000000001,0.05470298208060794,0.05470298208060794,0.0
1.9575,0.06397068040869372,0.06397068040869372,0.0
1.9625000000000001,0.1784424627238209,0.1784424627238209,0.0
1.9675,0.4395088122370167,0.4395088122370167,0.0
1.9725000000000001,0.7985928525421704,0.7985928525421704,0.0
1.9775,0.948289742485657,0.948289742485657,0.0
1.9825000000000002,0.8375093315384963,0.8375093315384963,0.0
1.9875,0.46240316870004206,0.46240316870004206,0.0
1.9925,0.14895076168825983,0.14895076168825983,0.0
1.9975,0.04339324852768971,0.04339324852768971,0.0
2.0025,0.048812495855129694,0.048812495855129694,0.0
2.0075,0.1608888137718957,0.1608888137718957,0.0
2.0125,0.4039695453432979,0.4039695453432979,0.0
2.0175,0.7319125484697567,0.7319125484697567,0.0
2.0225,0.9299506953703349,0.9299506953703349,0.0
2.0275,0.8648411876247156,0.8648411876247156,0.0
2.0325,0.5258633403025278,0.5258633403025278,0.0
2.0375,0.1988235450639756,0.1988235450639756,0.0
2.0425,0.04971570374303635,0.04971570374303635,0.0
2.0475,0.03322234231169729,0.03322234231169729,0.0
2.0525,0.1017090621599243,0.1017090621599243,0.0
2.0575,0.2898119222935296,0.2898119222935296,0.0
2.0625,0.6045602362749172,0.6045602362749172,0.0
2.0675,0.8544739318678739,0.8544739318678739,0.0
2.0725000000000002,0.9142034621942232,0.9142034621942232,0.0
2.0775,0.6788981724404528,0.6788981724404528,0.0
2.0825,0.3289247508307052,0.3289247508307052,0.0
2.0875,0.10508627426253185,0.10508627426253185,0.0
2.0925000000000002,0.026232298657463095,0.026232298657463095,0.0
2.0975,0.04519966430350304,0.04519966430350304,0.0
2.1025,0.155665915985305,0.155665915985305,0.0
2.1075,0.37302485770545224,0.37302485770545224,0.0
2.1125,0.703166975689423,0.703166975689423,0.0
2.1175,0.8743837753099902,0.8743837753099902,0.0
2.1225,0.8556520291129694,0.8556520291129694,0.0
2.1275,0.5685890003913303,0.5685890003913303,0.0
2.1325,0.2492853770622392,0.2492853770622392,0.0
2.1375,0.08384125394264032,0.08384125394264032,0.0
2.1425,0.021402099952570943,0.021402099952570943,0.0
2.1475,0.05540984042766533,0.05540984042766533,0.0
2.1525,0.17121679962056757,0.17121679962056757,0.0
2.1575,0.38578757786065515,0.38578757786065515,0.0
2.1625,0.6995541441377963,0.6995541441377963,0.0
2.1675,0.8695143066969281,0.8695143066969281,0.0
2.1725,0.8269457262408054,0.8269457262408054,0.0
2.1775,0.5521349088681607,0.5521349088681607,0.0
2.1825,0.25505805356320793,0.25505805356320793,0.0
2.1875,0.08643306788185073,0.08643306788185073,0.0
2.1925,0.024308073157140207,0.024308073157140207,0.0
2.1975000000000002,0.05014767273290477,0.05014767273290477,0.0
2.2025,0.14600551857552072,0.14600551857552072,0.0
2.2075,0.33548282549507086,0.33548282549507086,0.0
2.2125,0.6102151030513763,0.6102151030513763,0.0
2.2175000000000002,0.8304800179760924,0.8304800179760924,0.0
2.2225,0.8460309016113551,0.8460309016113551,0.0
2.2275,0.6185795934915557,0.6185795934915557,0.0
2.2325,0.32955306936142287,0.32955306936142287,0.0
2.2375000000000003,0.11934125092818916,0.11934125092818916,0.0
2.2425,0.03420409001594364,0.03420409001594364,0.0
2.2475,0.03447897937313264,0.03447897937313264,0.0
2.2525,0.09601492547529535,0.09601492547529535,0.0
2.2575,0.2489319478887106,0.2489319478887106,0.0
2.2625,0.4598113547608319,0.4598113547608319,0.0
2.2675,0.7205242751004988,0.7205242751004988,0.0
2.2725,0.8540419628780053,0.8540419628780053,0.0
2.2775,0.7389811319403305,0.7389811319403305,0.0
2.2825,0.47599055692681186,0.47599055692681186,0.0
2.2875,0.2139424597093698,0.2139424597093698,0.0
2.2925,0.06514877765378936,0.06514877765378936,0.0
2.2975,0.029530970943730913,0.029530970943730913,0.0
2.3025,0.04936227456950766,0.04936227456950766,0.0
2.3075,0.13689489988011433,0.13689489988011433,0.0
2.3125,0.3055198855614716,0.3055198855614716,0.0
2.3175,0.528219534792719,0.528219534792719,0.0
2.3225000000000002,0.7482095603602466,0.7482095603602466,0.0
2.3275,0.8135154176467152,0.8135154176467152,0.0
2.3325,0.684513769308742,0.684513769308742,0.0
2.3375,0.4106454297321733,0.4106454297321733,0.0
2.3425000000000002,0.17412277282513686,0.17412277282513686,0.0
2.3475,0.05148284961067982,0.05148284961067982,0.0
2.3525,0.025839599575764552,0.025839599575764552,0.0
2.3575,0.05827654372406474,0.05827654372406474,0.0
2.3625000000000003,0.14317808518729114,0.14317808518729114,0.0
2.3675,0.31125329215427033,0.31125329215427033,0.0
2.3725,0.5359557067021805,0.5359557067021805,0.0
2.3775,0.7259435224279388,0.7259435224279388,0.0
2.3825,0.7929772556738809,0.7929772556738809,0.0
2.3875,0.6739108941028811,0.6739108941028811,0.0
2.3925,0.4128052746815153,0.4128052746815153,0.0
2.3975,0.18566812582707423,0.18566812582707423,0.0
2.4025,0.05815873399955519,0.05815873399955519,0.0
2.4075,0.024386612973479913,0.024386612973479913,0.0
2.4125,0.045121124487163336,0.045121124487163336,0.0
2.4175,0.1267239936641219,0.1267239936641219,0.0
2.4225,0.26538603941187977,0.26538603941187977,0.0
2.4275,0.47752208334543644,0.47752208334543644,0.0
2.4325,0.6894225078299737,0.6894225078299737,0.0
2.4375,0.7623467273013942,0.7623467273013942,0.0
2.4425,0.7079971743943152,0.7079971743943152,0.0
2.4475000000000002,0.4891067062555435,0.4891067062555435,0.0
2.4525,0.23746513470311292,0.23746513470311292,0.0
2.4575,0.08682576696354928,0.08682576696354928,0.0
2.4625,0.030002209841769167,0.030002209841769167,0.0
2.4675000000000002,0.028981192229352946,0.028981192229352946,0.0
2.4725,0.08124944000342989,0.08124944000342989,0.0
2.4775,0.19599611167574604,0.19599611167574604,0.0
2.4825,0.37015815440905286,0.37015815440905286,0.0
2.4875000000000003,0.5820978488017601,0.5820978488017601,0.0
2.4925,0.7438113306452226,0.7438113306452226,0.0
2.4975,0.7268860002240153,0.7268860002240153,0.0
2.5025,0.6146133327664003,0.6146133327664003,0.0
2.5075,0.3578666731518883,0.3578666731518883,0.0
2.5125,0.15417365947485048,0.15417365947485048,0.0
2.5175,0.05607742886655286,0.05607742886655286,0.0
2.5225,0.022148228207798184,0.022148228207798184,0.0
2.5275,0.03840597019011814,0.03840597019011814,0.0
2.5325,0.10822786691612023,0.10822786691612023,0.0
2.5375,0.2359728781926584,0.2359728781926584,0.0
2.5425,0.42097341558084517,0.42097341558084517,0.0
2.5475,0.636525941525179,0.636525941525179,0.0
2.5525,0.7323052475514552,0.7323052475514552,0.0
2.5575,0.7112958466805828,0.7112958466805828,0.0
2.5625,0.5487184268573837,0.5487184268573837,0.0
2.5675,0.3044988679490554,0.3044988679490554,0.0
2.5725000000000002,0.12762720155202856,0.12762720155202856,0.0
2.5775,0.04300054944599115,0.04300054944599115,0.0
2.5825,0.020891591146362833,0.020891591146362833,0.0
2.5875,0.043236168895010293,0.043236168895010293,0.0
2.5925000000000002,0.10677488031383559,0.10677488031383559,0.0
2.5975,0.2396249796524549,0.2396249796524549,0.0
2.6025,0.41873503081516356,0.41873503081516356,0.0
2.6075,0.6190508323895936,0.6190508323895936,0.0
2.6125000000000003,0.7375674152462158,0.7375674152462158,0.0
2.6175,0.7147908685076999,0.7147908685076999,0.0
2.6225,0.5371338039472763,0.5371338039472763,0.0
2.6275,0.3077190004189835,0.3077190004189835,0.0
2.6325,0.13363549750201636,0.13363549750201636,0.0
2.6375,0.04464988558912506,0.04464988558912506,0.0
2.6425,0.019360064727738487,0.019360064727738487,0.0
2.6475,0.03828816046560857,0.03828816046560857,0.0
2.6525,0.08863218273936262,0.08863218273936262,0.0
2.6575,0.19780252745155935,0.19780252745155935,0.0
2.6625,0.362264902866912,0.362264902866912,0.0
2.6675,0.5665469651664976,0.5665469651664976,0.0
2.6725,0.7164794745590037,0.7164794745590037,0.0
2.6775,0.7348970614906657,0.7348970614906657,0.0
2.6825,0.5924651045586019,0.5924651045586019,0.0
2.6875,0.36340373020383776,0.36340373020383776,0.0
2.6925,0.17561502933559134,0.17561502933559134,0.0
2.6975000000000002,0.062007185000200964,0.062007185000200964,0.0
2.7025,0.020498892064664275,0.020498892064664275,0.0
2.7075,0.028784842688503676,0.028784842688503676,0.0
2.7125,0.05760895528517722,0.05760895528517722,0.0
2.7175000000000002,0.13112222337914567,0.13112222337914567,0.0
2.7225,0.2713943353618676,0.2713943353618676,0.0
2.7275,0.45207518285137044,0.45207518285137044,0.0
2.7325,0.654393749742463,0.654393749742463,0.0
2.7375000000000003,0.7369390967154981,0.7369390967154981,0.0
2.7425,0.6801155395937181,0.6801155395937181,0.0
2.7475,0.4907953123068474,0.4907953123068474,0.0
2.7525,0.2641686722586143,0.2641686722586143,0.0
2.7575,0.11380419387623962,0.11380419387623962,0.0
2.7625,0.03475386873032161,0.03475386873032161,0.0
2.7675,0.02057743188100399,0.02057743188100399,0.0
2.7725,0.0345967890976422,0.0345967890976422,0.0
2.7775,0.06813329067469834,0.06813329067469834,0.0
2.7825,0.15417365947485057,0.15417365947485057,0.0
2.7875,0.3164369200326912,0.3164369200326912,0.0
2.7925,0.4905204229496585,0.4905204229496585,0.0
2.7975,0.6792516016139812,0.6792516016139812,0.0
2.8025,0.7286531460916588,0.7286531460916588,0.0
2.8075,0.6443013833428107,0.6443013833428107,0.0
2.8125,0.4507792758817651,0.4507792758817651,0.0
2.8175,0.22226768024137905,0.22226768024137905,0.0
2.8225000000000002,0.09358019116876433,0.09358019116876433,0.0
2.8275,0.027214046361709467,0.027214046361709467,0.0
2.8325,0.019752763809437038,0.019752763809437038,0.0
2.8375,0.03652101459796509,0.03652101459796509,0.0
2.8425000000000002,0.06283185307176792,0.06283185307176792,0.0
2.8475,0.15385950020949168,0.15385950020949168,0.0
2.8525,0.3114496416951197,0.3114496416951197,0.0
2.8575,0.48949940533724223,0.48949940533724223,0.0
2.8625000000000003,0.6446940824245088,0.6446940824245088,0.0
2.8675,0.7287316859079984,0.7287316859079984,0.0
2.8725,0.6538047011199154,0.6538047011199154,0.0
2.8775,0.45678757183175284,0.45678757183175284,0.0
2.8825,0.2428058422142132,0.2428058422142132,0.0
2.8875,0.09574003611810636,0.09574003611810636,0.0
2.8925,0.02980586030091989,0.02980586030091989,0.0
2.8975,0.018535396656171533,0.018535396656171533,0.0
2.9025,0.025407630585896148,0.025407630585896148,0.0
2.9075,0.05635231822374184,0.05635231822374184,0.0
2.9125,0.12244357367360771,0.12244357367360771,0.0
2.9175,0.25882796474751396,0.25882796474751396,0.0
2.9225,0.4354640116955218,0.4354640116955218,0.0
2.9275,0.5944678698752646,0.5944678698752646,0.0
2.9325,0.6921714014018634,0.6921714014018634,0.0
2.9375,0.691543082871146,0.691543082871146,0.0
2.9425,0.5314789371708172,0.5314789371708172,0.0
2.9475000000000002,0.31404145563433017,0.31404145563433017,0.0
2.9525,0.1361880415330569,0.1361880415330569,0.0
2.9575,0.04276492999697202,0.04276492999697202,0.0
2.9625,0.01861393647251124,0.01861393647251124,0.0
2.9675000000000002,0.016925330421207488,0.016925330421207488,0.0
2.9725,0.03793473129207988,0.03793473129207988,0.0
2.9775,0.0862759882491713,0.0862759882491713,0.0
2.9825,0.1769109363051965,0.1769109363051965,0.0
2.9875000000000003,0.32044245066601645,0.32044245066601645,0.0
2.9925,0.504971749156165,0.504971749156165,0.0
2.9975,0.6378218484947844,0.6378218484947844,0.0
3.0025,0.6885585698502369,0.6885585698502369,0.0
3.0075000000000003,0.6365652114333492,0.6365652114333492,0.0
3.0125,0.45132905459614303,0.45132905459614303,0.0
3.0175,0.2427273023978734,0.2427273023978734,0.0
3.0225,0.08796459430047508,0.08796459430047508,0.0
3.0275,0.027685285259747727,0.027685285259747727,0.0
3.0325,0.014215706757487493,0.014215706757487493,0.0
3.0375,0.017867808217284002,0.017867808217284002,0.0
3.0425,0.04865541622245028,0.04865541622245028,0.0
3.0475,0.10583240251775909,0.10583240251775909,0.0
3.0525,0.19572122231855704,0.19572122231855704,0.0
3.0575,0.3409413427306808,0.3409413427306808,0.0
3.0625,0.5121974122594184,0.5121974122594184,0.0
3.0675,0.6445762726999993,0.6445762726999993,0.0
3.0725000000000002,0.6713976199800102,0.6713976199800102,0.0
3.0775,0.6181476245016871,0.6181476245016871,0.0
3.0825,0.4282776185004381,0.4282776185004381,0.0
3.0875,0.22466314463974013,0.22466314463974013,0.0
3.0925000000000002,0.08340928495277192,0.08340928495277192,0.0
3.0975,0.021912608758779054,0.021912608758779054,0.0
3.1025,0.012841259971542571,0.012841259971542571,0.0
3.1075,0.018142697574472986,0.018142697574472986,0.0
3.1125000000000003,0.04779147824271347,0.04779147824271347,0.0
3.1175,0.1004916950066588,0.1004916950066588,0.0
3.1225,0.18425440913295943,0.18425440913295943,0.0
3.1275,0.3155729820529544,0.3155729820529544,0.0
3.1325000000000003,0.47693303472288856,0.47693303472288856,0.0
3.1375,0.6173622263382899,0.6173622263382899,0.0
3.1425,0.6639363374277378,0.6639363374277378,0.0
3.1475,0.6229778232065794,0.6229778232065794,0.0
3.1525,0.46585892061898926,0.46585892061898926,0.0
3.1575,0.2555292924612461,0.2555292924612461,0.0
3.1625,0.11121237993702919,0.11121237993702919,0.0
3.1675,0.03059125846431699,0.03059125846431699,0.0
3.1725,0.013665928043109525,0.013665928043109525,0.0
3.1775,0.014608405839186045,0.014608405839186045,0.0
3.1825,0.03534291735286945,0.03534291735286945,0.0
3.1875,0.08109236037075047,0.08109236037075047,0.0
3.1925,0.14651602738172878,0.14651602738172878,0.0
3.1975000000000002,0.25085617338903343,0.25085617338903343,0.0
3.2025,0.39882518737304695,0.39882518737304695,0.0
3.2075,0.5529988468478978,0.5529988468478978,0.0
3.2125,0.6453224009552264,0.6453224009552264,0.0
3.2175000000000002,0.6505060288336475,0.6505060288336475,0.0
3.2225,0.537487233120805,0.537487233120805,0.0
3.2275,0.3441614752006089,0.3441614752006089,0.0
3.2325,0.17463328163134498,0.17463328163134498,0.0
3.2375000000000003,0.06687665361326299,0.06687665361326299,0.0
3.2425,0.022266037932307747,0.022266037932307747,0.0
3.2475,0.011466813185597648,0.011466813185597648,0.0
3.2525,0.019909843442116458,0.019909843442116458,0.0
3.2575000000000003,0.04963716392669666,0.04963716392669666,0.0
3.2625,0.09829258014914692,0.09829258014914692,0.0
3.2675,0.17561502933559134,0.17561502933559134,0.0
3.2725,0.28608128101739333,0.28608128101739333,0.0
3.2775,0.4352283922465026,0.4352283922465026,0.0
3.2825,0.5667825846155167,0.5667825846155167,0.0
3.2875,0.6550220682731808,0.6550220682731808,0.0
3.2925,0.616341208725874,0.616341208725874,0.0
3.2975,0.4795641185702688,0.4795641185702688,0.0
3.3025,0.3002969877748809,0.3002969877748809,0.0
3.3075,0.15079644737224296,0.15079644737224296,0.0
3.3125,0.061064707204124456,0.061064707204124456,0.0
3.3175,0.021048670779042242,0.021048670779042242,0.0
3.3225000000000002,0.012566370614353587,0.012566370614353587,0.0
3.3275,0.023876104167271806,0.023876104167271806,0.0
3.3325,0.051875548692378405,0.051875548692378405,0.0
3.3375,0.09731083244490055,0.09731083244490055,0.0
3.3425000000000002,0.17643969740715829,0.17643969740715829,0.0
3.3475,0.28965484266085006,0.28965484266085006,0.0
3.3525,0.4184601414579745,0.4184601414579745,0.0
3.3575,0.5446343564077185,0.5446343564077185,0.0
3.3625000000000003,0.6372720697804064,0.6372720697804064,0.0
3.3675,0.6038926478360299,0.6038926478360299,0.0
3.3725,0.4806636759990248,0.4806636759990248,0.0
3.3775,0.31309897783825363,0.31309897783825363,0.0
3.3825000000000003,0.17062775099801977,0.17062775099801977,0.0
3.3875,0.07449501579821484,0.07449501579821484,0.0
3.3925,0.027292586178049173,0.027292586178049173,0.0
3.3975,0.014844025288205174,0.014844025288205174,0.0
3.4025,0.019202985095059067,0.019202985095059067,0.0
3.4075,0.044296456415596375,0.044296456415596375,0.0
3.4125,0.08234899743218584,0.08234899743218584,0.0
3.4175,0.1502859385660349,0.1502859385660349,0.0
3.4225,0.2500315053174665,0.2500315053174665,0.0
3.4275,0.3725928887155838,0.3725928887155838,0.0
3.4325,0.48981356460260117,0.48981356460260117,0.0
3.4375,0.5903445295174298,0.5903445295174298,0.0
3.4425,0.6007903250906111,0.6007903250906111,0.0
3.4475000000000002,0.5217399999446932,0.5217399999446932,0.0
3.4525,0.3852377991462772,0.3852377991462772,0.0
3.4575,0.22521292335411813,0.22521292335411813,0.0
3.4625,0.11545353001937353,0.11545353001937353,0.0
3.4675000000000002,0.05093307089630186,0.05093307089630186,0.0
3.4725,0.02034181243198486,0.02034181243198486,0.0
3.4775,0.015865042900621403,0.015865042900621403,0.0
3.4825,0.02788163480059701,0.02788163480059701,0.0
3.4875000000000003,0.05525276079498592,0.05525276079498592,0.0
3.4925,0.1124297470902947,0.1124297470902947,0.0
3.4975,0.18704257261301915,0.18704257261301915,0.0
3.5025,0.28231136983308724,0.28231136983308724,0.0
3.5075000000000003,0.4067184389151878,0.4067184389151878,0.0
3.5125,0.5065818153911291,0.5065818153911291,0.0
3.5175,0.5782493978011145,0.5782493978011145,0.0
3.5225,0.5593998418795841,0.5593998418795841,0.0
3.5275,0.47763989306994603,0.47763989306994603,0.0
3.5325,0.3434938867617213,0.3434938867617213,0.0
3.5375,0.20114046964599708,0.20114046964599708,0.0
3.5425,0.10551824325240022,0.10551824325240022,0.0
3.5475,0.04724169952833549,0.04724169952833549,0.0
3.5525,0.021755529126099637,0.021755529126099637,0.0
3.5575,0.018064157758133276,0.018064157758133276,0.0
3.5625,0.028077984341446288,0.028077984341446288,0.0
3.5675,0.06220353454105023,0.06220353454105023,0.0
3.5725000000000002,0.11800607405041409,0.11800607405041409,0.0
3.5775,0.18990927590941847,0.18990927590941847,0.0
3.5825,0.28297895827197483,0.28297895827197483,0.0
3.5875,0.3918744136269826,0.3918744136269826,0.0
3.5925000000000002,0.4843157774588214,0.4843157774588214,0.0
3.5975,0.5421996221011878,0.5421996221011878,0.0
3.6025,0.5513495107047639,0.5513495107047639,0.0
3.6075,0.46526987199644154,0.46526987199644154,0.0
3.6125000000000003,0.3533506337123549,0.3533506337123549,0.0
3.6175,0.22478095436424977,0.22478095436424977,0.0
3.6225,0.12146182596936131,0.12146182596936131,0.0
3.6275,0.05992587986719866,0.05992587986719866,0.0
3.6325000000000003,0.027763825076087437,0.027763825076087437,0.0
3.6375,0.020184732799305438,0.020184732799305438,0.0
3.6425,0.026742807463671216,0.026742807463671216,0.0
3.6475,0.04983351346754593,0.04983351346754593,0.0
3.6525,0.10131636307822577,0.10131636307822577,0.0
3.6575,0.16485507449705109,0.16485507449705109,0.0
3.6625,0.2451620367044045,0.2451620367044045,0.0
3.6675,0.34231578951662567,0.34231578951662567,0.0
3.6725,0.4344429940831055,0.4344429940831055,0.0
3.6775,0.5015159972372178,0.5015159972372178,0.0
3.6825,0.5310862380891187,0.5310862380891187,0.0
3.6875,0.4909523919395268,0.4909523919395268,0.0
3.6925,0.4036946559861088,0.4036946559861088,0.0
3.6975000000000002,0.2862383606500728,0.2862383606500728,0.0
3.7025,0.16913549448756524,0.16913549448756524,0.0
3.7075,0.09797842088378805,0.09797842088378805,0.0
3.7125,0.046495571273108244,0.046495571273108244,0.0
3.7175000000000002,0.02481858196334832,0.02481858196334832,0.0
3.7225,0.02250165738132688,0.02250165738132688,0.0
3.7275,0.03227986451562077,0.03227986451562077,0.0
3.7325,0.06848671984822702,0.06848671984822702,0.0
3.7375000000000003,0.11894855184649065,0.11894855184649065,0.0
3.7425,0.18327266142871304,0.18327266142871304,0.0
3.7475,0.2627549555644995,0.2627549555644995,0.0
3.7525,0.3517798373855606,0.3517798373855606,0.0
3.7575000000000003,0.44406412158472,0.44406412158472,0.0
3.7625,0.4948793827565124,0.4948793827565124,0.0
3.7675,0.5037151120947297,0.5037151120947297,0.0
3.7725,0.4542350278007124,0.4542350278007124,0.0
3.7775,0.3886542811570546,0.3886542811570546,0.0
3.7825,0.268292012616449,0.268292012616449,0.0
3.7875,0.16096735358823544,0.16096735358823544,0.0
3.7925,0.09848892968999619,0.09848892968999619,0.0
3.7975,0.050029863008395195,0.050029863008395195,0.0
3.8025,0.026782077371841073,0.026782077371841073,0.0
3.8075,0.02049889206466428,0.02049889206466428,0.0
3.8125,0.03381139093424511,0.03381139093424511,0.0
3.8175,0.06915430828711455,0.06915430828711455,0.0
3.8225000000000002,0.11411835314159847,0.11411835314159847,0.0
3.8275,0.17459401172317504,0.17459401172317504,0.0
3.8325,0.24147066533643813,0.24147066533643813,0.0
3.8375,0.330063578167631,0.330063578167631,0.0
3.8425000000000002,0.4119413367017786,0.4119413367017786,0.0
3.8475,0.46986445125231474,0.46986445125231474,0.0
3.8525,0.4875359099287495,0.4875359099287495,0.0
3.8575,0.4614214209957958,0.4614214209957958,0.0
3.8625000000000003,0.39372009931096585,0.39372009931096585,0.0
3.8675,0.2980586030091991,0.2980586030091991,0.0
3.8725,0.18904533792968167,0.18904533792968167,0.0
3.8775,0.11941979074452885,0.11941979074452885,0.0
3.8825000000000003,0.06829037030737775,0.06829037030737775,0.0
3.8875,0.03569634652639813,0.03569634652639813,0.0
3.8925,0.02124502031989152,0.02124502031989152,0.0
3.8975,0.026782077371841073,0.026782077371841073,0.0
3.9025000000000003,0.053289265386493166,0.053289265386493166,0.0
3.9075,0.08984954989262811,0.08984954989262811,0.0
3.9125,0.13709124942096362,0.13709124942096362,0.0
3.9175,0.2036930136770376,0.2036930136770376,0.0
3.9225,0.27893415773047975,0.27893415773047975,0.0
3.9275,0.34663547941530964,0.34663547941530964,0.0
3.9325,0.4222693225504504,0.4222693225504504,0.0
3.9375,0.464366664108535,0.464366664108535,0.0
3.9425,0.46797949566016167,0.46797949566016167,0.0
3.9475000000000002,0.43797728581839246,0.43797728581839246,0.0
3.9525,0.350876629497654,0.350876629497654,0.0
3.9575,0.2632261944625378,0.2632261944625378,0.0
3.9625,0.16937111393658436,0.16937111393658436,0.0
3.9675000000000002,0.10536116361972082,0.10536116361972082,0.0
3.9725,0.060200769224387635,0.060200769224387635,0.0
3.9775,0.02972732048458018,0.02972732048458018,0.0
3.9825,0.02226603793230775,0.02226603793230775,0.0
3.9875000000000003,0.03055198855614714,0.03055198855614714,0.0
3.9925,0.05647012794825141,0.05647012794825141,0.0
3.9975,0.08984954989262811,0.08984954989262811,0.0
4.0025,0.14019357216638212,0.14019357216638212,0.0
4.0075,0.2065204470652672,0.2065204470652672,0.0
4.0125,0.26888106123899697,0.26888106123899697,0.0
4.0175,0.3379960996179417,0.3379960996179417,0.0
4.0225,0.39858956792402783,0.39858956792402783,0.0
4.0275,0.4478340327690261,0.4478340327690261,0.0
4.0325,0.4547062666987507,0.4547062666987507,0.0
4.0375,0.4297306051027228,0.4297306051027228,0.0
4.0425,0.35935892966234273,0.35935892966234273,0.0
4.0475,0.27261170251513306,0.27261170251513306,0.0
4.0525,0.1923832801241194,0.1923832801241194,0.0
4.0575,0.11030917204912255,0.11030917204912255,0.0
4.0625,0.06510950774561951,0.06510950774561951,0.0
4.0675,0.034910948363001036,0.034910948363001036,0.0
4.0725,0.022894356463025428,0.022894356463025428,0.0
4.0775,0.02662499773916165,0.02662499773916165,0.0
4.0825000000000005,0.04362886797670884,0.04362886797670884,0.0
4.0875,0.07586946258415976,0.07586946258415976,0.0
4.0925,0.11847731294845236,0.11847731294845236,0.0
4.0975,0.17270905613102205,0.17270905613102205,0.0
4.1025,0.2371902453459239,0.2371902453459239,0.0
4.1075,0.2988440011725962,0.2988440011725962,0.0
4.1125,0.36524941588782095,0.36524941588782095,0.0
4.1175,0.40357684626159934,0.40357684626159934,0.0
4.1225000000000005,0.4407654492984522,0.4407654492984522,0.0
4.1275,0.4349535028893135,0.4349535028893135,0.0
4.1325,0.3929347011475688,0.3929347011475688,0.0
4.1375,0.3280215429427985,0.3280215429427985,0.0
4.1425,0.24186336441813666,0.24186336441813666,0.0
4.1475,0.15751160166928818,0.15751160166928818,0.0
4.1525,0.08894634200472144,0.08894634200472144,0.0
4.1575,0.05081526117179228,0.05081526117179228,0.0
4.1625,0.02921681167837207,0.02921681167837207,0.0
4.1675,0.02587886948393441,0.02587886948393441,0.0
4.1725,0.028195794065955848,0.028195794065955848,0.0
4.1775,0.04712388980382593,0.04712388980382593,0.0
4.1825,0.07453428570638469,0.07453428570638469,0.0
4.1875,0.12134401624485178,0.12134401624485178,0.0
4.1925,0.17592918860095016,0.17592918860095016,0.0
4.1975,0.23271347581456048,0.23271347581456048,0.0
4.2025,0.2974695543866513,0.2974695543866513,0.0
4.2075000000000005,0.3568063856313021,0.3568063856313021,0.0
4.2125,0.399885474893633,0.399885474893633,0.0
4.2175,0.4175962034782377,0.4175962034782377,0.0
4.2225,0.423447419795546,0.423447419795546,0.0
4.2275,0.3913639048207746,0.3913639048207746,0.0
4.2325,0.32696125542221244,0.32696125542221244,0.0
4.2375,0.24967807614393778,0.24967807614393778,0.0
4.2425,0.16976381301828294,0.16976381301828294,0.0
4.2475000000000005,0.09377654070961362,0.09377654070961362,0.0
4.2525,0.051875548692378384,0.051875548692378384,0.0
4.2575,0.03161227607673322,0.03161227607673322,0.0
4.2625,0.02646791810648223,0.02646791810648223,0.0
4.2675,0.02929535149471178,0.02929535149471178,0.0
4.2725,0.03765984193489089,0.03765984193489089,0.0
4.2775,0.059808070142689095,0.059808070142689095,0.0
4.2825,0.09742864216941012,0.09742864216941012,0.0
4.2875000000000005,0.14718361582061637,0.14718361582061637,0.0
4.2925,0.1986271955231263,0.1986271955231263,0.0
4.2975,0.25839599575764566,0.25839599575764566,0.0
4.3025,0.3251941095545689,0.3251941095545689,0.0
4.3075,0.37667695916524885,0.37667695916524885,0.0
4.3125,0.403969545343298,0.403969545343298,0.0
4.3175,0.40557961157826206,0.40557961157826206,0.0
4.3225,0.4044015143331664,0.4044015143331664,0.0
4.3275,0.36328592047932823,0.36328592047932823,0.0
4.3325000000000005,0.29118636907947454,0.29118636907947454,0.0
4.3375,0.21284290228061384,0.21284290228061384,0.0
4.3425,0.13826934666605928,0.13826934666605928,0.0
4.3475,0.08093528073807105,0.08093528073807105,0.0
4.3525,0.04178318229272565,0.04178318229272565,0.0
4.3575,0.03015928947444859,0.03015928947444859,0.0
4.3625,0.027803094984257294,0.027803094984257294,0.0
4.3675,0.02878484268850367,0.02878484268850367,0.0
4.3725000000000005,0.03714933312868277,0.03714933312868277,0.0
4.3775,0.0623213442655598,0.0623213442655598,0.0
4.3825,0.09522952731189824,0.09522952731189824,0.0
4.3875,0.1423534171157242,0.1423534171157242,0.0
4.3925,0.19646735057378428,0.19646735057378428,0.0
4.3975,0.24849997889884212,0.24849997889884212,0.0
4.4025,0.3101144648173446,0.3101144648173446,0.0
4.4075,0.37161114101133746,0.37161114101133746,0.0
4.4125000000000005,0.39450549747436303,0.39450549747436303,0.0
4.4175,0.40023890406716184,0.40023890406716184,0.0
4.4225,0.3890862501469229,0.3890862501469229,0.0
4.4275,0.36316811075481864,0.36316811075481864,0.0
4.4325,0.29554532888632845,0.29554532888632845,0.0
4.4375,0.22580197197666593,0.22580197197666593,0.0
4.4425,0.1445918018814059,0.1445918018814059,0.0
4.4475,0.09330530181157534,0.09330530181157534,0.0
4.4525,0.054192473274399834,0.054192473274399834,0.0
4.4575000000000005,0.034910948363001036,0.034910948363001036,0.0
4.4625,0.026193028749293246,0.026193028749293246,0.0
4.4675,0.02635010838197267,0.02635010838197267,0.0
4.4725,0.03121957699503468,0.03121957699503468,0.0
4.4775,0.04787001805905317,0.04787001805905317,0.0
4.4825,0.0701753258995308,0.0701753258995308,0.0
4.4875,0.11058406140631152,0.11058406140631152,0.0
4.4925,0.16367697725195543,0.16367697725195543,0.0
4.4975000000000005,0.20923007072898717,0.20923007072898717,0.0
4.5025,0.2693130302288653,0.2693130302288653,0.0
4.5075,0.32307353451339677,0.32307353451339677,0.0
4.5125,0.3688229775312778,0.3688229775312778,0.0
4.5175,0.39470184701521227,0.39470184701521227,0.0
4.5225,0.39764709012795146,0.39764709012795146,0.0
4.5275,0.3731426674299618,0.3731426674299618,0.0
4.5325,0.33300882128037007,0.33300882128037007,0.0
4.5375000000000005,0.26546457922821953,0.26546457922821953,0.0
4.5425,0.1985486557067866,0.1985486557067866,0.0
4.5475,0.13540264336965982,0.13540264336965982,0.0
4.5525,0.08859291283119276,0.08859291283119276,0.0
4.5575,0.055056411254136635,0.055056411254136635,0.0
4.5625,0.037581302118551166,0.037581302118551166,0.0
4.5675,0.025093471320537297,0.025093471320537297,0.0
4.5725,0.023561944901912962,0.023561944901912962,0.0
4.5775,0.031180307086864822,0.031180307086864822,0.0
4.5825000000000005,0.04433572632376623,0.04433572632376623,0.0
4.5875,0.06726935269496152,0.06726935269496152,0.0
4.5925,0.0999811862004507,0.0999811862004507,0.0
4.5975,0.14196071803402563,0.14196071803402563,0.0
4.6025,0.19179423150157154,0.19179423150157154,0.0
4.6075,0.2472826117455766,0.2472826117455766,0.0
4.6125,0.31113548242976086,0.31113548242976086,0.0
4.6175,0.34255140896564484,0.34255140896564484,0.0
4.6225000000000005,0.36858735808225856,0.36858735808225856,0.0
4.6275,0.39336667013743715,0.39336667013743715,0.0
4.6325,0.3819783967681792,0.3819783967681792,0.0
4.6375,0.3363467634748077,0.3363467634748077,0.0
4.6425,0.2795232063530276,0.2795232063530276,0.0
4.6475,0.21845849914890314,0.21845849914890314,0.0
4.6525,0.1576686813019676,0.1576686813019676,0.0
4.6575,0.10909180489585704,0.10909180489585704,0.0
4.6625000000000005,0.07838273670703047,0.07838273670703047,0.0
4.6675,0.04920519493682824,0.04920519493682824,0.0
4.6725,0.03235840433196046,0.03235840433196046,0.0
4.6775,0.025172011136877018,0.025172011136877018,0.0
4.6825,0.026782077371841066,0.026782077371841066,0.0
4.6875,0.03078760800516627,0.03078760800516627,0.0
4.6925,0.046574111089447964,0.046574111089447964,0.0
4.6975,0.0733169185531192,0.0733169185531192,0.0
4.7025,0.1018661417926037,0.1018661417926037,0.0
4.7075000000000005,0.1445132620650662,0.1445132620650662,0.0
4.7125,0.1910481032463443,0.1910481032463443,0.0
4.7175,0.24716480202106703,0.24716480202106703,0.0
4.7225,0.29153979825300325,0.29153979825300325,0.0
4.7275,0.33968470566924547,0.33968470566924547,0.0
4.7325,0.35232961609993874,0.35232961609993874,0.0
4.7375,0.3740851452260383,0.3740851452260383,0.0
4.7425,0.36383569919370623,0.36383569919370623,0.0
4.7475000000000005,0.33159510458625524,0.33159510458625524,0.0
4.7525,0.2752427863625134,0.2752427863625134,0.0
4.7575,0.23357741379429722,0.23357741379429722,0.0
4.7625,0.1621847207415009,0.1621847207415009,0.0
4.7675,0.1124297470902947,0.1124297470902947,0.0
4.7725,0.0884751031066832,0.0884751031066832,0.0
4.7775,0.055527650152174896,0.055527650152174896,0.0
4.7825,0.0382488905574387,0.0382488905574387,0.0
4.7875000000000005,0.030866147821505978,0.030866147821505978,0.0
4.7925,0.02756747553523816,0.02756747553523816,0.0
4.7975,0.026350108381972662,0.026350108381972662,0.0
4.8025,0.03785619147574016,0.03785619147574016,0.0
4.8075,0.05705917657079923,0.05705917657079923,0.0
4.8125,0.08458738219786757,0.08458738219786757,0.0
4.8175,0.11360784433539035,0.11360784433539035,0.0
4.8225,0.16245961009868992,0.16245961009868992,0.0
4.8275,0.19552487277770778,0.19552487277770778,0.0
4.8325000000000005,0.25289820861386597,0.25289820861386597,0.0
4.8375,0.29322840430430697,0.29322840430430697,0.0
4.8425,0.33261612219867154,0.33261612219867154,0.0
4.8475,0.34168747098590796,0.34168747098590796,0.0
4.8525,0.34875605445648195,0.34875605445648195,0.0
4.8575,0.33536501577056144,0.33536501577056144,0.0
4.8625,0.30795461986800254,0.30795461986800254,0.0
4.8675,0.2723368131579441,0.2723368131579441,0.0
4.8725000000000005,0.22442752519072104,0.22442752519072104,0.0
4.8775,0.16878206531403656,0.16878206531403656,0.0
4.8825,0.12059788798962452,0.12059788798962452,0.0
4.8875,0.07838273670703048,0.07838273670703048,0.0
4.8925,0.058158733999555186,0.058158733999555186,0.0
4.8975,0.04115486376200798,0.04115486376200798,0.0
4.9025,0.03243694414830017,0.03243694414830017,0.0
4.9075,0.029648780668240473,0.029648780668240473,0.0
4.9125000000000005,0.02548617040223585,0.02548617040223585,0.0
4.9175,0.03440043955679293,0.03440043955679293,0.0
4.9225,0.05191481860054824,0.05191481860054824,0.0
4.9275,0.07237444075704268,0.07237444075704268,0.0
4.9325,0.09801769079195792,0.09801769079195792,0.0
4.9375,0.13673782024743494,0.13673782024743494,0.0
4.9425,0.17015651209998148,0.17015651209998148,0.0
4.9475,0.21535617640348467,0.21535617640348467,0.0
4.9525,0.2546260845733395,0.2546260845733395,0.0
4.9575000000000005,0.29735174466214176,0.29735174466214176,0.0
4.9625,0.31635838021635154,0.31635838021635154,0.0
4.9675,0.329238910096064,0.329238910096064,0.0
4.9725,0.3271968748712315,0.3271968748712315,0.0
4.9775,0.3150232033385765,0.3150232033385765,0.0
4.9825,0.28749499771150816,0.28749499771150816,0.0
4.9875,0.25211281045046885,0.25211281045046885,0.0
4.9925,0.20667752669794662,0.20667752669794662,0.0
4.9975000000000005,0.16599390183397686,0.16599390183397686,0.0
5.0025,0.11784899441773468,0.11784899441773468,0.0
5.0075,0.07995353303382467,0.07995353303382467,0.0
5.0125,0.061143247020464156,0.061143247020464156,0.0
5.0175,0.04433572632376623,0.04433572632376623,0.0
5.0225,0.030473448739807434,0.030473448739807434,0.0
5.0275,0.027724555167917584,0.027724555167917584,0.0
5.0325,0.030002209841769174,0.030002209841769174,0.0
5.0375000000000005,0.036481744689795245,0.036481744689795245,0.0
5.0425,0.04755585879369434,0.04755585879369434,0.0
5.0475,0.06542366701097833,0.06542366701097833,0.0
5.0525,0.08713992622890813,0.08713992622890813,0.0
5.0575,0.11211558782493586,0.11211558782493586,0.0
5.0625,0.14769412462682444,0.14769412462682444,0.0
5.0675,0.18386171005126084,0.18386171005126084,0.0
5.0725,0.2283545160077066,0.2283545160077066,0.0
5.0775,0.2600453319007795,0.2600453319007795,0.0
5.0825000000000005,0.28360727680269254,0.28360727680269254,0.0
5.0875,0.30654090317388777,0.30654090317388777,0.0
5.0925,0.31180307086864834,0.31180307086864834,0.0
5.0975,0.30634455363303853,0.30634455363303853,0.0
5.1025,0.3007682266729191,0.3007682266729191,0.0
5.1075,0.2635403537278966,0.2635403537278966,0.0
5.1125,0.22870794518123527,0.22870794518123527,0.0
5.1175,0.19320794819568635,0.19320794819568635,0.0
5.1225000000000005,0.15456635855654907,0.15456635855654907,0.0
5.1275,0.1135685744272205,0.1135685744272205,0.0
5.1325,0.09075275778053477,0.09075275778053477,0.0
5.1375,0.06342090169431575,0.06342090169431575,0.0
5.1425,0.043550328160369134,0.043550328160369134,0.0
5.1475,0.03636393496528567,0.03636393496528567,0.0
5.1525,0.03118030708686483,0.03118030708686483,0.0
5.1575,0.03121957699503467,0.03121957699503467,0.0
5.1625000000000005,0.03467532891398191,0.03467532891398191,0.0
5.1675,0.04256858045612275,0.04256858045612275,0.0
5.1725,0.05862997289759344,0.05862997289759344,0.0
5.1775,0.07795076771716207,0.07795076771716207,0.0
5.1825,0.09436558933216144,0.09436558933216144,0.0
5.1875,0.12483903807196886,0.12483903807196886,0.0
5.1925,0.16587609210946733,0.16587609210946733,0.0
5.1975,0.19257962966496864,0.19257962966496864,0.0
5.2025,0.22340650757830477,0.22340650757830477,0.0
5.2075000000000005,0.2496388062357679,0.2496388062357679,0.0
5.2125,0.26986280894324327,0.26986280894324327,0.0
5.2175,0.2855707722111853,0.2855707722111853,0.0
5.2225,0.2913827186203238,0.2913827186203238,0.0
5.2275,0.29405307237587397,0.29405307237587397,0.0
5.2325,0.27728482158734585,0.27728482158734585,0.0
5.2375,0.24626159413316043,0.24626159413316043,0.0
5.2425,0.21720186208746775,0.21720186208746775,0.0
5.2475000000000005,0.18115208638754085,0.18115208638754085,0.0
5.2525,0.15236724369903717,0.15236724369903717,0.0
5.2575,0.1208335074386437,0.1208335074386437,0.0
5.2625,0.08981027998445826,0.08981027998445826,0.0
5.2675,0.07052875507305949,0.07052875507305949,0.0
5.2725,0.049833513467545915,0.049833513467545915,0.0
5.2775,0.042961279537821306,0.042961279537821306,0.0
5.2825,0.035342917352869443,0.035342917352869443,0.0
5.2875000000000005,0.03169081589307294,0.03169081589307294,0.0
5.2925,0.03577488634273785,0.03577488634273785,0.0
5.2975,0.044492805956445655,0.044492805956445655,0.0
5.3025,0.05317145566198359,0.05317145566198359,0.0
5.3075,0.06675884388875343,0.06675884388875343,0.0
5.3125,0.07712609964559511,0.07712609964559511,0.0
5.3175,0.11054479149814164,0.11054479149814164,0.0
5.3225,0.12845186962359553,0.12845186962359553,0.0
5.3275,0.16010341560849858,0.16010341560849858,0.0
5.3325000000000005,0.1803274183159739,0.1803274183159739,0.0
5.3375,0.20318250487082953,0.20318250487082953,0.0
5.3425,0.23338106425344798,0.23338106425344798,0.0
5.3475,0.2539192262262821,0.2539192262262821,0.0
5.3525,0.2718655742599059,0.2718655742599059,0.0
5.3575,0.2774419012200253,0.2774419012200253,0.0
5.3625,0.2686061718818079,0.2686061718818079,0.0
5.3675,0.24728261174557664,0.24728261174557664,0.0
5.3725000000000005,0.23330252443710822,0.23330252443710822,0.0
5.3775,0.20640263734075762,0.20640263734075762,0.0
5.3825,0.1776177946522539,0.1776177946522539,0.0
5.3875,0.162970118904898,0.162970118904898,0.0
5.3925,0.13080806411378681,0.13080806411378681,0.0
5.3975,0.10477211499717298,0.10477211499717298,0.0
5.4025,0.08340928495277192,0.08340928495277192,0.0
5.4075,0.06660176425607399,0.06660176425607399,0.0
5.4125000000000005,0.05474225198877779,0.05474225198877779,0.0
5.4175,0.0405265452312903,0.0405265452312903,0.0
5.4225,0.036952983587833506,0.036952983587833506,0.0
5.4275,0.038602319730967415,0.038602319730967415,0.0
5.4325,0.039623337343383636,0.039623337343383636,0.0
5.4375,0.04547455366069202,0.04547455366069202,0.0
5.4425,0.055292030703155776,0.055292030703155776,0.0
5.4475,0.07013605599136093,0.07013605599136093,0.0
5.4525,0.07979645340114525,0.07979645340114525,0.0
5.4575000000000005,0.10363328766024721,0.10363328766024721,0.0
5.4625,0.11961614028537813,0.11961614028537813,0.0
5.4675,0.1462804079327097,0.1462804079327097,0.0
5.4725,0.16261668973136933,0.16261668973136933,0.0
5.4775,0.19061613425647592,0.19061613425647592,0.0
5.4825,0.21362830044401093,0.21362830044401093,0.0
5.4875,0.22599832151751525,0.22599832151751525,0.0
5.4925,0.23483405085573264,0.23483405085573264,0.0
5.4975000000000005,0.23966424956062474,0.23966424956062474,0.0
5.5025,0.23585506846814883,0.23585506846814883,0.0
5.5075,0.23895739121356738,0.23895739121356738,0.0
5.5125,0.22242475987405844,0.22242475987405844,0.0
5.5175,0.20487111092213328,0.20487111092213328,0.0
5.5225,0.18771016105190663,0.18771016105190663,0.0
5.5275,0.17427985245781624,0.17427985245781624,0.0
5.5325,0.1443561824323868,0.1443561824323868,0.0
5.5375000000000005,0.12483903807196886,0.12483903807196886,0.0
5.5425,0.10441868582364429,0.10441868582364429,0.0
5.5475,0.09228428419915913,0.09228428419915913,0.0
5.5525,0.0730420291959302,0.0730420291959302,0.0
5.5575,0.0631067424289569,0.0631067424289569,0.0
5.5625,0.04838052686526129,0.04838052686526129,0.0
5.5675,0.04229369109893377,0.04229369109893377,0.0
5.5725,0.03903428872083581,0.03903428872083581,0.0
5.5775,0.04131194339468739,0.04131194339468739,0.0
5.5825000000000005,0.044021567058407395,0.044021567058407395,0.0
5.5875,0.05348561492734243,0.05348561492734243,0.0
5.5925,0.06389214059235401,0.06389214059235401,0.0
5.5975,0.07602654221683917,0.07602654221683917,0.0
5.6025,0.08604036880015219,0.08604036880015219,0.0
5.6075,0.10100220381286694,0.10100220381286694,0.0
5.6125,0.11737775551969643,0.11737775551969643,0.0
5.6175,0.13756248831900184,0.13756248831900184,0.0
5.6225000000000005,0.16399113651731423,0.16399113651731423,0.0
5.6275,0.1795812900607467,0.1795812900607467,0.0
5.6325,0.19583903204306663,0.19583903204306663,0.0
5.6375,0.19780252745155938,0.19780252745155938,0.0
5.6425,0.21087940687212103,0.21087940687212103,0.0
5.6475,0.21111502632114018,0.21111502632114018,0.0
5.6525,0.20848394247375995,0.20848394247375995,0.0
5.6575,0.20353593404435819,0.20353593404435819,0.0
5.6625000000000005,0.2003550714825999,0.2003550714825999,0.0
5.6675,0.19462166488980112,0.19462166488980112,0.0
5.6725,0.18315485170420348,0.18315485170420348,0.0
5.6775,0.1665829504565247,0.1665829504565247,0.0
5.6825,0.15169965526014967,0.15169965526014967,0.0
5.6875,0.13654147070658565,0.13654147070658565,0.0
5.6925,0.1135685744272205,0.1135685744272205,0.0
5.6975,0.10159125243541474,0.10159125243541474,0.0
5.7025,0.0913418064030826,0.0913418064030826,0.0
5.7075000000000005,0.07579092276782005,0.07579092276782005,0.0
5.7125,0.06514877765378936,0.06514877765378936,0.0
5.7175,0.05415320336622997,0.05415320336622997,0.0
5.7225,0.04704534998748622,0.04704534998748622,0.0
5.7275,0.048812495855129694,0.048812495855129694,0.0
5.7325,0.046888270354806805,0.046888270354806805,0.0
5.7375,0.049165925028658394,0.049165925028658394,0.0
5.7425,0.05317145566198359,0.05317145566198359,0.0
5.7475000000000005,0.057648225193347065,0.057648225193347065,0.0
5.7525,0.063892140592354,0.063892140592354,0.0
5.7575,0.0761836218495186,0.0761836218495186,0.0
5.7625,0.08863218273936262,0.08863218273936262,0.0
5.7675,0.10811005719161064,0.10811005719161064,0.0
5.7725,0.11737775551969641,0.11737775551969641,0.0
5.7775,0.13457797529809293,0.13457797529809293,0.0
5.7825,0.14431691252421694,0.14431691252421694,0.0
5.7875000000000005,0.16544412311959888,0.16544412311959888,0.0
5.7925,0.1696067333856035,0.1696067333856035,0.0
5.7975,0.1829585021633542,0.1829585021633542,0.0
5.8025,0.1846863781228278,0.1846863781228278,0.0
5.8075,0.17954202015257684,0.17954202015257684,0.0
5.8125,0.1823694535408064,0.1823694535408064,0.0
5.8175,0.18185894473459824,0.18185894473459824,0.0
5.8225,0.1866106036231507,0.1866106036231507,0.0
5.8275,0.18103427666303132,0.18103427666303132,0.0
5.8325000000000005,0.17208073760030435,0.17208073760030435,0.0
5.8375,0.15130695617845114,0.15130695617845114,0.0
5.8425,0.13775883785985113,0.13775883785985113,0.0
5.8475,0.1369341697882842,0.1369341697882842,0.0
5.8525,0.12582078577621522,0.12582078577621522,0.0
5.8575,0.11537499020303384,0.11537499020303384,0.0
5.8625,0.09746791207757999,0.09746791207757999,0.0
5.8675,0.08823948365766406,0.08823948365766406,0.0
5.8725000000000005,0.07901105523774814,0.07901105523774814,0.0
5.8775,0.06730862260313138,0.06730862260313138,0.0
5.8825,0.0626747734390885,0.0626747734390885,0.0
5.8875,0.058119464091385305,0.058119464091385305,0.0
5.8925,0.05183627878420852,0.05183627878420852,0.0
5.8975,0.048851765763299554,0.048851765763299554,0.0
5.9025,0.05226824777407694,0.05226824777407694,0.0
5.9075,0.05101161071264157,0.05101161071264157,0.0
5.9125000000000005,0.0508152611717923,0.0508152611717923,0.0
5.9175,0.05902267197929198,0.05902267197929198,0.0
5.9225,0.06766205177666008,0.06766205177666008,0.0
5.9275,0.07846127652337019,0.07846127652337019,0.0
5.9325,0.08839656329034347,0.08839656329034347,0.0
5.9375,0.09711448290405127,0.09711448290405127,0.0
5.9425,0.10940596416121587,0.10940596416121587,0.0
5.9475,0.12146182596936136,0.12146182596936136,0.0
5.9525,0.12672399366412193,0.12672399366412193,0.0
5.9575000000000005,0.13343914796116713,0.13343914796116713,0.0
5.9625,0.13932963418664535,0.13932963418664535,0.0
5.9675,0.15232797379086735,0.15232797379086735,0.0
5.9725,0.15472343818922848,0.15472343818922848,0.0
5.9775,0.17325883484540003,0.17325883484540003,0.0
5.9825,0.17007797228364177,0.17007797228364177,0.0
5.9875,0.168389366232338,0.168389366232338,0.0
5.9925,0.16312719853757746,0.16312719853757746,0.0
5.9975000000000005,0.15252432333171662,0.15252432333171662,0.0
6.0025,0.14576989912650157,0.14576989912650157,0.0
6.0075,0.14380640371800885,0.14380640371800885,0.0
6.0125,0.13854423602324825,0.13854423602324825,0.0
6.0175,0.13328206832848769,0.13328206832848769,0.0
6.0225,0.12605640522523437,0.12605640522523437,0.0
6.0275,0.12625275476608366,0.12625275476608366,0.0
6.0325,0.11058406140631155,0.11058406140631155,0.0
6.0375000000000005,0.10862056599781877,0.10862056599781877,0.0
6.0425,0.0988423588635249,0.0988423588635249,0.0
6.0475,0.0892605012700803,0.0892605012700803,0.0
6.0525,0.07783295799265251,0.07783295799265251,0.0
6.0575,0.06887941892992558,0.06887941892992558,0.0
6.0625,0.059690260418179535,0.059690260418179535,0.0
6.0675,0.05603815895838301,0.05603815895838301,0.0
6.0725,0.05006913291656505,0.05006913291656505,0.0
6.077500000000001,0.04971570374303635,0.04971570374303635,0.0
6.0825000000000005,0.04700608007931636,0.04700608007931636,0.0
6.0875,0.049676433834866494,0.049676433834866494,0.0
6.0925,0.049794243559376075,0.049794243559376075,0.0
6.0975,0.05262167694760563,0.05262167694760563,0.0
6.1025,0.05238605749858649,0.05238605749858649,0.0
6.1075,0.06298893270444735,0.06298893270444735,0.0
6.1125,0.06978262681783225,0.06978262681783225,0.0
6.1175,0.08360563449362118,0.08360563449362118,0.0
6.1225000000000005,0.0941299698831423,0.0941299698831423,0.0
6.1275,0.09994191629228083,0.09994191629228083,0.0
6.1325,0.10928815443670634,0.10928815443670634,0.0
6.1375,0.11435397259061761,0.11435397259061761,0.0
6.1425,0.12228649404092824,0.12228649404092824,0.0
6.1475,0.12016591899975612,0.12016591899975612,0.0
6.1525,0.1303760951239184,0.1303760951239184,0.0
6.1575,0.13575607254318856,0.13575607254318856,0.0
6.1625000000000005,0.13363549750201642,0.13363549750201642,0.0
6.1675,0.14117531987062854,0.14117531987062854,0.0
6.1725,0.1424319569320639,0.1424319569320639,0.0
6.1775,0.13603096190037753,0.13603096190037753,0.0
6.1825,0.13163273218535376,0.13163273218535376,0.0
6.1875,0.13394965676737522,0.13394965676737522,0.0
6.1925,0.13347841786933695,0.13347841786933695,0.0
6.1975,0.12452487880661002,0.12452487880661002,0.0
6.202500000000001,0.12605640522523437,0.12605640522523437,0.0
6.2075000000000005,0.1227970028471364,0.1227970028471364,0.0
6.2125,0.1219330648673996,0.1219330648673996,0.0
6.2175,0.1200873791834164,0.1200873791834164,0.0
6.2225,0.11305806562101237,0.11305806562101237,0.0
6.2275,0.11105530030434979,0.11105530030434979,0.0
6.2325,0.10799224746710114,0.10799224746710114,0.0
6.2375,0.0998241065677713,0.0998241065677713,0.0
6.2425,0.08816094384132436,0.08816094384132436,0.0
6.2475000000000005,0.07390596717566701,0.07390596717566701,0.0
6.2525,0.07598727230866933,0.07598727230866933,0.0
6.2575,0.0678976712256792,0.0678976712256792,0.0
6.2625,0.05694136684628967,0.05694136684628967,0.0
6.2675,0.05603815895838301,0.05603815895838301,0.0
6.2725,0.049597894018526795,0.049597894018526795,0.0
6.2775,0.051875548692378384,0.051875548692378384,0.0
6.2825,0.044453536048275795,0.044453536048275795,0.0
6.2875000000000005,0.040173116057761596,0.040173116057761596,0.0
6.2925,0.03989822670057262,0.03989822670057262,0.0
6.2975,0.045042584670823616,0.045042584670823616,0.0
6.3025,0.05309291584564389,0.05309291584564389,0.0
6.3075,0.05741260574432793,0.05741260574432793,0.0
6.3125,0.0600436895917082,0.0600436895917082,0.0
6.3175,0.06487388829660039,0.06487388829660039,0.0
6.3225,0.0706072948893992,0.0706072948893992,0.0
6.327500000000001,0.0710392638792676,0.0710392638792676,0.0
6.3325000000000005,0.07963937376846583,0.07963937376846583,0.0
6.3375,0.08372344421813076,0.08372344421813076,0.0
6.3425,0.08988881980079796,0.08988881980079796,0.0
6.3475,0.09314822217889594,0.09314822217889594,0.0
6.3525,0.09789988106744837,0.09789988106744837,0.0
6.3575,0.10469357518083328,0.10469357518083328,0.0
6.3625,0.10182687188443387,0.10182687188443387,0.0
6.3675,0.1077173581099121,0.1077173581099121,0.0
6.3725000000000005,0.11070187113082111,0.11070187113082111,0.0
6.3775,0.11133018966153878,0.11133018966153878,0.0
6.3825,0.1144325124069573,0.1144325124069573,0.0
6.3875,0.11506083093767501,0.11506083093767501,0.0
6.3925,0.12428925935759089,0.12428925935759089,0.0
6.3975,0.11725994579518685,0.11725994579518685,0.0
6.4025,0.11710286616250745,0.11710286616250745,0.0
6.4075,0.1208335074386437,0.1208335074386437,0.0
6.4125000000000005,0.1271952325621602,0.1271952325621602,0.0
6.4175,0.12330751165334454,0.12330751165334454,0.0
6.4225,0.12095131716315323,0.12095131716315323,0.0
6.4275,0.11784899441773468,0.11784899441773468,0.0
6.4325,0.11156580911055793,0.11156580911055793,0.0
6.4375,0.11046625168180195,0.11046625168180195,0.0
6.4425,0.10759954838540253,0.10759954838540253,0.0
6.4475,0.10363328766024721,0.10363328766024721,0.0
6.452500000000001,0.09738937226124027,0.09738937226124027,0.0
6.4575000000000005,0.08973174016811857,0.08973174016811857,0.0
6.4625,0.08615817852466176,0.08615817852466176,0.0
6.4675,0.08069966128905193,0.08069966128905193,0.0
6.4725,0.07488771487991339,0.07488771487991339,0.0
6.4775,0.06534512719463864,0.06534512719463864,0.0
6.4825,0.062046454908370824,0.062046454908370824,0.0
6.4875,0.05387831400904098,0.05387831400904098,0.0
6.4925,0.051679199151529104,0.051679199151529104,0.0
6.4975000000000005,0.04885176576329954,0.04885176576329954,0.0
6.5025,0.046417031456768544,0.046417031456768544,0.0
6.5075,0.04237223091527348,0.04237223091527348,0.0
6.5125,0.040016036425082176,0.040016036425082176,0.0
6.5175,0.04087997440481898,0.04087997440481898,0.0
6.5225,0.03813108083292915,0.03813108083292915,0.0
6.5275,0.04040873550678073,0.04040873550678073,0.0
6.5325,0.039269908169854935,0.039269908169854935,0.0
6.5375000000000005,0.036599554414304805,0.036599554414304805,0.0
6.5425,0.04327543880318014,0.04327543880318014,0.0
6.5475,0.04390375733389783,0.04390375733389783,0.0
6.5525,0.04425718650742652,0.04425718650742652,0.0
6.5575,0.04889103567146939,0.04889103567146939,0.0
6.5625,0.05128650006983056,0.05128650006983056,0.0
6.5675,0.05038329218192388,0.05038329218192388,0.0
6.5725,0.05364269456002185,0.05364269456002185,0.0
6.577500000000001,0.05705917657079924,0.05705917657079924,0.0
6.5825000000000005,0.057608955285177205,0.057608955285177205,0.0
6.5875,0.0634601716024856,0.0634601716024856,0.0
6.5925,0.06864379948090646,0.06864379948090646,0.0
6.5975,0.07363107781847802,0.07363107781847802,0.0
6.6025,0.07555530331880093,0.07555530331880093,0.0
6.6075,0.08348782476911162,0.08348782476911162,0.0
6.6125,0.08651160769819045,0.08651160769819045,0.0
6.6175,0.09263771337268782,0.09263771337268782,0.0
6.6225000000000005,0.08992808970896783,0.08992808970896783,0.0
6.6275,0.0961327351998049,0.0961327351998049,0.0
6.6325,0.106931959946515,0.106931959946515,0.0
6.6375,0.10351547793573763,0.10351547793573763,0.0
6.6425,0.11125164984519904,0.11125164984519904,0.0
6.6475,0.11203704800859615,0.11203704800859615,0.0
6.6525,0.11659235735629934,0.11659235735629934,0.0
6.6575,0.11635673790728018,0.11635673790728018,0.0
6.6625000000000005,0.11439324249878746,0.11439324249878746,0.0
6.6675,0.11388273369257934,0.11388273369257934,0.0
6.6725,0.11757410506054568,0.11757410506054568,0.0
6.6775,0.1161603883664309,0.1161603883664309,0.0
6.6825,0.11187996837591672,0.11187996837591672,0.0
6.6875,0.11050552158997182,0.11050552158997182,0.0
6.6925,0.10712830948736429,0.10712830948736429,0.0
6.6975,0.1056360529769098,0.1056360529769098,0.0
6.702500000000001,0.09742864216941012,0.09742864216941012,0.0
6.7075000000000005,0.09950994730241242,0.09950994730241242,0.0
6.7125,0.09251990364817826,0.09251990364817826,0.0
6.7175,0.08611890861649191,0.08611890861649191,0.0
6.7225,0.07826492698252091,0.07826492698252091,0.0
6.7275,0.07378815745115747,0.07378815745115747,0.0
6.7325,0.069036498562605,0.069036498562605,0.0
6.7375,0.05894413216295227,0.05894413216295227,0.0
6.7425,0.05238605749858649,0.05238605749858649,0.0
6.7475000000000005,0.04999059310022533,0.04999059310022533,0.0
6.7525,0.04555309347703172,0.04555309347703172,0.0
6.7575,0.04531747402801261,0.04531747402801261,0.0
6.7625,0.03526437753652973,0.03526437753652973,0.0
6.7675,0.03243694414830017,0.03243694414830017,0.0
6.7725,0.033025992770848,0.033025992770848,0.0
6.7775,0.026742807463671213,0.026742807463671213,0.0
6.7825,0.026821347280010926,0.026821347280010926,0.0
6.7875000000000005,0.025211281045046875,0.025211281045046875,0.0
6.7925,0.02619302874929324,0.02619302874929324,0.0
6.7975,0.024190263432630643,0.024190263432630643,0.0
6.8025,0.021559179585250363,0.021559179585250363,0.0
6.8075,0.02332632545289384,0.02332632545289384,0.0
6.8125,0.02030254252381501,0.02030254252381501,0.0
6.8175,0.020891591146362833,0.020891591146362833,0.0
6.8225,0.025329090769556434,0.025329090769556434,0.0
6.827500000000001,0.02635010838197267,0.02635010838197267,0.0
6.8325000000000005,0.02850995333131469,0.02850995333131469,0.0
6.8375,0.030434178831637588,0.030434178831637588,0.0
6.8425,0.03227986451562076,0.03227986451562076,0.0
6.8475,0.03169081589307294,0.03169081589307294,0.0
6.8525,0.03663882432247466,0.03663882432247466,0.0
6.8575,0.033418691852546555,0.033418691852546555,0.0
6.8625,0.03981968688423291,0.03981968688423291,0.0
6.8675,0.040369465598610876,0.040369465598610876,0.0
6.8725000000000005,0.04300054944599116,0.04300054944599116,0.0
6.8775,0.04680973053846709,0.04680973053846709,0.0
6.8825,0.047595128701864185,0.047595128701864185,0.0
6.8875,0.05423174318256968,0.05423174318256968,0.0
6.8925,0.053407075111002726,0.053407075111002726,0.0
6.8975,0.058119464091385326,0.058119464091385326,0.0
6.9025,0.06404922022503341,0.06404922022503341,0.0
6.9075,0.0694684675524734,0.0694684675524734,0.0
6.9125000000000005,0.0667588438887534,0.0667588438887534,0.0
6.9175,0.06962554718515283,0.06962554718515283,0.0
6.9225,0.07535895377795165,0.07535895377795165,0.0
6.9275,0.07869689597238932,0.07869689597238932,0.0
6.9325,0.08604036880015221,0.08604036880015221,0.0
6.9375,0.08478373173871684,0.08478373173871684,0.0
6.9425,0.08800386420864494,0.08800386420864494,0.0
6.9475,0.08545132017760436,0.08545132017760436,0.0
6.952500000000001,0.09240209392366869,0.09240209392366869,0.0
6.9575000000000005,0.09428704951582173,0.09428704951582173,0.0
6.9625,0.09872454913901531,0.09872454913901531,0.0
6.9675,0.10343693811939791,0.10343693811939791,0.0
6.9725,0.10166979225175446,0.10166979225175446,0.0
6.9775,0.10131636307822577,0.10131636307822577,0.0
6.9825,0.11066260122265124,0.11066260122265124,0.0
6.9875,0.11290098598833297,0.11290098598833297,0.0
6.9925,0.10873837572232835,0.10873837572232835,0.0
6.9975000000000005,0.09931359776156316,0.09931359776156316,0.0
7.0025,0.11356857442722053,0.11356857442722053,0.0
7.0075,0.1069712298546849,0.1069712298546849,0.0
7.0125,0.10053096491482867,0.10053096491482867,0.0
7.0175,0.10115928344554637,0.10115928344554637,0.0
7.0225,0.09083129759687449,0.09083129759687449,0.0
7.0275,0.09283406291353709,0.09283406291353709,0.0
7.0325,0.08549059008577423,0.08549059008577423,0.0
7.0375000000000005,0.07999280294199453,0.07999280294199453,0.0
7.0425,0.0750447945125928,0.0750447945125928,0.0
7.0475,0.06342090169431575,0.06342090169431575,0.0
7.0525,0.060397118765236915,0.060397118765236915,0.0
7.0575,0.057805304826026485,0.057805304826026485,0.0
7.0625,0.04857687640611057,0.04857687640611057,0.0
7.0675,0.04170464247638594,0.04170464247638594,0.0
7.0725,0.03451824928130249,0.03451824928130249,0.0
7.077500000000001,0.03125884690320453,0.03125884690320453,0.0
7.0825000000000005,0.02470077223883876,0.02470077223883876,0.0
7.0875,0.019202985095059067,0.019202985095059067,0.0
7.0925,0.020106192982965735,0.020106192982965735,0.0
7.0975,0.016375551706829514,0.016375551706829514,0.0
7.1025,0.014961835012714733,0.014961835012714733,0.0
7.1075,0.012762720155202863,0.012762720155202863,0.0
7.1125,0.01064214511403069,0.01064214511403069,0.0
7.1175,0.011309733552918226,0.011309733552918226,0.0
7.1225000000000005,0.011466813185597646,0.011466813185597646,0.0
7.1275,0.006754424205215052,0.006754424205215052,0.0
7.1325,0.009974556675143157,0.009974556675143157,0.0
7.1375,0.008128870991159975,0.008128870991159975,0.0
7.1425,0.008482300164688669,0.008482300164688669,0.0
7.1475,0.010131636307822578,0.010131636307822578,0.0
7.1525,0.011349003461088077,0.011349003461088077,0.0
7.1575,0.010799224746710112,0.010799224746710112,0.0
7.1625000000000005,0.011623892818277064,0.011623892818277064,0.0
7.1675,0.012605640522523437,0.012605640522523437,0.0
7.1725,0.010092366399652724,0.010092366399652724,0.0
7.1775,0.013508848410430103,0.013508848410430103,0.0
7.1825,0.012684180338863149,0.012684180338863149,0.0
7.1875,0.014294246573827201,0.014294246573827201,0.0
7.1925,0.01881028601336052,0.01881028601336052,0.0
7.1975,0.0174358392274156,0.0174358392274156,0.0
7.202500000000001,0.01751437904375531,0.01751437904375531,0.0
7.2075000000000005,0.019792033717606895,0.019792033717606895,0.0
7.2125,0.018692476288850957,0.018692476288850957,0.0
7.2175,0.02085232123819298,0.02085232123819298,0.0
7.2225,0.021991148575118767,0.021991148575118767,0.0
7.2275,0.022030418483288624,0.022030418483288624,0.0
7.2325,0.025132741228707164,0.025132741228707164,0.0
7.2375,0.023444135177403402,0.023444135177403402,0.0
7.2425,0.02525055095321673,0.02525055095321673,0.0
7.2475000000000005,0.026703537555501367,0.026703537555501367,0.0
7.2525,0.03027709919895816,0.03027709919895816,0.0
7.2575,0.028431413514974975,0.028431413514974975,0.0
7.2625,0.03742422248587176,0.03742422248587176,0.0
7.2675,0.03404701038326424,0.03404701038326424,0.0
7.2725,0.03777765165940045,0.03777765165940045,0.0
7.2775,0.039348447986194655,0.039348447986194655,0.0
7.2825,0.046849000446636944,0.046849000446636944,0.0
7.2875000000000005,0.050344022273754035,0.050344022273754035,0.0
7.2925,0.05042256209009375,0.05042256209009375,0.0
7.2975,0.05179700887603867,0.05179700887603867,0.0
7.3025,0.05969026041817953,0.05969026041817953,0.0
7.3075,0.06004368959170822,0.06004368959170822,0.0
7.3125,0.06577709618450706,0.06577709618450706,0.0
7.3175,0.06573782627633717,0.06573782627633717,0.0
7.3225,0.06962554718515282,0.06962554718515282,0.0
7.327500000000001,0.07123561342011688,0.07123561342011688,0.0
7.3325000000000005,0.07029313562404037,0.07029313562404037,0.0
7.3375,0.07838273670703048,0.07838273670703048,0.0
7.3425,0.07359180791030817,0.07359180791030817,0.0
7.3475,0.07508406442076265,0.07508406442076265,0.0
7.3525,0.08521570072858524,0.08521570072858524,0.0
7.3575,0.08380198403447046,0.08380198403447046,0.0
7.3625,0.08615817852466176,0.08615817852466176,0.0
7.3675,0.08706138641256841,0.08706138641256841,0.0
7.3725000000000005,0.08639379797368088,0.08639379797368088,0.0
7.3775,0.08230972752401597,0.08230972752401597,0.0
7.3825,0.08529424054492496,0.08529424054492496,0.0
7.3875,0.08446957247335798,0.08446957247335798,0.0
7.3925,0.07799003762533194,0.07799003762533194,0.0
7.3975,0.08498008127956612,0.08498008127956612,0.0
7.4025,0.07956083395212613,0.07956083395212613,0.0
7.4075,0.08533351045309481,0.08533351045309481,0.0
7.4125000000000005,0.07802930753350179,0.07802930753350179,0.0
7.4175,0.07665486074755685,0.07665486074755685,0.0
7.4225,0.08388052385081018,0.08388052385081018,0.0
7.4275,0.07547676350246121,0.07547676350246121,0.0
7.4325,0.07496625469625309,0.07496625469625309,0.0
7.4375,0.07406304680834644,0.07406304680834644,0.0
7.4425,0.06911503837894471,0.06911503837894471,0.0
7.4475,0.0699004365423418,0.0699004365423418,0.0
7.452500000000001,0.05588107932570359,0.05588107932570359,0.0
7.4575000000000005,0.060122229408047935,0.060122229408047935,0.0
7.4625,0.05529203070315576,0.05529203070315576,0.0
7.4675,0.052032628325057804,0.052032628325057804,0.0
7.4725,0.04747731897735462,0.04747731897735462,0.0
7.4775,0.04787001805905318,0.04787001805905318,0.0
7.4825,0.04311835917050073,0.04311835917050073,0.0
7.4875,0.041429753119196965,0.041429753119196965,0.0
7.4925,0.03734568266953204,0.03734568266953204,0.0
7.4975000000000005,0.03471459882215177,0.03471459882215177,0.0
7.5025,0.029962939933599324,0.029962939933599324,0.0
7.5075,0.029216811678372076,0.029216811678372076,0.0
7.5125,0.02854922323948455,0.02854922323948455,0.0
7.5175,0.019634954084927474,0.019634954084927474,0.0
7.5225,0.021794799034269497,0.021794799034269497,0.0
7.5275,0.015158184553564009,0.015158184553564009,0.0
7.5325,0.01645409152316922,0.01645409152316922,0.0
7.5375000000000005,0.013587388226769812,0.013587388226769812,0.0
7.5425,0.014961835012714737,0.014961835012714737,0.0
7.5475,0.012959069696052134,0.012959069696052134,0.0
7.5525,0.009071348787236495,0.009071348787236495,0.0
7.5575,0.008050331174820265,0.008050331174820265,0.0
7.5625,0.00816814089932983,0.00816814089932983,0.0
7.5675,0.007893251542140845,0.007893251542140845,0.0
7.5725,0.005929756133648097,0.005929756133648097,0.0
7.577500000000001,0.004830198704892159,0.004830198704892159,0.0
7.5825000000000005,0.005026548245741435,0.005026548245741435,0.0
7.5875,0.0032986722862678153,0.0032986722862678153,0.0
7.5925,0.0038484510006457848,0.0038484510006457848,0.0
7.5975,0.0026310838473802816,0.0026310838473802816,0.0
7.6025,0.0027488935718898468,0.0027488935718898468,0.0
7.6075,0.002905973204569266,0.002905973204569266,0.0
7.6125,0.00404480054149506,0.00404480054149506,0.0
7.6175,0.0037306412761362205,0.0037306412761362205,0.0
7.6225000000000005,0.004162610266004624,0.004162610266004624,0.0
7.6275,0.0053799774192701275,0.0053799774192701275,0.0
7.6325,0.0043589598068539,0.0043589598068539,0.0
7.6375,0.005105088062081143,0.005105088062081143,0.0
7.6425,0.005969026041817952,0.005969026041817952,0.0
7.6475,0.005576326960119403,0.005576326960119403,0.0
7.6525,0.005772676500968678,0.005772676500968678,0.0
7.6575,0.0042804199905141895,0.0042804199905141895,0.0
7.6625000000000005,0.00396626072515535,0.00396626072515535,0.0
7.6675,0.005379977419270127,0.005379977419270127,0.0
7.6725,0.007068583470573891,0.007068583470573891,0.0
7.6775,0.005694136684628968,0.005694136684628968,0.0
7.6825,0.006950773746064326,0.006950773746064326,0.0
7.6875,0.005811946409138532,0.005811946409138532,0.0
7.6925,0.007579092276782006,0.007579092276782006,0.0
7.6975,0.005890486225478243,0.005890486225478243,0.0
7.702500000000001,0.009464047868935042,0.009464047868935042,0.0
7.7075000000000005,0.006361725123516502,0.006361725123516502,0.0
7.7125,0.009032078879066638,0.009032078879066638,0.0
7.7175,0.007382742735932731,0.007382742735932731,0.0
7.7225,0.009306968236255623,0.009306968236255623,0.0
7.7275,0.008443030256518814,0.008443030256518814,0.0
7.7325,0.00895353906272693,0.00895353906272693,0.0
7.7375,0.01182024235912634,0.01182024235912634,0.0
7.742500000000001,0.013076879420561698,0.013076879420561698,0.0
7.7475000000000005,0.013665928043109525,0.013665928043109525,0.0
7.7525,0.013037609512391843,0.013037609512391843,0.0
7.7575,0.01213440162448518,0.01213440162448518,0.0
7.7625,0.01276272015520286,0.01276272015520286,0.0
7.7675,0.013037609512391843,0.013037609512391843,0.0
7.7725,0.018692476288850957,0.018692476288850957,0.0
7.7775,0.013940817400298506,0.013940817400298506,0.0
7.7825,0.014726215563695603,0.014726215563695603,0.0
7.7875000000000005,0.015315264186243427,0.015315264186243427,0.0
7.7925,0.01578650308428169,0.01578650308428169,0.0
7.7975,0.01731802950290603,0.01731802950290603,0.0
7.8025,0.016375551706829514,0.016375551706829514,0.0
7.8075,0.01672898088035821,0.01672898088035821,0.0
7.8125,0.02183406894243935,0.02183406894243935,0.0
7.8175,0.01818196748264284,0.01818196748264284,0.0
7.8225,0.020106192982965735,0.020106192982965735,0.0
7.827500000000001,0.023287055544723982,0.023287055544723982,0.0
7.8325000000000005,0.020420352248324572,0.020420352248324572,0.0
7.8375,0.02281581664668572,0.02281581664668572,0.0
7.8425,0.021205750411721673,0.021205750411721673,0.0
7.8475,0.022894356463025435,0.022894356463025435,0.0
7.8525,0.020734511513683412,0.020734511513683412,0.0
7.8575,0.02595740930027412,0.02595740930027412,0.0
7.8625,0.027253316269879337,0.027253316269879337,0.0
7.867500000000001,0.03047344873980744,0.03047344873980744,0.0
7.8725000000000005,0.027803094984257298,0.027803094984257298,0.0
7.8775,0.03051271864797729,0.03051271864797729,0.0
7.8825,0.03200497515843178,0.03200497515843178,0.0
7.8875,0.029766590392750047,0.029766590392750047,0.0
7.8925,0.03019855938261845,0.03019855938261845,0.0
7.8975,0.03506802799568046,0.03506802799568046,0.0
7.9025,0.0321620547911112,0.0321620547911112,0.0
7.9075,0.033575771485225975,0.033575771485225975,0.0
7.9125000000000005,0.032083514974771486,0.032083514974771486,0.0
7.9175,0.028824112596673532,0.028824112596673532,0.0
7.9225,0.0345967890976422,0.0345967890976422,0.0
7.9275,0.032554753872809754,0.032554753872809754,0.0
7.9325,0.03726714285319234,0.03726714285319234,0.0
7.9375,0.034047010383264235,0.034047010383264235,0.0
7.9425,0.035696346526398144,0.035696346526398144,0.0
7.9475,0.04056581513946016,0.04056581513946016,0.0
7.952500000000001,0.0348716784548312,0.0348716784548312,0.0
7.9575000000000005,0.037542032210381326,0.037542032210381326,0.0
7.9625,0.036324665057115825,0.036324665057115825,0.0
7.9675,0.03989822670057262,0.03989822670057262,0.0
7.9725,0.03765984193489089,0.03765984193489089,0.0
7.9775,0.036167585424436405,0.036167585424436405,0.0
7.9825,0.035107297903850324,0.035107297903850324,0.0
7.9875,0.03714933312868278,0.03714933312868278,0.0
7.992500000000001,0.03648174468979524,0.03648174468979524,0.0
7.9975000000000005,0.04264712027246247,0.04264712027246247,0.0
8.0025,0.03813108083292915,0.03813108083292915,0.0
8.0075,0.041586832751876385,0.041586832751876385,0.0
8.0125,0.0436681378848787,0.0436681378848787,0.0
8.0175,0.039348447986194655,0.039348447986194655,0.0
8.0225,0.03593196597541727,0.03593196597541727,0.0
8.0275,0.04001603642508218,0.04001603642508218,0.0
8.0325,0.037542032210381326,0.037542032210381326,0.0
8.0375,0.04480696522180449,0.04480696522180449,0.0
8.0425,0.038091810924759294,0.038091810924759294,0.0
8.0475,0.04256858045612275,0.04256858045612275,0.0
8.0525,0.04127267348651754,0.04127267348651754,0.0
8.057500000000001,0.03769911184306075,0.03769911184306075,0.0
8.0625,0.03966260725155349,0.03966260725155349,0.0
8.0675,0.038602319730967415,0.038602319730967415,0.0
8.0725,0.03526437753652974,0.03526437753652974,0.0
8.0775,0.03671736413881437,0.03671736413881437,0.0
8.0825,0.03593196597541727,0.03593196597541727,0.0
8.0875,0.03836670028194828,0.03836670028194828,0.0
8.0925,0.03954479752704393,0.03954479752704393,0.0
8.0975,0.036952983587833506,0.036952983587833506,0.0
8.102500000000001,0.037227872945022486,0.037227872945022486,0.0
8.1075,0.03879866927181668,0.03879866927181668,0.0
8.1125,0.034518249281302496,0.034518249281302496,0.0
8.1175,0.034910948363001036,0.034910948363001036,0.0
8.1225,0.03612831551626655,0.03612831551626655,0.0
8.1275,0.037934731292079873,0.037934731292079873,0.0
8.1325,0.041900992017235225,0.041900992017235225,0.0
8.1375,0.03620685533260626,0.03620685533260626,0.0
8.1425,0.03227986451562077,0.03227986451562077,0.0
8.1475,0.03565707661822829,0.03565707661822829,0.0
8.1525,0.034164820107773795,0.034164820107773795,0.0
8.1575,0.03416482010777381,0.03416482010777381,0.0
8.1625,0.031023227454185405,0.031023227454185405,0.0
8.1675,0.03027709919895816,0.03027709919895816,0.0
8.1725,0.029334621402881646,0.029334621402881646,0.0
8.1775,0.02796017461693672,0.02796017461693672,0.0
8.182500000000001,0.02540763058589615,0.02540763058589615,0.0
8.1875,0.02748893571889846,0.02748893571889846,0.0
8.1925,0.024347343065310063,0.024347343065310063,0.0
8.1975,0.028824112596673526,0.028824112596673526,0.0
8.2025,0.0270176968208602,0.0270176968208602,0.0
8.2075,0.024504422697989487,0.024504422697989487,0.0
8.2125,0.023326325452893835,0.023326325452893835,0.0
8.2175,0.024465152789819637,0.024465152789819637,0.0
8.2225,0.021402099952570943,0.021402099952570943,0.0
8.227500000000001,0.024543692606159344,0.024543692606159344,0.0
8.2325,0.023797564350932096,0.023797564350932096,0.0
8.2375,0.020891591146362833,0.020891591146362833,0.0
8.2425,0.021245020319891526,0.021245020319891526,0.0
8.2475,0.02053816197283414,0.02053816197283414,0.0
8.2525,0.01641482161499937,0.01641482161499937,0.0
8.2575,0.019792033717606898,0.019792033717606898,0.0
8.2625,0.016689710972188354,0.016689710972188354,0.0
8.2675,0.01896736564603994,0.01896736564603994,0.0
8.2725,0.015982852625130967,0.015982852625130967,0.0
8.2775,0.01531526418624343,0.01531526418624343,0.0
8.2825,0.016925330421207488,0.016925330421207488,0.0
8.2875,0.019831303625776748,0.019831303625776748,0.0
8.2925,0.017749998492774432,0.017749998492774432,0.0
8.2975,0.01747510913558545,0.01747510913558545,0.0
8.3025,0.015982852625130967,0.015982852625130967,0.0
8.307500000000001,0.014294246573827201,0.014294246573827201,0.0
8.3125,0.01382300767578894,0.01382300767578894,0.0
8.3175,0.016414821614999367,0.016414821614999367,0.0
8.3225,0.01401935721663822,0.01401935721663822,0.0
8.3275,0.015197454461733867,0.015197454461733867,0.0
8.3325,0.01276272015520286,0.01276272015520286,0.0
8.3375,0.011309733552918226,0.011309733552918226,0.0
8.3425,0.013037609512391845,0.013037609512391845,0.0
8.3475,0.01401935721663822,0.01401935721663822,0.0
8.352500000000001,0.012880529879712423,0.012880529879712423,0.0
8.3575,0.013155419236901406,0.013155419236901406,0.0
8.3625,0.00918915851174606,0.00918915851174606,0.0
8.3675,0.01103484419572924,0.01103484419572924,0.0
8.3725,0.01291979978788228,0.01291979978788228,0.0
8.3775,0.009738937226124027,0.009738937226124027,0.0
8.3825,0.011938052083635905,0.011938052083635905,0.0
8.3875,0.011820242359126341,0.011820242359126341,0.0
8.3925,0.00863937979736809,0.00863937979736809,0.0
8.3975,0.009228428419915913,0.009228428419915913,0.0
8.4025,0.008364490440179105,0.008364490440179105,0.0
8.4075,0.00887499924638722,0.00887499924638722,0.0
8.4125,0.008992808970896785,0.008992808970896785,0.0
8.4175,0.010210176124162286,0.010210176124162286,0.0
8.4225,0.00832522053200925,0.00832522053200925,0.0
8.4275,0.010249446032332143,0.010249446032332143,0.0
8.432500000000001,0.008757189521877654,0.008757189521877654,0.0
8.4375,0.009817477042463739,0.009817477042463739,0.0
8.4425,0.007461282552272441,0.007461282552272441,0.0
8.4475,0.0079325214503107,0.0079325214503107,0.0
8.4525,0.00801106126665041,0.00801106126665041,0.0
8.4575,0.00824668071566954,0.00824668071566954,0.0
8.4625,0.005929756133648097,0.005929756133648097,0.0
8.4675,0.0071863931950834565,0.0071863931950834565,0.0
8.4725,0.006361725123516502,0.006361725123516502,0.0
8.477500000000001,0.005772676500968678,0.005772676500968678,0.0
8.4825,0.006675884388875342,0.006675884388875342,0.0
8.4875,0.006322455215346646,0.006322455215346646,0.0
8.4925,0.005851216317308387,0.005851216317308387,0.0
8.4975,0.005733406592798823,0.005733406592798823,0.0
8.5025,0.005301437602930418,0.005301437602930418,0.0
8.5075,0.004751658888552448,0.004751658888552448,0.0
8.5125,0.00420188017417448,0.00420188017417448,0.0
8.5175,0.003298672286267816,0.003298672286267816,0.0
8.5225,0.004476769531363465,0.004476769531363465,0.0
8.5275,0.0031415926535883956,0.0031415926535883956,0.0
8.5325,0.002474004214700862,0.002474004214700862,0.0
8.5375,0.0025525440310405715,0.0025525440310405715,0.0
8.5425,0.0033379421944376704,0.0033379421944376704,0.0
8.5475,0.0028667032963994106,0.0028667032963994106,0.0
8.5525,0.0035735616434568003,0.0035735616434568003,0.0
8.557500000000001,0.0035342917352869456,0.0035342917352869456,0.0
8.5625,0.002081305133002312,0.002081305133002312,0.0
8.5675,0.0028274333882295564,0.0028274333882295564,0.0
8.5725,0.004084070449664915,0.004084070449664915,0.0
8.5775,0.002905973204569266,0.002905973204569266,0.0
8.5825,0.0035735616434568003,0.0035735616434568003,0.0
8.5875,0.0024347343065310068,0.0024347343065310068,0.0
8.5925,0.003180862561758251,0.003180862561758251,0.0
8.5975,0.003377212102607526,0.003377212102607526,0.0
8.602500000000001,0.002356194490191297,0.002356194490191297,0.0
8.6075,0.003534291735286946,0.003534291735286946,0.0
8.6125,0.0017278759594736176,0.0017278759594736176,0.0
8.6175,0.002945243112739121,0.002945243112739121,0.0
8.6225,0.00365210145979651,0.00365210145979651,0.0
8.6275,0.0031415926535883956,0.0031415926535883956,0.0
8.6325,0.003141592653588396,0.003141592653588396,0.0
8.637500000000001,0.002631083847380281,0.002631083847380281,0.0
8.6425,0.0035735616434568003,0.0035735616434568003,0.0
8.6475,0.002905973204569266,0.002905973204569266,0.0
8.6525,0.002905973204569266,0.002905973204569266,0.0
8.6575,0.0017278759594736176,0.0017278759594736176,0.0
8.6625,0.0027096236637199913,0.0027096236637199913,0.0
8.6675,0.0024347343065310068,0.0024347343065310068,0.0
8.6725,0.0027096236637199917,0.0027096236637199917,0.0
8.6775,0.001649336143133908,0.001649336143133908,0.0
8.682500000000001,0.0011780972450956485,0.0011780972450956485,0.0
8.6875,0.002199114857511877,0.002199114857511877,0.0
8.6925,0.0006675884388875341,0.0006675884388875341,0.0
8.6975,0.000746128255227244,0.000746128255227244,0.0
8.7025,0.0011780972450956485,0.0011780972450956485,0.0
8.7075,0.0006283185307176791,0.0006283185307176791,0.0
8.7125,0.001570796326794198,0.001570796326794198,0.0
8.7175,0.0011780972450956485,0.0011780972450956485,0.0
8.7225,0.0007068583470573891,0.0007068583470573891,0.0
8.727500000000001,0.0002356194490191297,0.0002356194490191297,0.0
8.7325,0.0007853981633970989,0.0007853981633970989,0.0
8.7375,0.000863937979736809,0.000863937979736809,0.0
8.7425,0.0002356194490191297,0.0002356194490191297,0.0
8.7475,0.00015707963267941978,0.00015707963267941978,0.0
8.7525,3.9269908169854944e-5,3.9269908169854944e-5,0.0
8.7575,0.0,0.0,0.0
8.762500000000001,0.0004319689898684044,0.0004319689898684044,0.0
8.7675,0.0002356194490191297,0.0002356194490191297,0.0
8.7725,0.0005105088062081144,0.0005105088062081144,0.0
8.7775,0.00011780972450956485,0.00011780972450956485,0.0
8.7825,3.9269908169854944e-5,3.9269908169854944e-5,0.0
8.7875,0.00011780972450956487,0.00011780972450956487,0.0
8.7925,0.00011780972450956487,0.00011780972450956487,0.0
8.7975,0.00015707963267941983,0.00015707963267941983,0.0
8.8025,0.0,0.0,0.0
8.807500000000001,3.9269908169854944e-5,3.9269908169854944e-5,0.0
8.8125,0,0,0
