omega,S,S_edge,S_cont,Sr,Sr_edge,Sr_cont
-1.0425000000000004,0.0,0.0,0.0
-1.0374999999999996,0.17141660491341207,0.17141660491341207,0.0
-1.0325000000000006,2.540659386033176,2.540659386033176,0.0
-1.0274999999999999,3.458092719634951,3.458092719634951,0.0
-1.022499999999999,5.0182239676894085,5.0182239676894085,0.0
-1.0175,5.334498467382041,5.334498467382041,0.0
-1.0124999999999993,3.8780290954810255,3.8780290954810255,0.0
-1.0075000000000003,3.203969604045344,3.203969604045344,0.0
-1.0024999999999995,2.837836772303176,2.837836772303176,0.0
-0.9975000000000005,2.6894624928667845,2.6894624928667845,0.0
-0.9924999999999997,2.4381982265919397,2.4381982265919397,0.0
-0.9874999999999989,2.3702433783799353,2.3702433783799353,0.0
-0.9824999999999999,2.185904774563777,2.185904774563777,0.0
-0.9774999999999991,2.196682636480448,2.196682636480448,0.0
-0.9725000000000001,2.0674912359461395,2.0674912359461395,0.0
-0.9674999999999994,2.028325000333836,2.028325000333836,0.0
-0.9625000000000004,1.9006487899363544,1.9006487899363544,0.0
-0.9574999999999996,2.0855591636154647,2.0855591636154647,0.0
-0.9525000000000006,1.7963007899473689,1.7963007899473689,0.0
-0.9474999999999998,1.775545543922163,1.775545543922163,0.0
-0.942499999999999,1.8928155428138935,1.8928155428138935,0.0
-0.9375,1.8247177521361506,1.8247177521361506,0.0
-0.9324999999999992,1.669996827220976,1.669996827220976,0.0
-0.9275000000000002,1.6976990770810656,1.6976990770810656,0.0
-0.9224999999999994,1.7550190058421382,1.7550190058421382,0.0
-0.9175000000000004,1.6649652524269867,1.6649652524269867,0.0
-0.9124999999999996,1.6353189850328558,1.6353189850328558,0.0
-0.9075000000000006,1.6114475932545536,1.6114475932545536,0.0
-0.9024999999999999,1.6494417006478035,1.6494417006478035,0.0
-0.8974999999999991,1.609303456268479,1.609303456268479,0.0
-0.8925000000000001,1.57705563599791,1.57705563599791,0.0
-0.8874999999999993,1.5914356480511866,1.5914356480511866,0.0
-0.8825000000000003,1.5781419987375211,1.5781419987375211,0.0
-0.8774999999999995,1.534373015728443,1.534373015728443,0.0
-0.8725000000000005,1.5016391910743643,1.5016391910743643,0.0
-0.8674999999999997,1.4730221094335496,1.4730221094335496,0.0
-0.8624999999999989,1.4535247571068401,1.4535247571068401,0.0
-0.8574999999999999,1.4510661466961408,1.4510661466961408,0.0
-0.8524999999999991,1.4475497620389777,1.4475497620389777,0.0
-0.8475000000000001,1.4313686749173982,1.4313686749173982,0.0
-0.8424999999999994,1.415073233823228,1.415073233823228,0.0
-0.8375000000000004,1.4089267077964793,1.4089267077964793,0.0
-0.8324999999999996,1.395976120400586,1.395976120400586,0.0
-0.8275000000000006,1.3970910716333453,1.3970910716333453,0.0
-0.8224999999999998,1.3972626025922312,1.3972626025922312,0.0
-0.817499999999999,1.397376956564822,1.397376956564822,0.0
-0.8125,1.375563936293152,1.375563936293152,0.0
-0.8074999999999992,1.3550088097199793,1.3550088097199793,0.0
-0.8025000000000002,1.3430302310911066,1.3430302310911066,0.0
-0.7974999999999994,1.3527217302681658,1.3527217302681658,0.0
-0.7925000000000004,1.3523786683503936,1.3523786683503936,0.0
-0.7874999999999996,1.3285644535583874,1.3285644535583874,0.0
-0.7825000000000006,1.2790777719197757,1.2790777719197757,0.0
-0.7774999999999999,1.2150681357621487,1.2150681357621487,0.0
-0.7724999999999991,1.1279018201549118,1.1279018201549118,0.0
-0.7675000000000001,1.1950561905587815,1.1950561905587815,0.0
-0.7624999999999993,1.2269323604184306,1.2269323604184306,0.0
-0.7575000000000003,1.3103535834233233,1.3103535834233233,0.0
-0.7524999999999995,1.3590397872538005,1.3590397872538005,0.0
-0.7475000000000005,1.3632708842396553,1.3632708842396553,0.0
-0.7424999999999997,1.2396542398691424,1.2396542398691424,0.0
-0.7374999999999989,1.1503437872758302,1.1503437872758302,0.0
-0.7324999999999999,0.9248949303133271,0.9248949303133271,0.0
-0.7274999999999991,1.1214122322103908,1.1214122322103908,0.0
-0.7225000000000001,1.3516639560217023,1.3516639560217023,0.0
-0.7174999999999994,1.365758083143502,1.365758083143502,0.0
-0.7125000000000004,1.2026893182292089,1.2026893182292089,0.0
-0.7074999999999996,0.9667770727746594,0.9667770727746594,0.0
-0.7025000000000006,1.0011976185244509,1.0011976185244509,0.0
-0.6974999999999998,1.1767023779579795,1.1767023779579795,0.0
-0.692499999999999,1.3808528075254705,1.3808528075254705,0.0
-0.6875,1.0626628787919352,1.0626628787919352,0.0
-0.6824999999999992,1.0492262870125315,1.0492262870125315,0.0
-0.6775000000000002,0.9550557905841162,0.9550557905841162,0.0
-0.6724999999999994,1.2475160754847507,1.2475160754847507,0.0
-0.6675000000000004,1.1570049061792365,1.1570049061792365,0.0
-0.6624999999999996,1.0203804974265354,1.0203804974265354,0.0
-0.6575000000000006,0.9957943933195417,0.9957943933195417,0.0
-0.6524999999999999,1.121926825087049,1.121926825087049,0.0
-0.6474999999999991,1.082932120433631,1.082932120433631,0.0
-0.6425000000000001,1.024554417426095,1.024554417426095,0.0
-0.6374999999999993,1.017321528659735,1.017321528659735,0.0
-0.6325000000000003,1.0447378935883478,1.0447378935883478,0.0
-0.6274999999999995,1.0095168700304218,1.0095168700304218,0.0
-0.6225000000000005,1.0652072546820772,1.0652072546820772,0.0
-0.6174999999999997,0.9900481061968607,0.9900481061968607,0.0
-0.6124999999999989,0.9529688305843362,0.9529688305843362,0.0
-0.6074999999999999,1.0535431494778293,1.0535431494778293,0.0
-0.6024999999999991,0.9701219264729367,0.9701219264729367,0.0
-0.5975000000000001,0.8861003451119429,0.8861003451119429,0.0
-0.5924999999999994,1.0614907505728808,1.0614907505728808,0.0
-0.5875000000000004,0.9711225237331049,0.9711225237331049,0.0
-0.5824999999999996,0.8240347264883574,0.8240347264883574,0.0
-0.5775000000000006,1.0523710212587747,1.0523710212587747,0.0
-0.5724999999999998,0.8973642114121237,0.8973642114121237,0.0
-0.567499999999999,0.8569400821013223,0.8569400821013223,0.0
-0.5625,1.0445091856431665,1.0445091856431665,0.0
-0.5574999999999992,0.7462454366335552,0.7462454366335552,0.0
-0.5525000000000002,0.9627746837339862,0.9627746837339862,0.0
-0.5474999999999994,0.9482517292149711,0.9482517292149711,0.0
-0.5425000000000004,0.7032769314326115,0.7032769314326115,0.0
-0.5374999999999996,0.9820719166086616,0.9820719166086616,0.0
-0.5325000000000006,0.8353843582679814,0.8353843582679814,0.0
-0.5274999999999999,0.8439037292259862,0.8439037292259862,0.0
-0.5224999999999991,0.8550818300467239,0.8550818300467239,0.0
-0.5175000000000001,0.7125396032124556,0.7125396032124556,0.0
-0.5124999999999993,0.8888448404541188,0.8888448404541188,0.0
-0.5075000000000003,0.7515343078658737,0.7515343078658737,0.0
-0.5024999999999995,0.8314391462136034,0.8314391462136034,0.0
-0.4975000000000005,0.7636844174536321,0.7636844174536321,0.0
-0.4924999999999997,0.7771781862193309,0.7771781862193309,0.0
-0.48749999999999893,0.7444157730721044,0.7444157730721044,0.0
-0.48249999999999993,0.7421858706065865,0.7421858706065865,0.0
-0.47749999999999915,0.7175425895132974,0.7175425895132974,0.0
-0.47250000000000014,0.7373544152646309,0.7373544152646309,0.0
-0.46749999999999936,0.6708861686963046,0.6708861686963046,0.0
-0.46250000000000036,0.7366111144427913,0.7366111144427913,0.0
-0.4574999999999996,0.6367515078779901,0.6367515078779901,0.0
-0.45250000000000057,0.7124538377330126,0.7124538377330126,0.0
-0.4474999999999998,0.6493876218492588,0.6493876218492588,0.0
-0.442499999999999,0.6019593117172792,0.6019593117172792,0.0
-0.4375,0.7131113730754091,0.7131113730754091,0.0
-0.4324999999999992,0.491178900770069,0.491178900770069,0.0
-0.4275000000000002,0.7442156536200708,0.7442156536200708,0.0
-0.42249999999999943,0.5073028109053532,0.5073028109053532,0.0
-0.4175000000000004,0.5601915232285374,0.5601915232285374,0.0
-0.41249999999999964,0.710624174171562,0.710624174171562,0.0
-0.40750000000000064,0.35881417749637007,0.35881417749637007,0.0
-0.40249999999999986,0.8073962234764152,0.8073962234764152,0.0
-0.3974999999999991,0.3773395210560584,0.3773395210560584,0.0
-0.39250000000000007,0.43577440104988996,0.43577440104988996,0.0
-0.3874999999999993,0.7697737664940854,0.7697737664940854,0.0
-0.3825000000000003,0.29491889531133403,0.29491889531133403,0.0
-0.3774999999999995,0.6177115714416438,0.6177115714416438,0.0
-0.3725000000000005,0.5311170256973601,0.5311170256973601,0.0
-0.3674999999999997,0.29897846133830275,0.29897846133830275,0.0
-0.36249999999999893,0.7011899714328318,0.7011899714328318,0.0
-0.35749999999999993,0.4289703396807454,0.4289703396807454,0.0
-0.35249999999999915,0.2750784810668531,0.2750784810668531,0.0
-0.34750000000000014,0.6850660612975474,0.6850660612975474,0.0
-0.34249999999999936,0.45770177529415085,0.45770177529415085,0.0
-0.33750000000000036,0.16810033970828267,0.16810033970828267,0.0
-0.3324999999999996,0.6247729292491175,0.6247729292491175,0.0
-0.32750000000000057,0.6069337095249733,0.6069337095249733,0.0
-0.3224999999999998,0.0955427440995035,0.0955427440995035,0.0
-0.317499999999999,0.49635341802979677,0.49635341802979677,0.0
-0.3125,0.769030465672246,0.769030465672246,0.0
-0.3074999999999992,0.12501748053474832,0.12501748053474832,0.0
-0.3025000000000002,0.21921656545631157,0.21921656545631157,0.0
-0.29749999999999943,0.6969016974606816,0.6969016974606816,0.0
-0.2925000000000004,0.47914314515490103,0.47914314515490103,0.0
-0.28749999999999964,0.07878988711497058,0.07878988711497058,0.0
-0.28250000000000064,0.32776707393800364,0.32776707393800364,0.0
-0.27749999999999986,0.8908460349744556,0.8908460349744556,0.0
-0.2724999999999991,0.15572152217534285,0.15572152217534285,0.0
-0.26750000000000007,0.1025183364275343,0.1025183364275343,0.0
-0.2624999999999993,0.44566601967898284,0.44566601967898284,0.0
-0.2575000000000003,0.8239775495020621,0.8239775495020621,0.0
-0.2524999999999995,0.06821214465033373,0.06821214465033373,0.0
-0.2475000000000005,0.14116997916318025,0.14116997916318025,0.0
-0.24249999999999972,0.539007449806116,0.539007449806116,0.0
-0.23749999999999893,0.716970819650344,0.716970819650344,0.0
-0.23249999999999993,0.03456348821552955,0.03456348821552955,0.0
-0.22749999999999915,0.15703659286013552,0.15703659286013552,0.0
-0.22250000000000014,0.5837484415822152,0.5837484415822152,0.0
-0.21749999999999936,0.6582786432181834,0.6582786432181834,0.0
-0.21250000000000036,0.02693036054510242,0.02693036054510242,0.0
-0.20749999999999957,0.1436285895738796,0.1436285895738796,0.0
-0.20250000000000057,0.5812612426783681,0.5812612426783681,0.0
-0.1974999999999998,0.671372173079815,0.671372173079815,0.0
-0.192499999999999,0.030418156709117815,0.030418156709117815,0.0
-0.1875,0.11398232217974878,0.11398232217974878,0.0
-0.18249999999999922,0.5444392635041728,0.5444392635041728,0.0
-0.1775000000000002,0.7147980941711213,0.7147980941711213,0.0
-0.17249999999999943,0.04917220821398744,0.04917220821398744,0.0
-0.16750000000000043,0.07836105971775557,0.07836105971775557,0.0
-0.16249999999999964,0.43277260926938504,0.43277260926938504,0.0
-0.15750000000000064,0.7998202727922834,0.7998202727922834,0.0
-0.15249999999999986,0.11389655670030585,0.11389655670030585,0.0
-0.14749999999999908,0.03422042629775754,0.03422042629775754,0.0
-0.14250000000000007,0.28431256435354957,0.28431256435354957,0.0
-0.1374999999999993,0.8265791023784997,0.8265791023784997,0.0
-0.13250000000000028,0.28379797147689156,0.28379797147689156,0.0
-0.1274999999999995,0.015123312875115905,0.015123312875115905,0.0
-0.1225000000000005,0.19694612929427882,0.19694612929427882,0.0
-0.11749999999999972,0.6714293500661103,0.6714293500661103,0.0
-0.11249999999999893,0.5330038662451061,0.5330038662451061,0.0
-0.10749999999999993,0.014437189039571896,0.014437189039571896,0.0
-0.10249999999999915,0.07372972382783352,0.07372972382783352,0.0
-0.09750000000000014,0.47353980049795835,0.47353980049795835,0.0
-0.09249999999999936,0.7805516284107558,0.7805516284107558,0.0
-0.08750000000000036,0.1000883145099826,0.1000883145099826,0.0
-0.08249999999999957,0.01964029479244731,0.01964029479244731,0.0
-0.07750000000000057,0.24497479778235964,0.24497479778235964,0.0
-0.07249999999999979,0.741871397181962,0.741871397181962,0.0
-0.067499999999999,0.42062249968162646,0.42062249968162646,0.0
-0.0625,0.0023156679449610365,0.0023156679449610365,0.0
-0.05749999999999922,0.06909838793791144,0.06909838793791144,0.0
-0.05250000000000021,0.5316602070671657,0.5316602070671657,0.0
-0.04749999999999943,0.7484467506059255,0.7484467506059255,0.0
-0.042500000000000426,0.08021931177235393,0.08021931177235393,0.0
-0.037499999999999645,0.006775472875997107,0.006775472875997107,0.0
-0.03250000000000064,0.22587768435971795,0.22587768435971795,0.0
-0.027499999999999858,0.7555938738928424,0.7555938738928424,0.0
-0.022499999999999076,0.4375754761181931,0.4375754761181931,0.0
-0.01750000000000007,0.0036021501366060578,0.0036021501366060578,0.0
-0.01249999999999929,0.032962532599260186,0.032962532599260186,0.0
-0.007500000000000284,0.4536136207740343,0.4536136207740343,0.0
-0.0024999999999995026,0.8193176251189923,0.8193176251189923,0.0
0.0024999999999995026,0.12353087889106966,0.12353087889106966,0.0
0.007500000000000284,0.0,0.0,0.0
0.012500000000001066,0.08210615232009996,0.08210615232009996,0.0
0.01750000000000007,0.6733161906138564,0.6733161906138564,0.0
0.022500000000000853,0.642354852534933,0.642354852534933,0.0
0.027499999999999858,0.0316474619144675,0.0316474619144675,0.0
0.03250000000000064,0.0003144734246243383,0.0003144734246243383,0.0
0.037499999999999645,0.25480923942515715,0.25480923942515715,0.0
0.042500000000000426,0.8525088656634339,0.8525088656634339,0.0
0.04749999999999943,0.3213346629797785,0.3213346629797785,0.0
0.05250000000000021,0.0004574158903626739,0.0004574158903626739,0.0
0.057500000000000995,0.005832052602124093,0.005832052602124093,0.0
0.0625,0.4058708372174303,0.4058708372174303,0.0
0.06750000000000078,0.9144601303144286,0.9144601303144286,0.0
0.07249999999999979,0.10326163724937365,0.10326163724937365,0.0
0.07750000000000057,0.0,0.0,0.0
0.08249999999999957,0.017010153422861937,0.017010153422861937,0.0
0.08750000000000036,0.6034459133609579,0.6034459133609579,0.0
0.09249999999999936,0.7702597708775956,0.7702597708775956,0.0
0.09750000000000014,0.038708819721941276,0.038708819721941276,0.0
0.10250000000000092,0.0,0.0,0.0
0.10749999999999993,0.06029313204842996,0.06029313204842996,0.0
0.11250000000000071,0.8304099604602871,0.8304099604602871,0.0
0.11749999999999972,0.5275720525470493,0.5275720525470493,0.0
0.1225000000000005,0.011149512327590178,0.011149512327590178,0.0
0.1274999999999995,0.0,0.0,0.0
0.13250000000000028,0.10546295122174404,0.10546295122174404,0.0
0.13750000000000107,0.9891046859229875,0.9891046859229875,0.0
0.14250000000000007,0.33465690078659144,0.33465690078659144,0.0
0.14750000000000085,0.0002001194520336698,0.0002001194520336698,0.0
0.15249999999999986,0.00020011945203366987,0.00020011945203366987,0.0
0.15750000000000064,0.1471449742310427,0.1471449742310427,0.0
0.16249999999999964,1.1039446628971663,1.1039446628971663,0.0
0.16750000000000043,0.1781349008031139,0.1781349008031139,0.0
0.17249999999999943,0.0,0.0,0.0
0.1775000000000002,0.0008862432875776806,0.0008862432875776806,0.0
0.182500000000001,0.20120581477328123,0.20120581477328123,0.0
0.1875,1.147456349467916,1.147456349467916,0.0
0.19250000000000078,0.07987624985458194,0.07987624985458194,0.0
0.1974999999999998,0.0,0.0,0.0
0.20250000000000057,0.0014008361642356888,0.0014008361642356888,0.0
0.20749999999999957,0.2713333884645088,0.2713333884645088,0.0
0.21250000000000036,1.109833892485586,1.109833892485586,0.0
0.21749999999999936,0.04685654026902641,0.04685654026902641,0.0
0.22250000000000014,0.0,0.0,0.0
0.22750000000000092,0.0019726060271890314,0.0019726060271890314,0.0
0.23249999999999993,0.34946574023708304,0.34946574023708304,0.0
0.2375000000000007,1.0491405215330887,1.0491405215330887,0.0
0.24249999999999972,0.028845789585996123,0.028845789585996123,0.0
0.2475000000000005,0.0,0.0,0.0
0.2524999999999995,0.0020583715066320326,0.0020583715066320326,0.0
0.2575000000000003,0.4226808711882586,0.4226808711882586,0.0
0.26250000000000107,0.9899909292105655,0.9899909292105655,0.0
0.26750000000000007,0.0146944854779009,0.0146944854779009,0.0
0.27250000000000085,0.0,0.0,0.0
0.27749999999999986,0.0018296635614506952,0.0018296635614506952,0.0
0.28250000000000064,0.4734540350185154,0.4734540350185154,0.0
0.28749999999999964,0.9501671582558651,0.9501671582558651,0.0
0.2925000000000004,0.003973800547525729,0.003973800547525729,0.0
0.29749999999999943,0.0,0.0,0.0
0.3025000000000002,0.0010863627396113507,0.0010863627396113507,0.0
0.307500000000001,0.4900925380304577,0.4900925380304577,0.0
0.3125,0.937788340722925,0.937788340722925,0.0
0.3175000000000008,0.0004574158903626738,0.0004574158903626738,0.0
0.3224999999999998,0.0,0.0,0.0
0.32750000000000057,0.00034306191777200545,0.00034306191777200545,0.0
0.3324999999999996,0.48288823775724554,0.48288823775724554,0.0
0.33750000000000036,0.9461361807220438,0.9461361807220438,0.0
0.34249999999999936,5.717698629533424e-5,5.717698629533424e-5,0.0
0.34750000000000014,0.0,0.0,0.0
0.3525000000000009,0.0,0.0,0.0
0.35749999999999993,0.44795309913079634,0.44795309913079634,0.0
0.3625000000000007,0.9808140229101641,0.9808140229101641,0.0
0.3674999999999997,0.0006575353423963437,0.0006575353423963437,0.0
0.3725000000000005,0.0,0.0,0.0
0.3774999999999995,0.0,0.0,0.0
0.3825000000000003,0.3970655813279488,0.3970655813279488,0.0
0.38750000000000107,1.0293001072886077,1.0293001072886077,0.0
0.39250000000000007,0.0030589687668003815,0.0030589687668003815,0.0
0.39750000000000085,0.0,0.0,0.0
0.40249999999999986,0.0,0.0,0.0
0.40750000000000064,0.3378302235259825,0.3378302235259825,0.0
0.41249999999999964,1.0834467133102892,1.0834467133102892,0.0
0.4175000000000004,0.00814772054708513,0.00814772054708513,0.0
0.42249999999999943,0.0,0.0,0.0
0.4275000000000002,0.0,0.0,0.0
0.432500000000001,0.26787418079364095,0.26787418079364095,0.0
0.4375,1.1290167713876706,1.1290167713876706,0.0
0.4425000000000008,0.03253370520204518,0.03253370520204518,0.0
0.4474999999999998,0.0,0.0,0.0
0.45250000000000057,0.0,0.0,0.0
0.4574999999999996,0.18425283833671466,0.18425283833671466,0.0
0.46250000000000036,1.1746440064513475,1.1746440064513475,0.0
0.46749999999999936,0.07052781259529478,0.07052781259529478,0.0
0.47250000000000014,0.0,0.0,0.0
0.4775000000000009,0.0,0.0,0.0
0.48249999999999993,0.10634919450932173,0.10634919450932173,0.0
0.4875000000000007,1.2073492426122785,1.2073492426122785,0.0
0.4924999999999997,0.11572622026175654,0.11572622026175654,0.0
0.4975000000000005,0.0,0.0,0.0
0.5024999999999995,0.0,0.0,0.0
0.5075000000000003,0.0459988854745964,0.0459988854745964,0.0
0.5125000000000011,1.1602639943980708,1.1602639943980708,0.0
0.5175000000000001,0.2231617775106896,0.2231617775106896,0.0
0.5225000000000009,0.0,0.0,0.0
0.5274999999999999,0.0,0.0,0.0
0.5325000000000006,0.015666494244921583,0.015666494244921583,0.0
0.5374999999999996,1.0461101412594358,1.0461101412594358,0.0
0.5425000000000004,0.3657040043449579,0.3657040043449579,0.0
0.5474999999999994,0.001944017534041364,0.001944017534041364,0.0
0.5525000000000002,0.0,0.0,0.0
0.557500000000001,0.0010291857533160163,0.0010291857533160163,0.0
0.5625,0.8895309642896628,0.8895309642896628,0.0
0.5675000000000008,0.5253135615883835,0.5253135615883835,0.0
0.5724999999999998,0.013550945751994213,0.013550945751994213,0.0
0.5775000000000006,0.0,0.0,0.0
0.5824999999999996,0.0,0.0,0.0
0.5875000000000004,0.6805204908870685,0.6805204908870685,0.0
0.5924999999999994,0.7172567045818208,0.7172567045818208,0.0
0.5975000000000001,0.0316474619144675,0.0316474619144675,0.0
0.6025000000000009,0.0,0.0,0.0
0.6074999999999999,0.0,0.0,0.0
0.6125000000000007,0.44852486899374966,0.44852486899374966,0.0
0.6174999999999997,0.9012522464802063,0.9012522464802063,0.0
0.6225000000000005,0.07964754190940058,0.07964754190940058,0.0
0.6274999999999995,0.0,0.0,0.0
0.6325000000000003,0.0,0.0,0.0
0.6375000000000011,0.26421485367073966,0.26421485367073966,0.0
0.6425000000000001,0.9880469116765237,0.9880469116765237,0.0
0.6475000000000009,0.17716289203609323,0.17716289203609323,0.0
0.6524999999999999,0.0,0.0,0.0
0.6575000000000006,0.0,0.0,0.0
0.6624999999999996,0.12753326793174305,0.12753326793174305,0.0
0.6675000000000004,0.9843018190741794,0.9843018190741794,0.0
0.6724999999999994,0.3095847922960873,0.3095847922960873,0.0
0.6775000000000002,0.008004778081346793,0.008004778081346793,0.0
0.682500000000001,0.0,0.0,0.0
0.6875,0.03447772273608655,0.03447772273608655,0.0
0.6925000000000008,0.8904457960703883,0.8904457960703883,0.0
0.6974999999999998,0.4815159900861576,0.4815159900861576,0.0
0.7025000000000006,0.022985148490724364,0.022985148490724364,0.0
0.7074999999999996,0.0,0.0,0.0
0.7125000000000004,0.004231096985854734,0.004231096985854734,0.0
0.7174999999999994,0.6757176240382604,0.6757176240382604,0.0
0.7225000000000001,0.6778617610243353,0.6778617610243353,0.0
0.7275000000000009,0.0716141753349061,0.0716141753349061,0.0
0.7324999999999999,0.0,0.0,0.0
0.7375000000000007,0.0002001194520336698,0.0002001194520336698,0.0
0.7424999999999997,0.4515838377605501,0.4515838377605501,0.0
0.7475000000000005,0.8111984930650551,0.8111984930650551,0.0
0.7524999999999995,0.16615632217424134,0.16615632217424134,0.0
0.7575000000000003,0.00028588493147667116,0.00028588493147667116,0.0
0.7625000000000011,0.0,0.0,0.0
0.7675000000000001,0.2450891517549503,0.2450891517549503,0.0
0.7725000000000009,0.8676607670316973,0.8676607670316973,0.0
0.7774999999999999,0.3023804920228752,0.3023804920228752,0.0
0.7825000000000006,0.01429424657383356,0.01429424657383356,0.0
0.7874999999999996,0.0,0.0,0.0
0.7925000000000004,0.08467911670339003,0.08467911670339003,0.0
0.7974999999999994,0.791186547861688,0.791186547861688,0.0
0.8025000000000002,0.5082176426860786,0.5082176426860786,0.0
0.807500000000001,0.045341350132200045,0.045341350132200045,0.0
0.8125,0.0,0.0,0.0
0.8175000000000008,0.0146944854779009,0.0146944854779009,0.0
0.8224999999999998,0.5966990289781083,0.5966990289781083,0.0
0.8275000000000006,0.7097665193771319,0.7097665193771319,0.0
0.8324999999999996,0.1082646235502154,0.1082646235502154,0.0
0.8375000000000004,0.0,0.0,0.0
0.8424999999999994,0.0027730838353237103,0.0027730838353237103,0.0
0.8475000000000001,0.40973028379236526,0.40973028379236526,0.0
0.8525000000000009,0.7611972185497851,0.7611972185497851,0.0
0.8574999999999999,0.2455465676453129,0.2455465676453129,0.0
0.8625000000000007,0.010177503560569495,0.010177503560569495,0.0
0.8674999999999997,0.0002858849314766712,0.0002858849314766712,0.0
0.8725000000000005,0.2028925358689936,0.2028925358689936,0.0
0.8774999999999995,0.7394985522507057,0.7394985522507057,0.0
0.8825000000000003,0.44232116598070587,0.44232116598070587,0.0
0.8875000000000011,0.0444265183514747,0.0444265183514747,0.0
0.8925000000000001,0.0,0.0,0.0
0.8975000000000009,0.05863499944586527,0.05863499944586527,0.0
0.9024999999999999,0.5895519056911916,0.5895519056911916,0.0
0.9075000000000006,0.6800630749967057,0.6800630749967057,0.0
0.9124999999999996,0.10117467724959396,0.10117467724959396,0.0
0.9175000000000004,0.0,0.0,0.0
0.9224999999999994,0.006003583561010094,0.006003583561010094,0.0
0.9275000000000002,0.4176778848874168,0.4176778848874168,0.0
0.932500000000001,0.7463883790992936,0.7463883790992936,0.0
0.9375,0.2444887933988492,0.2444887933988492,0.0
0.9425000000000008,0.014866016436786903,0.014866016436786903,0.0
0.9474999999999998,0.0008576547944300134,0.0008576547944300134,0.0
0.9525000000000006,0.24817670901489836,0.24817670901489836,0.0
0.9574999999999996,0.6364942114396611,0.6364942114396611,0.0
0.9625000000000004,0.4884915824141882,0.4884915824141882,0.0
0.9674999999999994,0.055404499720178864,0.055404499720178864,0.0
0.9725000000000001,0.0,0.0,0.0
0.9775000000000009,0.07192864875953046,0.07192864875953046,0.0
0.9824999999999999,0.5233695440543422,0.5233695440543422,0.0
0.9875000000000007,0.7036199933503835,0.7036199933503835,0.0
0.9924999999999997,0.1298203473835564,0.1298203473835564,0.0
0.9975000000000005,0.0006861238355440108,0.0006861238355440108,0.0
1.0024999999999995,0.005460402191204419,0.005460402191204419,0.0
1.0075000000000003,0.3719362958511494,0.3719362958511494,0.0
1.012500000000001,0.6936140207486999,0.6936140207486999,0.0
1.0175,0.3259088218834052,0.3259088218834052,0.0
1.0225000000000009,0.03250511670889752,0.03250511670889752,0.0
1.0274999999999999,0.0,0.0,0.0
1.0325000000000006,0.20649468600559967,0.20649468600559967,0.0
1.0374999999999996,0.5140782837813503,0.5140782837813503,0.0
1.0425000000000004,0.6157389654144547,0.6157389654144547,0.0
1.0474999999999994,0.09311272218195178,0.09311272218195178,0.0
1.0525000000000002,0.0,0.0,0.0
1.057500000000001,0.034935138626449216,0.034935138626449216,0.0
1.0625,0.4235671144758361,0.4235671144758361,0.0
1.0675000000000008,0.7270625577314704,0.7270625577314704,0.0
1.0724999999999998,0.23182409093443268,0.23182409093443268,0.0
1.0775000000000006,0.012035755615167858,0.012035755615167858,0.0
1.0824999999999996,0.00025729643832900407,0.00025729643832900407,0.0
1.0875000000000004,0.2954906651742874,0.2954906651742874,0.0
1.0924999999999994,0.534376113916194,0.534376113916194,0.0
1.0975000000000001,0.5241700218624769,0.5241700218624769,0.0
1.102500000000001,0.07513055999206916,0.07513055999206916,0.0
1.1075,0.0,0.0,0.0
1.1125000000000007,0.08742361204556605,0.08742361204556605,0.0
1.1174999999999997,0.4001245500947491,0.4001245500947491,0.0
1.1225000000000005,0.7401560875931021,0.7401560875931021,0.0
1.1274999999999995,0.19483058080135146,0.19483058080135146,0.0
1.1325000000000003,0.0068898268485877755,0.0068898268485877755,0.0
1.137500000000001,0.003116145753095716,0.003116145753095716,0.0
1.1425,0.3253656405135995,0.3253656405135995,0.0
1.1475000000000009,0.5484988295311417,0.5484988295311417,0.0
1.1524999999999999,0.48540402515424036,0.48540402515424036,0.0
1.1575000000000006,0.06704001643127937,0.06704001643127937,0.0
1.1624999999999996,0.0,0.0,0.0
1.1675000000000004,0.11521162738509852,0.11521162738509852,0.0
1.1724999999999994,0.3588141774963702,0.3588141774963702,0.0
1.1775000000000002,0.7582240152624276,0.7582240152624276,0.0
1.182500000000001,0.1901134794319864,0.1901134794319864,0.0
1.1875,0.007061357807473779,0.007061357807473779,0.0
1.1925000000000008,0.005603344656942754,0.005603344656942754,0.0
1.1974999999999998,0.31127151339179965,0.31127151339179965,0.0
1.2025000000000006,0.5266572207663239,0.5266572207663239,0.0
1.2074999999999996,0.5054731473439026,0.5054731473439026,0.0
1.2125000000000004,0.08041943122438759,0.08041943122438759,0.0
1.2174999999999994,5.717698629533424e-5,5.717698629533424e-5,0.0
1.2225000000000001,0.09794417752390755,0.09794417752390755,0.0
1.227500000000001,0.3433763911966298,0.3433763911966298,0.0
1.2325,0.7520489007425315,0.7520489007425315,0.0
1.2375000000000007,0.22836488326356494,0.22836488326356494,0.0
1.2424999999999997,0.007633127670427122,0.007633127670427122,0.0
1.2475000000000005,0.004345450958445401,0.004345450958445401,0.0
1.2524999999999995,0.2591261018904548,0.2591261018904548,0.0
1.2575000000000003,0.44000549803574485,0.44000549803574485,0.0
1.262500000000001,0.6127657621270973,0.6127657621270973,0.0
1.2675,0.11318184437161415,0.11318184437161415,0.0
1.2725000000000009,0.0,0.0,0.0
1.2774999999999999,0.044683814789803704,0.044683814789803704,0.0
1.2825000000000006,0.3433192142103345,0.3433192142103345,0.0
1.2874999999999996,0.6725443012988693,0.6725443012988693,0.0
1.2925000000000004,0.336057736950827,0.336057736950827,0.0
1.2974999999999994,0.032819590133521856,0.032819590133521856,0.0
1.3025000000000002,0.0012864821916450204,0.0012864821916450204,0.0
1.307500000000001,0.15466374792887916,0.15466374792887916,0.0
1.3125,0.3803413128365635,0.3803413128365635,0.0
1.3175000000000008,0.698931480474166,0.698931480474166,0.0
1.3224999999999998,0.19380139504803542,0.19380139504803542,0.0
1.3275000000000006,0.0004002389040673396,0.0004002389040673396,0.0
1.3324999999999996,0.007404419725245784,0.007404419725245784,0.0
1.3375000000000004,0.2474334081930589,0.2474334081930589,0.0
1.3424999999999994,0.49784001967347535,0.49784001967347535,0.0
1.3475000000000001,0.5754006015830964,0.5754006015830964,0.0
1.352500000000001,0.10134620820847996,0.10134620820847996,0.0
1.3575,0.0,0.0,0.0
1.3625000000000007,0.025558112874014403,0.025558112874014403,0.0
1.3674999999999997,0.30552522626911854,0.30552522626911854,0.0
1.3725000000000005,0.6469861884248549,0.6469861884248549,0.0
1.3774999999999995,0.40767191228573324,0.40767191228573324,0.0
1.3825000000000003,0.04368321752963536,0.04368321752963536,0.0
1.387500000000001,0.0,0.0,0.0
1.3925,0.04657065533754973,0.04657065533754973,0.0
1.3975000000000009,0.391719533109335,0.391719533109335,0.0
1.4024999999999999,0.6667408371898929,0.6667408371898929,0.0
1.4075000000000006,0.31015656215904064,0.31015656215904064,0.0
1.4124999999999996,0.014237069587538224,0.014237069587538224,0.0
1.4175000000000004,0.0,0.0,0.0
1.4224999999999994,0.048629026844181765,0.048629026844181765,0.0
1.4275000000000002,0.4740258048814686,0.4740258048814686,0.0
1.432500000000001,0.6393530607544278,0.6393530607544278,0.0
1.4375,0.26232801312299353,0.26232801312299353,0.0
1.4425000000000008,0.005088751780284747,0.005088751780284747,0.0
1.4474999999999998,0.0,0.0,0.0
1.4525000000000006,0.03462066520182487,0.03462066520182487,0.0
1.4574999999999996,0.5100187177543816,0.5100187177543816,0.0
1.4625000000000004,0.6317485215771484,0.6317485215771484,0.0
1.4674999999999994,0.250349434494121,0.250349434494121,0.0
1.4725000000000001,0.002687318355880709,0.002687318355880709,0.0
1.477500000000001,0.0,0.0,0.0
1.4825,0.01432283506698123,0.01432283506698123,0.0
1.4875000000000007,0.40795779721721,0.40795779721721,0.0
1.4924999999999997,0.6889255078724826,0.6889255078724826,0.0
1.4975000000000005,0.3016943681873312,0.3016943681873312,0.0
1.5024999999999995,0.016524149039351593,0.016524149039351593,0.0
1.5075000000000003,0.0,0.0,0.0
1.512500000000001,0.005803464108976425,0.005803464108976425,0.0
1.5175,0.20489373038933031,0.20489373038933031,0.0
1.5225000000000009,0.6680844963678332,0.6680844963678332,0.0
1.5274999999999999,0.4697661194024662,0.4697661194024662,0.0
1.5325000000000006,0.08087684711475028,0.08087684711475028,0.0
1.5374999999999996,0.0,0.0,0.0
1.5425000000000004,0.0006861238355440109,0.0006861238355440109,0.0
1.5474999999999994,0.05071598684396147,0.05071598684396147,0.0
1.5525000000000002,0.2968629128453754,0.2968629128453754,0.0
1.557500000000001,0.5853779856916322,0.5853779856916322,0.0
1.5625,0.3787403572202941,0.3787403572202941,0.0
1.5675000000000008,0.10400493807121299,0.10400493807121299,0.0
1.5724999999999998,0.013036352875336204,0.013036352875336204,0.0
