omega,S,S_edge,S_cont,Sr,Sr_edge,Sr_cont
-1.5574999999999992,0.0,0.0,0.0
-1.5525000000000002,4.900884539600078e-5,4.900884539600078e-5,0.0
-1.5474999999999994,0.00033080970642300527,0.00033080970642300527,0.0
-1.5425000000000004,0.008233486026528129,0.008233486026528129,0.0
-1.5374999999999996,0.04637461995596575,0.04637461995596575,0.0
-1.5325000000000006,0.23548750212778385,0.23548750212778385,0.0
-1.5274999999999999,0.6475089494424069,0.6475089494424069,0.0
-1.522499999999999,1.1425350445760512,1.1425350445760512,0.0
-1.5175,1.2189316664075156,1.2189316664075156,0.0
-1.5124999999999993,0.9486152114849803,0.9486152114849803,0.0
-1.5075000000000003,0.7505173743238991,0.7505173743238991,0.0
-1.5024999999999995,0.652426170263806,0.652426170263806,0.0
-1.4975000000000005,0.5862805652610049,0.5862805652610049,0.0
-1.4924999999999997,0.5395179586123219,0.5395179586123219,0.0
-1.4875000000000007,0.5025040281269927,0.5025040281269927,0.0
-1.4825,0.47213079619282194,0.47213079619282194,0.0
-1.4774999999999991,0.4471485372522112,0.4471485372522112,0.0
-1.4725000000000001,0.4260788178023809,0.4260788178023809,0.0
-1.4674999999999994,0.40744728841100153,0.40744728841100153,0.0
-1.4625000000000004,0.39120494023267705,0.39120494023267705,0.0
-1.4574999999999996,0.37649003440252776,0.37649003440252776,0.0
-1.4525000000000006,0.36361296027472867,0.36361296027472867,0.0
-1.4474999999999998,0.3515036913914668,0.3515036913914668,0.0
-1.442499999999999,0.3408891922927829,0.3408891922927829,0.0
-1.4375,0.33175721076732817,0.33175721076732817,0.0
-1.4324999999999992,0.32095484442795963,0.32095484442795963,0.0
-1.4275000000000002,0.3137219556615998,0.3137219556615998,0.0
-1.4224999999999994,0.3053087705352863,0.3053087705352863,0.0
-1.4175000000000004,0.2986721560545779,0.2986721560545779,0.0
-1.4124999999999996,0.29138209030192275,0.29138209030192275,0.0
-1.4075000000000006,0.284480011241986,0.284480011241986,0.0
-1.4024999999999999,0.27682646321931054,0.27682646321931054,0.0
-1.397499999999999,0.27433109617456414,0.27433109617456414,0.0
-1.3925,0.26701652599921105,0.26701652599921105,0.0
-1.3874999999999993,0.26112321234034197,0.26112321234034197,0.0
-1.3825000000000003,0.25743529672429294,0.25743529672429294,0.0
-1.3774999999999995,0.2520524918716321,0.2520524918716321,0.0
-1.3725000000000005,0.24645323128513905,0.24645323128513905,0.0
-1.3674999999999997,0.242973603262023,0.242973603262023,0.0
-1.362499999999999,0.2403679663151356,0.2403679663151356,0.0
-1.3575,0.23459309069930684,0.23459309069930684,0.0
-1.3524999999999991,0.23043550698154608,0.23043550698154608,0.0
-1.3475000000000001,0.22633918432053038,0.22633918432053038,0.0
-1.3424999999999994,0.2234354102308173,0.2234354102308173,0.0
-1.3375000000000004,0.2201681538710839,0.2201681538710839,0.0
-1.3324999999999996,0.21695807449764584,0.21695807449764584,0.0
-1.3275000000000006,0.2129148447524758,0.2129148447524758,0.0
-1.3224999999999998,0.21005191136725937,0.21005191136725937,0.0
-1.317499999999999,0.20671930988033138,0.20671930988033138,0.0
-1.3125,0.2037542747338733,0.2037542747338733,0.0
-1.3074999999999992,0.2012058147732813,0.2012058147732813,0.0
-1.3025000000000002,0.19798756725894393,0.19798756725894393,0.0
-1.2974999999999994,0.1951409701555262,0.1951409701555262,0.0
-1.2925000000000004,0.19284163849236383,0.19284163849236383,0.0
-1.2874999999999996,0.19022374933412747,0.19022374933412747,0.0
-1.2825000000000006,0.1877528867120791,0.1877528867120791,0.0
-1.2774999999999999,0.18418749320952002,0.18418749320952002,0.0
-1.272499999999999,0.18204744029389466,0.18204744029389466,0.0
-1.2675,0.18016876788704797,0.18016876788704797,0.0
-1.2624999999999993,0.17803279904187225,0.17803279904187225,0.0
-1.2575000000000003,0.17607652929648188,0.17607652929648188,0.0
-1.2524999999999995,0.17377311356286984,0.17377311356286984,0.0
-1.2475000000000005,0.17098369344574746,0.17098369344574746,0.0
-1.2424999999999997,0.16755307426802737,0.16755307426802737,0.0
-1.237499999999999,0.1661522381037917,0.1661522381037917,0.0
-1.2325,0.1666954194735974,0.1666954194735974,0.0
-1.2274999999999991,0.1654906186909457,0.1654906186909457,0.0
-1.2225000000000001,0.16162708804556097,0.16162708804556097,0.0
-1.2174999999999994,0.15529269477812785,0.15529269477812785,0.0
-1.2125000000000004,0.15695491145114224,0.15695491145114224,0.0
-1.2074999999999996,0.15846193344706927,0.15846193344706927,0.0
-1.2025000000000006,0.15434519043380518,0.15434519043380518,0.0
-1.1974999999999998,0.15053066863381645,0.15053066863381645,0.0
-1.192499999999999,0.14963217313488977,0.14963217313488977,0.0
-1.1875,0.14901956256743976,0.14901956256743976,0.0
-1.1824999999999992,0.1472103193582374,0.1472103193582374,0.0
-1.1775000000000002,0.14616071325267307,0.14616071325267307,0.0
-1.1724999999999994,0.14346522675589302,0.14346522675589302,0.0
-1.1675000000000004,0.1402878199460523,0.1402878199460523,0.0
-1.1624999999999996,0.14275051442720132,0.14275051442720132,0.0
-1.1575000000000006,0.13905034659980325,0.13905034659980325,0.0
-1.1524999999999999,0.13544002832229787,0.13544002832229787,0.0
-1.147499999999999,0.13822944843942025,0.13822944843942025,0.0
-1.1425,0.13435366558268652,0.13435366558268652,0.0
-1.1374999999999993,0.13180928969254416,0.13180928969254416,0.0
-1.1325000000000003,0.13407186472165952,0.13407186472165952,0.0
-1.1274999999999995,0.12901578550497209,0.12901578550497209,0.0
-1.1225000000000005,0.13000413055379145,0.13000413055379145,0.0
-1.1174999999999997,0.12756185642489076,0.12756185642489076,0.0
-1.112499999999999,0.12503381681654704,0.12503381681654704,0.0
-1.1075,0.1275904449180384,0.1275904449180384,0.0
-1.1024999999999991,0.12153376844118263,0.12153376844118263,0.0
-1.0975000000000001,0.12489495842125838,0.12489495842125838,0.0
-1.0924999999999994,0.11972044116153063,0.11972044116153063,0.0
-1.0875000000000004,0.12050458268786661,0.12050458268786661,0.0
-1.0824999999999996,0.11973269337287959,0.11973269337287959,0.0
-1.0775000000000006,0.11682075114226723,0.11682075114226723,0.0
-1.0724999999999998,0.11781318026153624,0.11781318026153624,0.0
-1.067499999999999,0.1142845433930242,0.1142845433930242,0.0
-1.0625,0.11499517165126621,0.11499517165126621,0.0
-1.0574999999999992,0.11295313642643283,0.11295313642643283,0.0
-1.0525000000000002,0.11284695059474151,0.11284695059474151,0.0
-1.0474999999999994,0.11049452601573344,0.11049452601573344,0.0
-1.0425000000000004,0.10944900398061878,0.10944900398061878,0.0
-1.0374999999999996,0.11034749947954545,0.11034749947954545,0.0
-1.0325000000000006,0.10589177861895903,0.10589177861895903,0.0
-1.0274999999999999,0.10948576061466576,0.10948576061466576,0.0
-1.022499999999999,0.10195065063503066,0.10195065063503066,0.0
-1.0175,0.10928155709218246,0.10928155709218246,0.0
-1.0124999999999993,0.0988385889523846,0.0988385889523846,0.0
-1.0075000000000003,0.10816660585942342,0.10816660585942342,0.0
-1.0024999999999995,0.09652292100742355,0.09652292100742355,0.0
-0.9975000000000005,0.10597346002795238,0.10597346002795238,0.0
-0.9924999999999997,0.09475043443226819,0.09475043443226819,0.0
-0.9874999999999989,0.10353935403995101,0.10353935403995101,0.0
-0.9824999999999999,0.09433794331685187,0.09433794331685187,0.0
-0.9774999999999991,0.09989636319884829,0.09989636319884829,0.0
-0.9725000000000001,0.0945789034733822,0.0945789034733822,0.0
-0.9674999999999994,0.09537529721106722,0.09537529721106722,0.0
-0.9625000000000004,0.09518742997038256,0.09518742997038256,0.0
-0.9574999999999996,0.09198143466739417,0.09198143466739417,0.0
-0.9525000000000006,0.09553049188815455,0.09553049188815455,0.0
-0.9474999999999998,0.08911033314127845,0.08911033314127845,0.0
-0.942499999999999,0.09336185047938152,0.09336185047938152,0.0
-0.9375,0.0882935190513451,0.0882935190513451,0.0
-0.9324999999999992,0.08982912954041977,0.08982912954041977,0.0
-0.9275000000000002,0.08869375795541244,0.08869375795541244,0.0
-0.9224999999999994,0.08806072703571412,0.08806072703571412,0.0
-0.9175000000000004,0.08716223153678743,0.08716223153678743,0.0
-0.9124999999999996,0.08585124492244439,0.08585124492244439,0.0
-0.9075000000000006,0.08519779365049772,0.08519779365049772,0.0
-0.9024999999999999,0.08586758120424305,0.08586758120424305,0.0
-0.8974999999999991,0.08319659913016102,0.08319659913016102,0.0
-0.8925000000000001,0.08369893979547002,0.08369893979547002,0.0
-0.8874999999999993,0.08142002848455598,0.08142002848455598,0.0
-0.8825000000000003,0.082326692124382,0.082326692124382,0.0
-0.8774999999999995,0.0805705418310253,0.0805705418310253,0.0
-0.8725000000000005,0.0803990108721393,0.0803990108721393,0.0
-0.8674999999999997,0.08052561705607897,0.08052561705607897,0.0
-0.8624999999999989,0.0766784226924929,0.0766784226924929,0.0
-0.8574999999999999,0.08094627631239464,0.08094627631239464,0.0
-0.8524999999999991,0.07470990073575354,0.07470990073575354,0.0
-0.8475000000000001,0.07907985611689694,0.07907985611689694,0.0
-0.8424999999999994,0.07648647138135857,0.07648647138135857,0.0
-0.8375000000000004,0.07245140977708783,0.07245140977708783,0.0
-0.8324999999999996,0.07950868351411196,0.07950868351411196,0.0
-0.8275000000000006,0.07024192766381814,0.07024192766381814,0.0
-0.8224999999999998,0.07511422371027054,0.07511422371027054,0.0
-0.817499999999999,0.07550629447343854,0.07550629447343854,0.0
-0.8125,0.06732181729230641,0.06732181729230641,0.0
-0.8074999999999992,0.0762863519293249,0.0762863519293249,0.0
-0.8025000000000002,0.0702582639456168,0.0702582639456168,0.0
-0.7974999999999994,0.06701142793813174,0.06701142793813174,0.0
-0.7925000000000004,0.07491410425823687,0.07491410425823687,0.0
-0.7874999999999996,0.06706043678352774,0.06706043678352774,0.0
-0.7825000000000006,0.06698283944498408,0.06698283944498408,0.0
-0.7774999999999999,0.0723207195226985,0.0723207195226985,0.0
-0.7724999999999991,0.06532879091286906,0.06532879091286906,0.0
-0.7675000000000001,0.06538596789916439,0.06538596789916439,0.0
-0.7624999999999993,0.07115267537409381,0.07115267537409381,0.0
-0.7575000000000003,0.06342969815377401,0.06342969815377401,0.0
-0.7524999999999995,0.06401780429852602,0.06401780429852602,0.0
-0.7475000000000005,0.06893094104947511,0.06893094104947511,0.0
-0.7424999999999997,0.062302494709666,0.062302494709666,0.0
-0.7374999999999989,0.062314746921015,0.062314746921015,0.0
-0.7324999999999999,0.06672962707710474,0.06672962707710474,0.0
-0.7274999999999991,0.062302494709666,0.062302494709666,0.0
-0.7225000000000001,0.059484486099395946,0.059484486099395946,0.0
-0.7174999999999994,0.06558608735119804,0.06558608735119804,0.0
-0.7125000000000004,0.06125288860410165,0.06125288860410165,0.0
-0.7074999999999996,0.057123893379488574,0.057123893379488574,0.0
-0.7025000000000006,0.06379726449424401,0.06379726449424401,0.0
-0.6974999999999998,0.06155102574692732,0.06155102574692732,0.0
-0.692499999999999,0.055674048369856885,0.055674048369856885,0.0
-0.6875,0.059950070130657965,0.059950070130657965,0.0
-0.6824999999999992,0.06287426457261934,0.06287426457261934,0.0
-0.6775000000000002,0.05426504406472186,0.05426504406472186,0.0
-0.6724999999999994,0.056980950913750245,0.056980950913750245,0.0
-0.6675000000000004,0.06094658332037664,0.06094658332037664,0.0
-0.6624999999999996,0.056147800542018234,0.056147800542018234,0.0
-0.6575000000000006,0.05416702637392986,0.05416702637392986,0.0
-0.6524999999999999,0.05814899506235493,0.05814899506235493,0.0
-0.6474999999999991,0.05717698629533424,0.05717698629533424,0.0
-0.6425000000000001,0.05175334073817682,0.05175334073817682,0.0
-0.6374999999999993,0.0559435970195349,0.0559435970195349,0.0
-0.6325000000000003,0.05712797744993824,0.05712797744993824,0.0
-0.6274999999999995,0.05274985392789551,0.05274985392789551,0.0
-0.6225000000000005,0.051402110679505494,0.051402110679505494,0.0
-0.6174999999999997,0.0550573537319572,0.0550573537319572,0.0
-0.6124999999999989,0.055931344808185894,0.055931344808185894,0.0
-0.6074999999999999,0.04949076570906145,0.04949076570906145,0.0
-0.6024999999999991,0.051336765552310815,0.051336765552310815,0.0
-0.5975000000000001,0.053170513184211184,0.053170513184211184,0.0
-0.5924999999999994,0.05352174324288252,0.05352174324288252,0.0
-0.5875000000000004,0.049409084300068115,0.049409084300068115,0.0
-0.5824999999999996,0.04875971709857111,0.04875971709857111,0.0
-0.5775000000000006,0.051957544260660155,0.051957544260660155,0.0
-0.5724999999999998,0.05239045572832483,0.05239045572832483,0.0
-0.567499999999999,0.049507101990860114,0.049507101990860114,0.0
-0.5625,0.047166929623201084,0.047166929623201084,0.0
-0.5574999999999992,0.048314553419557434,0.048314553419557434,0.0
-0.5525000000000002,0.05143069917265316,0.05143069917265316,0.0
-0.5474999999999994,0.05048727889878014,0.05048727889878014,0.0
-0.5425000000000004,0.04604381024954274,0.04604381024954274,0.0
-0.5374999999999996,0.04516981917331405,0.04516981917331405,0.0
-0.5325000000000006,0.04813077024932244,0.04813077024932244,0.0
-0.5274999999999999,0.05223117698078784,0.05223117698078784,0.0
-0.5224999999999991,0.04503504484847506,0.04503504484847506,0.0
-0.5175000000000001,0.04507180148252205,0.04507180148252205,0.0
-0.5124999999999993,0.0438384122067227,0.0438384122067227,0.0
-0.5075000000000003,0.050283075376296796,0.050283075376296796,0.0
-0.5024999999999995,0.04671768187373774,0.04671768187373774,0.0
-0.4975000000000005,0.04429991216753504,0.04429991216753504,0.0
-0.4924999999999997,0.04207817784291634,0.04207817784291634,0.0
-0.48749999999999893,0.046329695181019405,0.046329695181019405,0.0
-0.48249999999999993,0.04804500476987943,0.04804500476987943,0.0
-0.47749999999999915,0.043397332598158686,0.043397332598158686,0.0
-0.47250000000000014,0.042572350367326005,0.042572350367326005,0.0
-0.46749999999999936,0.04259277071957434,0.04259277071957434,0.0
-0.46250000000000036,0.0456068147114284,0.0456068147114284,0.0
-0.4574999999999996,0.04431216437888404,0.04431216437888404,0.0
-0.45250000000000057,0.04289090786240001,0.04289090786240001,0.0
-0.4474999999999998,0.041236859330284995,0.041236859330284995,0.0
-0.442499999999999,0.04301342997589002,0.04301342997589002,0.0
-0.4375,0.04327072641421903,0.04327072641421903,0.0
-0.4324999999999992,0.04132670888017765,0.04132670888017765,0.0
-0.4275000000000002,0.043005261834990684,0.043005261834990684,0.0
-0.42249999999999943,0.04064466911508331,0.04064466911508331,0.0
-0.4175000000000004,0.04180454512278867,0.04180454512278867,0.0
-0.41249999999999964,0.04061608062193565,0.04061608062193565,0.0
-0.40750000000000064,0.04024034614056631,0.04024034614056631,0.0
-0.40249999999999986,0.04334832375276269,0.04334832375276269,0.0
-0.3974999999999991,0.040023890406733965,0.040023890406733965,0.0
-0.39250000000000007,0.03968899662986129,0.03968899662986129,0.0
-0.3874999999999993,0.03809620915449127,0.03809620915449127,0.0
-0.3825000000000003,0.04001572226583464,0.04001572226583464,0.0
-0.3774999999999995,0.042874571580601345,0.042874571580601345,0.0
-0.3725000000000005,0.040326111620009306,0.040326111620009306,0.0
-0.3674999999999997,0.03704251897847725,0.03704251897847725,0.0
-0.36249999999999893,0.035825465984476564,0.035825465984476564,0.0
-0.35749999999999993,0.03943986833243163,0.03943986833243163,0.0
-0.35249999999999915,0.042694872480816014,0.042694872480816014,0.0
-0.34750000000000014,0.04052623107204297,0.04052623107204297,0.0
-0.34249999999999936,0.035110753655784886,0.035110753655784886,0.0
-0.33750000000000036,0.03395904578897887,0.03395904578897887,0.0
-0.3324999999999996,0.036862819878691916,0.036862819878691916,0.0
-0.32750000000000057,0.043160456512078026,0.043160456512078026,0.0
-0.3224999999999998,0.04016274880202264,0.04016274880202264,0.0
-0.317499999999999,0.03571519608233557,0.03571519608233557,0.0
-0.3125,0.03236625831360884,0.03236625831360884,0.0
-0.3074999999999992,0.034249014790905204,0.034249014790905204,0.0
-0.3025000000000002,0.03971758512300896,0.03971758512300896,0.0
-0.29749999999999943,0.04172286371379533,0.04172286371379533,0.0
-0.2925000000000004,0.03629513408618824,0.03629513408618824,0.0
-0.28749999999999964,0.03390595287313321,0.03390595287313321,0.0
-0.28250000000000064,0.03113286903780949,0.03113286903780949,0.0
-0.27749999999999986,0.0363114703679869,0.0363114703679869,0.0
-0.2724999999999991,0.039211160387250296,0.039211160387250296,0.0
-0.26750000000000007,0.03857404539710228,0.03857404539710228,0.0
-0.2624999999999993,0.0340284749866232,0.0340284749866232,0.0
-0.2575000000000003,0.03326883788298519,0.03326883788298519,0.0
-0.2524999999999995,0.03232950167956185,0.03232950167956185,0.0
-0.2475000000000005,0.03459616077912688,0.03459616077912688,0.0
-0.24249999999999972,0.03850053212900827,0.03850053212900827,0.0
-0.23749999999999893,0.03540072265771123,0.03540072265771123,0.0
-0.23249999999999993,0.03338319185557587,0.03338319185557587,0.0
-0.22749999999999915,0.0334771254759182,0.0334771254759182,0.0
-0.22250000000000014,0.033146315769495185,0.033146315769495185,0.0
-0.21749999999999936,0.03213755036842751,0.03213755036842751,0.0
-0.21250000000000036,0.03705068711937659,0.03705068711937659,0.0
-0.20749999999999957,0.03297886888105885,0.03297886888105885,0.0
-0.20250000000000057,0.03355063874401219,0.03355063874401219,0.0
-0.1974999999999998,0.03434703248169721,0.03434703248169721,0.0
-0.192499999999999,0.03198643976178984,0.03198643976178984,0.0
-0.1875,0.03099401064252083,0.03099401064252083,0.0
-0.18249999999999922,0.034796280231160555,0.034796280231160555,0.0
-0.1775000000000002,0.0313534088420915,0.0313534088420915,0.0
-0.17249999999999943,0.03450631122923421,0.03450631122923421,0.0
-0.16750000000000043,0.033877364379985536,0.033877364379985536,0.0
-0.16249999999999964,0.03189659021189717,0.03189659021189717,0.0
-0.15750000000000064,0.029507408998842126,0.029507408998842126,0.0
-0.15249999999999986,0.03340769627827386,0.03340769627827386,0.0
-0.14749999999999908,0.029552333773788464,0.029552333773788464,0.0
-0.14250000000000007,0.03403664312752254,0.03403664312752254,0.0
-0.1374999999999993,0.03347304140546853,0.03347304140546853,0.0
-0.13250000000000028,0.03165563005536683,0.03165563005536683,0.0
-0.1274999999999995,0.02972794880312414,0.02972794880312414,0.0
-0.1225000000000005,0.03133707256029283,0.03133707256029283,0.0
-0.11749999999999972,0.02949515678749313,0.02949515678749313,0.0
-0.11249999999999893,0.032157970720675846,0.032157970720675846,0.0
-0.10749999999999993,0.03258679811789085,0.03258679811789085,0.0
-0.10249999999999915,0.03192109463459517,0.03192109463459517,0.0
-0.09750000000000014,0.028960143558586796,0.028960143558586796,0.0
-0.09249999999999936,0.030994010642520824,0.030994010642520824,0.0
-0.08750000000000036,0.02904182496758012,0.02904182496758012,0.0
-0.08249999999999957,0.029564585985137466,0.029564585985137466,0.0
-0.07750000000000057,0.03357105909626053,0.03357105909626053,0.0
-0.07249999999999979,0.02929095326500979,0.02929095326500979,0.0
-0.067499999999999,0.02965443553503013,0.02965443553503013,0.0
-0.0625,0.029058161249378794,0.029058161249378794,0.0
-0.05749999999999922,0.03043040892046681,0.03043040892046681,0.0
-0.05250000000000021,0.028510895809123443,0.028510895809123443,0.0
-0.04749999999999943,0.03111244868556116,0.03111244868556116,0.0
-0.042500000000000426,0.031194130094554493,0.031194130094554493,0.0
-0.037499999999999645,0.027804351621331103,0.027804351621331103,0.0
-0.03250000000000064,0.027016126024545423,0.027016126024545423,0.0
-0.027499999999999858,0.030213953186634473,0.030213953186634473,0.0
-0.022499999999999076,0.029838218705265134,0.029838218705265134,0.0
-0.01750000000000007,0.02909491788342579,0.02909491788342579,0.0
-0.01249999999999929,0.030471249624963483,0.030471249624963483,0.0
-0.007500000000000284,0.02931954175815746,0.02931954175815746,0.0
-0.0024999999999995026,0.02681192250206209,0.02681192250206209,0.0
0.0024999999999995026,0.02453709526159772,0.02453709526159772,0.0
0.007500000000000284,0.029862723127963137,0.029862723127963137,0.0
0.012500000000001066,0.030352811581923142,0.030352811581923142,0.0
0.01750000000000007,0.029740201014473135,0.029740201014473135,0.0
0.022500000000000853,0.029960740818755143,0.029960740818755143,0.0
0.027499999999999858,0.02834753299113678,0.02834753299113678,0.0
0.03250000000000064,0.0257418960442494,0.0257418960442494,0.0
0.037499999999999645,0.02133926809950867,0.02133926809950867,0.0
0.042500000000000426,0.028065732130109777,0.028065732130109777,0.0
0.04749999999999943,0.030957254008473826,0.030957254008473826,0.0
0.05250000000000021,0.03144734246243383,0.03144734246243383,0.0
0.057500000000000995,0.030520258470359482,0.030520258470359482,0.0
0.0625,0.028249515300344776,0.028249515300344776,0.0
0.06750000000000078,0.024745382854530724,0.024745382854530724,0.0
0.07249999999999979,0.01811285244427195,0.01811285244427195,0.0
0.07750000000000057,0.024688205868235388,0.024688205868235388,0.0
0.08249999999999957,0.02898464798128478,0.02898464798128478,0.0
0.08750000000000036,0.03373442191424719,0.03373442191424719,0.0
0.09249999999999936,0.033101390994548854,0.033101390994548854,0.0
0.09750000000000014,0.029478820505694465,0.029478820505694465,0.0
0.10250000000000092,0.024296135105067382,0.024296135105067382,0.0
0.10749999999999993,0.01818636571236595,0.01818636571236595,0.0
0.11250000000000071,0.017536998510868942,0.017536998510868942,0.0
0.11749999999999972,0.02503535185645706,0.02503535185645706,0.0
0.1225000000000005,0.03130031592624583,0.03130031592624583,0.0
0.1274999999999995,0.037361076473551254,0.037361076473551254,0.0
0.13250000000000028,0.03304012993780386,0.03304012993780386,0.0
0.13750000000000107,0.026926276474652757,0.026926276474652757,0.0
0.14250000000000007,0.019873086808078314,0.019873086808078314,0.0
0.14750000000000085,0.014906857141283567,0.014906857141283567,0.0
0.15249999999999986,0.01741447639737894,0.01741447639737894,0.0
0.15750000000000064,0.02349157322648304,0.02349157322648304,0.0
0.16249999999999964,0.03292986003566285,0.03292986003566285,0.0
0.16750000000000043,0.04034244790180798,0.04034244790180798,0.0
0.17249999999999943,0.03469826254036855,0.03469826254036855,0.0
0.1775000000000002,0.02365085197402004,0.02365085197402004,0.0
0.182500000000001,0.017104087043204267,0.017104087043204267,0.0
0.1875,0.013885839528866883,0.013885839528866883,0.0
0.19250000000000078,0.014759830605095569,0.014759830605095569,0.0
0.1974999999999998,0.021559807903790675,0.021559807903790675,0.0
0.20250000000000057,0.032954364458360856,0.032954364458360856,0.0
0.20749999999999957,0.041690191150197994,0.041690191150197994,0.0
0.21250000000000036,0.03740600124849759,0.03740600124849759,0.0
0.21749999999999936,0.023740701523912708,0.023740701523912708,0.0
0.22250000000000014,0.015368357102095909,0.015368357102095909,0.0
0.22750000000000092,0.01444535718047123,0.01444535718047123,0.0
0.23249999999999993,0.011933653853926187,0.011933653853926187,0.0
0.2375000000000007,0.01797807811943295,0.01797807811943295,0.0
0.24249999999999972,0.02840879404788178,0.02840879404788178,0.0
0.2475000000000005,0.039362270993887956,0.039362270993887956,0.0
0.2524999999999995,0.04193115130672833,0.04193115130672833,0.0
0.2575000000000003,0.028866209938244458,0.028866209938244458,0.0
0.26250000000000107,0.01594012696504925,0.01594012696504925,0.0
0.26750000000000007,0.014514786378115563,0.014514786378115563,0.0
0.27250000000000085,0.011827468022234855,0.011827468022234855,0.0
0.27749999999999986,0.014616888139357232,0.014616888139357232,0.0
0.28250000000000064,0.019885339019427312,0.019885339019427312,0.0
0.28749999999999964,0.030397736356869477,0.030397736356869477,0.0
0.2925000000000004,0.04326255827331968,0.04326255827331968,0.0
0.29749999999999943,0.03664228007440991,0.03664228007440991,0.0
0.3025000000000002,0.023932652835047044,0.023932652835047044,0.0
0.307500000000001,0.015421450017941577,0.015421450017941577,0.0
0.3125,0.011990830840221522,0.011990830840221522,0.0
0.3175000000000008,0.013546861681544547,0.013546861681544547,0.0
0.3224999999999998,0.015494963286035581,0.015494963286035581,0.0
0.32750000000000057,0.01981590982178298,0.01981590982178298,0.0
0.3324999999999996,0.031439174321534494,0.031439174321534494,0.0
0.33750000000000036,0.03903962942836429,0.03903962942836429,0.0
0.34249999999999936,0.034800364301610216,0.034800364301610216,0.0
0.34750000000000014,0.023846887355604043,0.023846887355604043,0.0
0.3525000000000009,0.016438383559908596,0.016438383559908596,0.0
0.35749999999999993,0.011447649470415848,0.011447649470415848,0.0
0.3625000000000007,0.013812326260772884,0.013812326260772884,0.0
0.3674999999999997,0.015147817297813908,0.015147817297813908,0.0
0.3725000000000005,0.0191379541271383,0.0191379541271383,0.0
0.3774999999999995,0.029442063871647467,0.029442063871647467,0.0
0.3825000000000003,0.03237034238405851,0.03237034238405851,0.0
0.38750000000000107,0.033485293616817534,0.033485293616817534,0.0
0.39250000000000007,0.0274245330695121,0.0274245330695121,0.0
0.39750000000000085,0.01796174183763428,0.01796174183763428,0.0
0.40249999999999986,0.013530525399745884,0.013530525399745884,0.0
0.40750000000000064,0.013289565243215543,0.013289565243215543,0.0
0.41249999999999964,0.013358994440859877,0.013358994440859877,0.0
0.4175000000000004,0.018660117884527292,0.018660117884527292,0.0
0.42249999999999943,0.02529264829478606,0.02529264829478606,0.0
0.4275000000000002,0.027542971112552436,0.027542971112552436,0.0
0.432500000000001,0.030352811581923142,0.030352811581923142,0.0
0.4375,0.029176599292419125,0.029176599292419125,0.0
0.4425000000000008,0.02444316164125539,0.02444316164125539,0.0
0.4474999999999998,0.015282591622652907,0.015282591622652907,0.0
0.45250000000000057,0.013608122738289546,0.013608122738289546,0.0
0.4574999999999996,0.012570768844074199,0.012570768844074199,0.0
0.46250000000000036,0.015311180115800578,0.015311180115800578,0.0
0.46749999999999936,0.021269838901864336,0.021269838901864336,0.0
0.47250000000000014,0.023275117492650703,0.023275117492650703,0.0
0.4775000000000009,0.027322431308270424,0.027322431308270424,0.0
0.48249999999999993,0.0276205684510961,0.0276205684510961,0.0
0.4875000000000007,0.025251807590289395,0.025251807590289395,0.0
0.4924999999999997,0.022245931739334687,0.022245931739334687,0.0
0.4975000000000005,0.017467569313224608,0.017467569313224608,0.0
0.5024999999999995,0.014743494323296897,0.014743494323296897,0.0
0.5075000000000003,0.012460498941933195,0.012460498941933195,0.0
0.5125000000000011,0.01518865800231057,0.01518865800231057,0.0
0.5175000000000001,0.018080179880674622,0.018080179880674622,0.0
0.5225000000000009,0.02409193158258405,0.02409193158258405,0.0
0.5274999999999999,0.024336975809564048,0.024336975809564048,0.0
0.5325000000000006,0.025807241171444072,0.025807241171444072,0.0
0.5374999999999996,0.02410418379393305,0.02410418379393305,0.0
0.5425000000000004,0.02072665753205866,0.02072665753205866,0.0
0.5474999999999994,0.0190644408590443,0.0190644408590443,0.0
0.5525000000000002,0.015976883599096253,0.015976883599096253,0.0
0.557500000000001,0.015004874832075571,0.015004874832075571,0.0
0.5625,0.013755149274477551,0.013755149274477551,0.0
0.5675000000000008,0.01527850755220324,0.01527850755220324,0.0
0.5724999999999998,0.019268644381527637,0.019268644381527637,0.0
0.5775000000000006,0.02198046716010635,0.02198046716010635,0.0
0.5824999999999996,0.02453709526159772,0.02453709526159772,0.0
0.5875000000000004,0.02267475913654969,0.02267475913654969,0.0
0.5924999999999994,0.024145024498429712,0.024145024498429712,0.0
0.5975000000000001,0.018721378941272293,0.018721378941272293,0.0
0.6025000000000009,0.016066733148988918,0.016066733148988918,0.0
0.6074999999999999,0.016667091505089927,0.016667091505089927,0.0
0.6125000000000007,0.016238264107874923,0.016238264107874923,0.0
0.6174999999999997,0.013759233344927218,0.013759233344927218,0.0
0.6225000000000005,0.014347339489679227,0.014347339489679227,0.0
0.6274999999999995,0.017018321563761266,0.017018321563761266,0.0
0.6325000000000003,0.020338670839340323,0.020338670839340323,0.0
0.6375000000000011,0.021200409704219998,0.021200409704219998,0.0
0.6425000000000001,0.021821188412569345,0.021821188412569345,0.0
0.6475000000000009,0.021743591074025678,0.021743591074025678,0.0
0.6524999999999999,0.020673564616212992,0.020673564616212992,0.0
0.6575000000000006,0.017761622385600615,0.017761622385600615,0.0
0.6624999999999996,0.017933153344486617,0.017933153344486617,0.0
0.6675000000000004,0.015360188961196576,0.015360188961196576,0.0
0.6724999999999994,0.011517078668060182,0.011517078668060182,0.0
0.6775000000000002,0.01413088375584689,0.01413088375584689,0.0
0.682500000000001,0.016385290644062925,0.016385290644062925,0.0
0.6875,0.01684679060487526,0.01684679060487526,0.0
0.6925000000000008,0.018149609078318953,0.018149609078318953,0.0
0.6974999999999998,0.017259281720291605,0.017259281720291605,0.0
0.7025000000000006,0.02004053369651465,0.02004053369651465,0.0
0.7074999999999996,0.018954170956903296,0.018954170956903296,0.0
0.7125000000000004,0.021220830056468337,0.021220830056468337,0.0
0.7174999999999994,0.02035909119158865,0.02035909119158865,0.0
0.7225000000000001,0.017283786142989605,0.017283786142989605,0.0
0.7275000000000009,0.014518870448565228,0.014518870448565228,0.0
0.7324999999999999,0.012828065282403201,0.012828065282403201,0.0
0.7375000000000007,0.011353715850073512,0.011353715850073512,0.0
0.7424999999999997,0.014208481094390562,0.014208481094390562,0.0
0.7475000000000005,0.01655273753249926,0.01655273753249926,0.0
0.7524999999999995,0.016658923364190593,0.016658923364190593,0.0
0.7575000000000003,0.015135565086464905,0.015135565086464905,0.0
0.7625000000000011,0.01429424657383356,0.01429424657383356,0.0
0.7675000000000001,0.017434896749627275,0.017434896749627275,0.0
0.7725000000000009,0.01933807357917197,0.01933807357917197,0.0
0.7774999999999999,0.01872546301172196,0.01872546301172196,0.0
0.7825000000000006,0.019313569156473972,0.019313569156473972,0.0
0.7874999999999996,0.02237662199372402,0.02237662199372402,0.0
0.7925000000000004,0.014600551857558562,0.014600551857558562,0.0
0.7974999999999994,0.009977384108535823,0.009977384108535823,0.0
0.8025000000000002,0.009863030135945155,0.009863030135945155,0.0
0.807500000000001,0.012072512249214856,0.012072512249214856,0.0
0.8125,0.015172321720511904,0.015172321720511904,0.0
0.8175000000000008,0.013465180272551213,0.013465180272551213,0.0
0.8224999999999998,0.010340866378556164,0.010340866378556164,0.0
0.8275000000000006,0.01190914943122819,0.01190914943122819,0.0
0.8324999999999996,0.014437189039571892,0.014437189039571892,0.0
0.8375000000000004,0.017704445399305282,0.017704445399305282,0.0
0.8424999999999994,0.01890107804105763,0.01890107804105763,0.0
0.8475000000000001,0.019358493931420303,0.019358493931420303,0.0
0.8525000000000009,0.02066131240486399,0.02066131240486399,0.0
0.8574999999999999,0.02140461322670334,0.02140461322670334,0.0
0.8625000000000007,0.01357953424514188,0.01357953424514188,0.0
0.8674999999999997,0.010275521251361495,0.010275521251361495,0.0
0.8725000000000005,0.0105695743237375,0.0105695743237375,0.0
0.8774999999999995,0.010259184969562827,0.010259184969562827,0.0
0.8825000000000003,0.007686220586272789,0.007686220586272789,0.0
0.8875000000000011,0.006616194128460106,0.006616194128460106,0.0
0.8925000000000001,0.007061357807473779,0.007061357807473779,0.0
0.8975000000000009,0.008788919607682806,0.008788919607682806,0.0
0.9024999999999999,0.012460498941933195,0.012460498941933195,0.0
0.9075000000000006,0.014678149196102233,0.014678149196102233,0.0
0.9124999999999996,0.017365467551982944,0.017365467551982944,0.0
0.9175000000000004,0.018909246181956968,0.018909246181956968,0.0
0.9224999999999994,0.020742993813857327,0.020742993813857327,0.0
0.9275000000000002,0.019521856749406975,0.019521856749406975,0.0
0.932500000000001,0.021041130956683002,0.021041130956683002,0.0
0.9375,0.01589928626055258,0.01589928626055258,0.0
0.9425000000000008,0.010749273423522835,0.010749273423522835,0.0
0.9474999999999998,0.006452831310473435,0.006452831310473435,0.0
0.9525000000000006,0.002981371428256714,0.002981371428256714,0.0
0.9574999999999996,0.002695486496780043,0.002695486496780043,0.0
0.9625000000000004,0.002238070606417369,0.002238070606417369,0.0
0.9674999999999994,0.0026505617218337088,0.0026505617218337088,0.0
0.9725000000000001,0.003259088218834051,0.003259088218834051,0.0
0.9775000000000009,0.0048396234828550775,0.0048396234828550775,0.0
0.9824999999999999,0.006293552562936434,0.006293552562936434,0.0
0.9875000000000007,0.008784835537233141,0.008784835537233141,0.0
0.9924999999999997,0.010312277885408496,0.010312277885408496,0.0
0.9975000000000005,0.011945906065275189,0.011945906065275189,0.0
1.0024999999999995,0.014743494323296902,0.014743494323296902,0.0
1.0075000000000003,0.02325469714040237,0.02325469714040237,0.0
1.012500000000001,0.030356895652372817,0.030356895652372817,0.0
1.0175,0.03863122238339761,0.03863122238339761,0.0
1.0225000000000009,0.03185166543695084,0.03185166543695084,0.0
1.0274999999999999,0.007804658629313123,0.007804658629313123,0.0
1.0325000000000006,0.000563601722054009,0.000563601722054009,0.0
