omega,S,S_edge,S_cont
-0.06920886547440691,0,0,0
-0.06875607450921112,7.025013320180203,7.025013320180203,0.0
-0.06785048168550029,7.0248443153245,7.0248443153245,0.0
-0.06694487296597335,7.024766706602419,7.024766706602419,0.0
-0.06603925600064454,7.02471639089519,7.02471639089519,0.0
-0.06513363337788203,7.024678939258447,7.024678939258447,0.0
-0.06422800642933274,7.024649282995774,7.024649282995774,0.0
-0.06332237598646796,7.0246247308299985,7.0246247308299985,0.0
-0.062416742609820705,7.02460377062231,7.02460377062231,0.0
-0.06151110670214531,7.024585466707177,7.024585466707177,0.0
-0.0606054685691343,7.02456924892478,7.02456924892478,0.0
-0.05969982845092495,7.024554670410392,7.024554670410392,0.0
-0.05879418654153301,7.024541462502325,7.024541462502325,0.0
-0.0578885429899447,7.024529195292502,7.024529195292502,0.0
-0.05698289791799756,7.02451787751234,7.02451787751234,0.0
-0.0560772514304209,7.024507235016621,7.024507235016621,0.0
-0.05517160361426611,7.024497267703407,7.024497267703407,0.0
-0.05426595455086025,7.024487886863585,7.024487886863585,0.0
-0.053360304311692384,7.02447902858321,7.02447902858321,0.0
-0.052454652963404194,7.024470681572196,7.024470681572196,0.0
-0.051549000561246616,7.024462680414411,7.024462680414411,0.0
-0.0506433471521453,7.024455061373896,7.024455061373896,0.0
-0.04973769278566166,7.024447829068891,7.024447829068891,0.0
-0.04883203750105671,7.024440819092671,7.024440819092671,0.0
-0.047926381332196843,7.024434112164297,7.024434112164297,0.0
-0.0470207243173581,7.024427695966098,7.024427695966098,0.0
-0.046115066486121584,7.02442144793375,7.02442144793375,0.0
-0.045209407864643975,7.024415437508217,7.024415437508217,0.0
-0.044303748479821006,7.024409606710876,7.024409606710876,0.0
-0.04339808835707262,7.024403990625493,7.024403990625493,0.0
-0.04249242751806923,7.024398496002837,7.024398496002837,0.0
-0.041586765983583025,7.024393202157065,7.024393202157065,0.0
-0.040681103775536936,7.024388047623262,7.024388047623262,0.0
-0.03977544090884162,7.024382985089118,7.024382985089118,0.0
-0.038869777400108385,7.024378088246748,7.024378088246748,0.0
-0.03796411326323702,7.024373241341893,7.024373241341893,0.0
-0.03705844851242816,7.024368564794125,7.024368564794125,0.0
-0.03615278316613017,7.024364004074405,7.024364004074405,0.0
-0.0352471172361816,7.024359511178586,7.024359511178586,0.0
-0.03434145073208346,7.024355097850861,7.024355097850861,0.0
-0.03343578366437586,7.024350768463912,7.024350768463912,0.0
-0.03253011604557786,7.024346549342969,7.024346549342969,0.0
-0.031624447885740065,7.024342375870774,7.024342375870774,0.0
-0.030718779191917706,7.024338266200189,7.024338266200189,0.0
-0.029813109974592054,7.024334255322443,7.024334255322443,0.0
-0.028907440245509473,7.024330327869845,7.024330327869845,0.0
-0.02800177001259673,7.024326439960118,7.024326439960118,0.0
-0.027096099283401575,7.024322629595968,7.024322629595968,0.0
-0.02619042806604245,7.0243188676268735,7.0243188676268735,0.0
-0.0252847563695343,7.024315197109109,7.024315197109109,0.0
-0.02437908420022241,7.024311533574924,7.024311533574924,0.0
-0.02347341156374101,7.02430795046191,7.02430795046191,0.0
-0.02256773846824298,7.024304413400984,7.024304413400984,0.0
-0.021662064918965336,7.024300911530608,7.024300911530608,0.0
-0.02075639092097282,7.02429745303969,7.02429745303969,0.0
-0.019850716479755302,7.024294036333823,7.024294036333823,0.0
-0.018945041600419207,7.024290657059083,7.024290657059083,0.0
-0.018039366287055117,7.024287303811689,7.024287303811689,0.0
-0.017133690544429224,7.024283998475252,7.024283998475252,0.0
-0.01622801437800375,7.024280729962273,7.024280729962273,0.0
-0.015322337792610816,7.024277499586411,7.024277499586411,0.0
-0.014416660791150122,7.0242742760586045,7.0242742760586045,0.0
-0.013510983376329048,7.024271087684471,7.024271087684471,0.0
-0.01260530555253151,7.024267932164308,7.024267932164308,0.0
-0.011699627324906663,7.0242648236675365,7.0242648236675365,0.0
-0.0107939486971665,7.024261725731954,7.024261725731954,0.0
-0.00988826967125969,7.024258647467676,7.024258647467676,0.0
-0.008982590251690195,7.024255619400965,7.024255619400965,0.0
-0.008076910441752402,7.024252592243176,7.024252592243176,0.0
-0.007171230244842182,7.024249616856811,7.024249616856811,0.0
-0.006265549664254109,7.0242466408081246,7.0242466408081246,0.0
-0.005359868700611501,7.024243675095413,7.024243675095413,0.0
-0.004454187357640813,7.0242407568546295,7.0242407568546295,0.0
-0.0035485056379100906,7.024237830981148,7.024237830981148,0.0
-0.002642823541795036,7.024234918572892,7.024234918572892,0.0
-0.001737141072257642,7.024232038649127,7.024232038649127,0.0
-0.000831458231612974,7.024229162155696,7.024229162155696,0.0
7.422497833382372e-5,7.024226310237034,7.024226310237034,0.0
0.0009799085555689876,7.024223464984643,7.024223464984643,0.0
0.0018855924979811907,7.024220645820274,7.024220645820274,0.0
0.0027912768033810905,7.0242178345322355,7.0242178345322355,0.0
0.003696961470208665,7.024215039570509,7.024215039570509,0.0
0.004602646496867419,7.024212253050775,7.024212253050775,0.0
0.00550833188183234,7.024209481748543,7.024209481748543,0.0
0.006414017623303624,7.024206723150583,7.024206723150583,0.0
0.0073197037203594495,7.02420396615143,7.02420396615143,0.0
0.008225390171652436,7.024201228457437,7.024201228457437,0.0
0.009131076976616092,7.024198480249636,7.024198480249636,0.0
0.010036764136792956,7.024195718633134,7.024195718633134,0.0
0.0109424516508747,7.024192990723515,7.024192990723515,0.0
0.011848139516288752,7.024190269015205,7.024190269015205,0.0
0.012753827731352484,7.024187567209513,7.024187567209513,0.0
0.013659516295920786,7.024184847756224,7.024184847756224,0.0
0.014565205209380185,7.024182155470469,7.024182155470469,0.0
0.015470894469256726,7.024179474395435,7.024179474395435,0.0
0.016376584076134338,7.024176773056339,7.024176773056339,0.0
0.01728227403085473,7.024174078929562,7.024174078929562,0.0
0.01818796433168832,7.024171404422351,7.024171404422351,0.0
0.01909365497874392,7.024168708611993,7.024168708611993,0.0
0.01999934597429478,7.024165998848215,7.024165998848215,0.0
0.020905037318036154,7.024163307768727,7.024163307768727,0.0
0.02181072900885351,7.024160615296924,7.024160615296924,0.0
0.0227164210478496,7.024157907116602,7.024157907116602,0.0
0.0236221134345072,7.024155222671657,7.024155222671657,0.0
0.02452780616729127,7.024152538305691,7.024152538305691,0.0
0.025433499245703817,7.024149861589311,7.024149861589311,0.0
0.02633919267030528,7.0241471685342916,7.0241471685342916,0.0
0.027244886442161394,7.024144475291478,7.024144475291478,0.0
0.028150580562356076,7.024141765427736,7.024141765427736,0.0
0.02905627503094054,7.02413907139476,7.02413907139476,0.0
0.029961969847971608,7.024136360653783,7.024136360653783,0.0
0.03086766501430547,7.02413365334459,7.02413365334459,0.0
0.031773360530458566,7.024130934597188,7.024130934597188,0.0
0.03267905639740796,7.024128212137175,7.024128212137175,0.0
0.03358475261521333,7.024125492468105,7.024125492468105,0.0
0.03449044918615346,7.024122734666122,7.024122734666122,0.0
0.03539614611187618,7.024119989441996,7.024119989441996,0.0
0.03630184339141879,7.024117246576713,7.024117246576713,0.0
0.03720754102608394,7.02411448115129,7.02411448115129,0.0
0.038113239018488176,7.024111697705512,7.024111697705512,0.0
0.03901893737061844,7.024108901465162,7.024108901465162,0.0
0.03992463608367686,7.024106099377643,7.024106099377643,0.0
0.0408303351591298,7.024103280397059,7.024103280397059,0.0
0.041736034597709845,7.024100466951105,7.024100466951105,0.0
0.042641734401620224,7.024097613800909,7.024097613800909,0.0
0.04354743457246056,7.024094775548128,7.024094775548128,0.0
0.04445313511160666,7.0240919010624845,7.0240919010624845,0.0
0.0453588360218536,7.024089019460515,7.024089019460515,0.0
0.04626453730410114,7.024086131023308,7.024086131023308,0.0
0.047170238962035996,7.024083192242538,7.024083192242538,0.0
0.0480759409998108,7.0240802393990025,7.0240802393990025,0.0
0.04898164341956323,7.024077267466578,7.024077267466578,0.0
0.04988734622330335,7.024074283450199,7.024074283450199,0.0
0.05079304941230414,7.02407129177764,7.02407129177764,0.0
0.05169875298945656,7.024068262925918,7.024068262925918,0.0
0.05260445695776268,7.024065224693968,7.024065224693968,0.0
0.053510161319666474,7.0240621579396185,7.0240621579396185,0.0
0.05441586607889386,7.0240590619215,7.0240590619215,0.0
0.05532157123864242,7.024055945575693,7.024055945575693,0.0
0.05622727680222849,7.024052798124491,7.024052798124491,0.0
0.05713298277342851,7.024049623209316,7.024049623209316,0.0
0.05803868915711416,7.024046400200731,7.024046400200731,0.0
0.058944395957391496,7.024043161603772,7.024043161603772,0.0
0.05985010317905023,7.024039864309923,7.024039864309923,0.0
0.06075581082851383,7.024036526087015,7.024036526087015,0.0
0.06166151890941003,7.024033172531069,7.024033172531069,0.0
0.06256722742775107,7.024029741061417,7.024029741061417,0.0
0.0634729363890233,7.024026302415489,7.024026302415489,0.0
0.06437864579534701,7.02402283806576,7.02402283806576,0.0
0.06528435565187297,7.024019319535304,7.024019319535304,0.0
0.06619006596661456,7.024015730901049,7.024015730901049,0.0
0.06709577674560743,7.0240121187616795,7.0240121187616795,0.0
0.0680014879944998,7.0240084425284435,7.0240084425284435,0.0
0.06890719972171411,7.024004699760274,7.024004699760274,0.0
0.06981291193434082,7.024000913558944,7.024000913558944,0.0
0.0707186246382738,7.0239970793821636,7.0239970793821636,0.0
0.07162433784134968,7.023993171639644,7.023993171639644,0.0
0.07253005155150427,7.02398921438398,7.02398921438398,0.0
0.07343576577687194,7.023985180483117,7.023985180483117,0.0
0.0743414805282762,7.023981055359659,7.023981055359659,0.0
0.07524719581425247,7.023976889081209,7.023976889081209,0.0
0.07615291164591165,7.0239725916340445,7.0239725916340445,0.0
0.0770586280358845,7.023968229458263,7.023968229458263,0.0
0.07796434499455407,7.023963770977815,7.023963770977815,0.0
0.0788700625313814,7.023959262070076,7.023959262070076,0.0
0.07977578065719679,7.023954635620652,7.023954635620652,0.0
0.08068149938811137,7.0239498768366895,7.0239498768366895,0.0
0.08158721874186317,7.023944975279885,7.023944975279885,0.0
0.0824929387355174,7.023939951824724,7.023939951824724,0.0
0.08339865938346877,7.023934827017343,7.023934827017343,0.0
0.08430438070139709,7.023929560380693,7.023929560380693,0.0
0.08521010270958801,7.0239241209562655,7.0239241209562655,0.0
0.08611582543012658,7.023918511794464,7.023918511794464,0.0
0.08702154888606481,7.023912714849618,7.023912714849618,0.0
0.08792727309983953,7.023906757709945,7.023906757709945,0.0
0.08883299809880066,7.023900536586874,7.023900536586874,0.0
0.08973872391397006,7.02389409832,7.02389409832,0.0
0.09064445057746395,7.023887379098725,7.023887379098725,0.0
0.09155017812186632,7.023880435481013,7.023880435481013,0.0
0.09245590657955505,7.023873214108855,7.023873214108855,0.0
0.09336163599162937,7.023865633075962,7.023865633075962,0.0
0.09426736640845196,7.023857630619074,7.023857630619074,0.0
0.09517309788519221,7.023849193954874,7.023849193954874,0.0
0.09607883047661998,7.023840342069114,7.023840342069114,0.0
0.09698456425111093,7.023830844960954,7.023830844960954,0.0
0.09789029927674325,7.023820937252606,7.023820937252606,0.0
0.09879603563160703,7.023810229050551,7.023810229050551,0.0
0.09970177342343411,7.023798650527307,7.023798650527307,0.0
0.10060751276989752,7.023786117344005,7.023786117344005,0.0
0.10151325381118456,7.023772364673368,7.023772364673368,0.0
0.10241899672049376,7.023757145383273,7.023757145383273,0.0
0.10332474170416639,7.023740192618047,7.023740192618047,0.0
0.10423048901583598,7.023721039809918,7.023721039809918,0.0
0.10513623900457512,7.023698673410189,7.023698673410189,0.0
0.10604199216232907,7.023671891245979,7.023671891245979,0.0
0.10694774918645819,7.0236387098892035,7.0236387098892035,0.0
0.10785351119322589,7.023594616402643,7.023594616402643,0.0
0.10875928026777092,7.0235290985448815,7.0235290985448815,0.0
0.10966506195896364,7.023398954691396,7.023398954691396,0.0
0.2531026119659705,0.022246181329928432,0.022246181329928432,0.0
0.39608726693137747,0,0,0
