omega,S,S_edge,S_cont
-1.03874614435019,0,0,0
-1.0386663356999009,22.142284843046987,22.142284843046987,0.0
-1.0384395879866983,12.026385854154197,12.026385854154197,0.0
-1.038087236223148,8.60290460211583,8.60290460211583,0.0
-1.037626013877691,6.908050198368455,6.908050198368455,0.0
-1.0370698536714036,5.883611001121601,5.883611001121601,0.0
-1.0364291733054556,5.192451100018012,5.192451100018012,0.0
-1.0357123115694087,4.693216483104693,4.693216483104693,0.0
-1.034925895013465,4.311325096247044,4.311325096247044,0.0
-1.0340752400571773,4.009221446423556,4.009221446423556,0.0
-1.0331654126567964,3.76744320985612,3.76744320985612,0.0
-1.0322005160236345,3.5639468761271593,3.5639468761271593,0.0
-1.0311838269874096,3.3928149383370845,3.3928149383370845,0.0
-1.0301183337956545,3.24459054980737,3.24459054980737,0.0
-1.0290064952565678,3.1155888750522815,3.1155888750522815,0.0
-1.0278507816838038,3.002701028533114,3.002701028533114,0.0
-1.0266532494068652,2.9016529203202013,2.9016529203202013,0.0
-1.0254157222848648,2.8116271001386823,2.8116271001386823,0.0
-1.0241397963211745,2.72955223581619,2.72955223581619,0.0
-1.0228268571637997,2.6552587922423982,2.6552587922423982,0.0
-1.0214782503190165,2.5870260185624,2.5870260185624,0.0
-1.0200951940807026,2.524579982211701,2.524579982211701,0.0
-1.0186789420741578,2.46713042292989,2.46713042292989,0.0
-1.0172306977227856,2.4142374880834203,2.4142374880834203,0.0
-1.015751594417845,2.3652303831716335,2.3652303831716335,0.0
-1.0142425520197091,2.319370237966536,2.319370237966536,0.0
-1.0127043631321873,2.276424733060215,2.276424733060215,0.0
-1.0111377696689372,2.2360098551046264,2.2360098551046264,0.0
-1.0095436220210527,2.1983925592364675,2.1983925592364675,0.0
-1.007922750038373,2.1628725186036415,2.1628725186036415,0.0
-1.0062757308658532,2.1291359447353804,2.1291359447353804,0.0
-1.0046030592251523,2.097032074177687,2.097032074177687,0.0
-1.0029051997170244,2.066425182867273,2.066425182867273,0.0
-1.001182770166786,2.037621720758305,2.037621720758305,0.0
-0.999436452418967,2.0102706019555936,2.0102706019555936,0.0
-0.9976667739718192,1.9841754900102437,1.9841754900102437,0.0
-0.9958739749480086,1.9587524429561771,1.9587524429561771,0.0
-0.9940583732615891,1.9346425642676615,1.9346425642676615,0.0
-0.9922204650767852,1.911490592907956,1.911490592907956,0.0
-0.99036061259218,1.889254615207516,1.889254615207516,0.0
-0.9884791065171442,1.8677437245309843,1.8677437245309843,0.0
-0.9865763096133517,1.8472084335833319,1.8472084335833319,0.0
-0.9846525808442722,1.8273171678558324,1.8273171678558324,0.0
-0.9827082671117029,1.8082982161070325,1.8082982161070325,0.0
-0.9807435733993166,1.7896032165281168,1.7896032165281168,0.0
-0.978758657639224,1.7716377724707912,1.7716377724707912,0.0
-0.9767538793664026,1.7543152861188733,1.7543152861188733,0.0
-0.974729541559636,1.737565413901639,1.737565413901639,0.0
-0.9726858682583708,1.721275224447974,1.721275224447974,0.0
-0.9706231010130617,1.7055449529167084,1.7055449529167084,0.0
-0.9685414447189891,1.6901780828105406,1.6901780828105406,0.0
-0.966441019543496,1.675199357770084,1.675199357770084,0.0
-0.964322016397249,1.6606699540861904,1.6606699540861904,0.0
-0.9621845821209304,1.6464326584153968,1.6464326584153968,0.0
-0.9600289176303025,1.6326989019008342,1.6326989019008342,0.0
-0.9578552115906602,1.6192150521299638,1.6192150521299638,0.0
-0.9556634965700567,1.6059773149536662,1.6059773149536662,0.0
-0.9534539034569272,1.5931174203035312,1.5931174203035312,0.0
-0.9512265720789584,1.5804989038578718,1.5804989038578718,0.0
-0.9489816251956001,1.5682130503961744,1.5682130503961744,0.0
-0.9467191827767878,1.556148836299629,1.556148836299629,0.0
-0.9444392740581387,1.5442766587206218,1.5442766587206218,0.0
-0.9421419381546592,1.5326285351909477,1.5326285351909477,0.0
-0.9398273244468295,1.5213068134365417,1.5213068134365417,0.0
-0.9374955950732567,1.5102105893671895,1.5102105893671895,0.0
-0.9351468610679761,1.499357704360696,1.499357704360696,0.0
-0.9327812114597585,1.488689867905877,1.488689867905877,0.0
-0.93039870919436,1.4782208398688699,1.4782208398688699,0.0
-0.9279994491709562,1.4679663327123347,1.4679663327123347,0.0
-0.9255835132140016,1.4578841580504764,1.4578841580504764,0.0
-0.9231509347056821,1.447948515384234,1.447948515384234,0.0
-0.9207016996533255,1.438122140209239,1.438122140209239,0.0
-0.9182359013133625,1.4285608283299145,1.4285608283299145,0.0
-0.915753597538351,1.419060890109065,1.419060890109065,0.0
-0.9132547477469717,1.4097048966548842,1.4097048966548842,0.0
-0.9107394228362271,1.4005319649729913,1.4005319649729913,0.0
-0.9082076842299184,1.3914852152265198,1.3914852152265198,0.0
-0.9056595445353275,1.3825607468834604,1.3825607468834604,0.0
-0.9030950477022872,1.3737908838436275,1.3737908838436275,0.0
-0.9005142202647297,1.3651192134957704,1.3651192134957704,0.0
-0.8979169713413198,1.3564739050666328,1.3564739050666328,0.0
-0.8953033373885042,1.348056290447013,1.348056290447013,0.0
-0.8926733939002833,1.3397017542121796,1.3397017542121796,0.0
-0.8900271627350537,1.3315123117268077,1.3315123117268077,0.0
-0.8873645867858819,1.3233043668491042,1.3233043668491042,0.0
-0.8846856393564195,1.3152874349230386,1.3152874349230386,0.0
-0.8819903580452317,1.3073140641150987,1.3073140641150987,0.0
-0.8792786721312935,1.2994215588471665,1.2994215588471665,0.0
-0.8765505348916234,1.2915947101684246,1.2915947101684246,0.0
-0.8738059165456562,1.2838625276331783,1.2838625276331783,0.0
-0.8710447640602337,1.2761725624856661,1.2761725624856661,0.0
-0.8682669952843125,1.2685485749196888,1.2685485749196888,0.0
-0.8654725774084899,1.2610109076267748,1.2610109076267748,0.0
-0.862661403789094,1.2534716448057313,1.2534716448057313,0.0
-0.8598333937508806,1.246040680630956,1.246040680630956,0.0
-0.8569884325544802,1.2385792245807756,1.2385792245807756,0.0
-0.854126401823372,1.2312217190250236,1.2312217190250236,0.0
-0.8512473186679628,1.223950669340274,1.223950669340274,0.0
-0.8483510245537589,1.2166326227335853,1.2166326227335853,0.0
-0.8454372867849046,1.2093397573335396,1.2093397573335396,0.0
-0.8425060902338628,1.2021825042518868,1.2021825042518868,0.0
-0.839557493859928,1.1951089914880362,1.1951089914880362,0.0
-0.8365913064199537,1.1879659561790077,1.1879659561790077,0.0
-0.8336073799609223,1.1809414955227677,1.1809414955227677,0.0
-0.8306057044295833,1.1739584768439946,1.1739584768439946,0.0
-0.8275861127792407,1.1669694685391478,1.1669694685391478,0.0
-0.8245483854587327,1.1599830338688977,1.1599830338688977,0.0
-0.8214923694633021,1.1530438289633873,1.1530438289633873,0.0
-0.8184179190052135,1.1461142735753231,1.1461142735753231,0.0
-0.8153248488557769,1.139203475071801,1.139203475071801,0.0
-0.8122130423860482,1.1323541573380878,1.1323541573380878,0.0
-0.8090823399229681,1.1254933454564422,1.1254933454564422,0.0
-0.8059325654633634,1.118682757574607,1.118682757574607,0.0
-0.8027635584839665,1.1118738122896261,1.1118738122896261,0.0
-0.7995751582387199,1.1051154661816165,1.1051154661816165,0.0
-0.7963670213476447,1.0982357699432534,1.0982357699432534,0.0
-0.7931388308814526,1.091428028056304,1.091428028056304,0.0
-0.7898903961804438,1.0845902450698162,1.0845902450698162,0.0
-0.7866215120919411,1.0778152324303718,1.0778152324303718,0.0
-0.7833320136333237,1.071039325088866,1.071039325088866,0.0
-0.7800215902081967,1.0642329304435705,1.0642329304435705,0.0
-0.7766899814908677,1.0574614434865295,1.0574614434865295,0.0
-0.7733369992210704,1.0507083688316698,1.0507083688316698,0.0
-0.769962278865773,1.043882528686263,1.043882528686263,0.0
-0.7665655060084775,1.0371098248417696,1.0371098248417696,0.0
-0.7631463624687728,1.0302678124637663,1.0302678124637663,0.0
-0.7597044707889815,1.0234462828440978,1.0234462828440978,0.0
-0.7562394726010288,1.0165731700741532,1.0165731700741532,0.0
-0.7527509749414887,1.0097044387899055,1.0097044387899055,0.0
-0.749238647094397,1.0028258131432264,1.0028258131432264,0.0
-0.7457019973375212,0.9958649519351904,0.9958649519351904,0.0
-0.742140544852405,0.988906816498462,0.988906816498462,0.0
-0.7385538390545037,0.9818913032576972,0.9818913032576972,0.0
-0.7349413495116843,0.9748410700425726,0.9748410700425726,0.0
-0.731302562045389,0.9677504423732662,0.9677504423732662,0.0
-0.7276370167157087,0.9606608508882869,0.9606608508882869,0.0
-0.7239440600372199,0.9534379970425202,0.9534379970425202,0.0
-0.7202230928628237,0.9462521322131442,0.9462521322131442,0.0
-0.7164735764743818,0.9389746738296273,0.9389746738296273,0.0
-0.712694766275194,0.9316385133356196,0.9316385133356196,0.0
-0.7088860407419694,0.9242826995368358,0.9242826995368358,0.0
-0.7050467894001002,0.9168829395032302,0.9168829395032302,0.0
-0.7011761994247112,0.909376862107052,0.909376862107052,0.0
-0.6972733770991166,0.9018014445858767,0.9018014445858767,0.0
-0.693337672886145,0.8942452609580466,0.8942452609580466,0.0
-0.6893682498776573,0.8865464494113844,0.8865464494113844,0.0
-0.6853640806875394,0.878793493411313,0.878793493411313,0.0
-0.6813241205198942,0.8709086633927697,0.8709086633927697,0.0
-0.677247328337375,0.8629866915675504,0.8629866915675504,0.0
-0.6731326506551054,0.8549457632762422,0.8549457632762422,0.0
-0.6689789338636145,0.8468418455092251,0.8468418455092251,0.0
-0.6647850476567536,0.8386475072246424,0.8386475072246424,0.0
-0.6605499586866113,0.8304447473657017,0.8304447473657017,0.0
-0.6562724067996639,0.8220809797925375,0.8220809797925375,0.0
-0.6519509860861915,0.8136705042411877,0.8136705042411877,0.0
-0.6475841562958207,0.8050742500512429,0.8050742500512429,0.0
-0.6431702129836825,0.7963942394125775,0.7963942394125775,0.0
-0.6387074014473171,0.7875409667948341,0.7875409667948341,0.0
-0.6341938403851022,0.7785870701549769,0.7785870701549769,0.0
-0.6296276933256586,0.7695073173530507,0.7695073173530507,0.0
-0.6250067959958231,0.7602480399752977,0.7602480399752977,0.0
-0.6203286835988961,0.750801533278261,0.750801533278261,0.0
-0.6155906747169608,0.7411499330637306,0.7411499330637306,0.0
-0.6107904845208049,0.7314768131796338,0.7314768131796338,0.0
-0.6059253148645193,0.7214874415129829,0.7214874415129829,0.0
-0.6009918565943935,0.7113687048020935,0.7113687048020935,0.0
-0.5959865931037376,0.7009383687292116,0.7009383687292116,0.0
-0.5909057949774928,0.6903766670301321,0.6903766670301321,0.0
-0.5857455607482193,0.6795275902037444,0.6795275902037444,0.0
-0.5805014512407295,0.6684722810977066,0.6684722810977066,0.0
-0.575168906705386,0.6571793704027157,0.6571793704027157,0.0
-0.5697430313826111,0.645676680679118,0.645676680679118,0.0
-0.5642183282504045,0.6338824032461104,0.6338824032461104,0.0
-0.5585884066256412,0.6217729015057872,0.6217729015057872,0.0
-0.552846300244524,0.6093610281450533,0.6093610281450533,0.0
-0.546984294135314,0.5966040284292847,0.5966040284292847,0.0
-0.5409939456033726,0.5835360364617831,0.5835360364617831,0.0
-0.534866339288762,0.5701821099904952,0.5701821099904952,0.0
-0.528590530991488,0.55631109127215,0.55631109127215,0.0
-0.5221535789144335,0.5420012019254994,0.5420012019254994,0.0
-0.5155418058206864,0.5272915988040098,0.5272915988040098,0.0
-0.508739603177386,0.5120916514466409,0.5120916514466409,0.0
-0.5017275630041964,0.49622186621217546,0.49622186621217546,0.0
-0.49448283550519023,0.47974296575449044,0.47974296575449044,0.0
-0.486979765645828,0.46265892113587487,0.46265892113587487,0.0
-0.47918810391558786,0.44488752806290105,0.44488752806290105,0.0
-0.47107057730314006,0.4262899361019599,0.4262899361019599,0.0
-0.4625811712811795,0.406801754460995,0.406801754460995,0.0
-0.4536666222770531,0.3866373513525978,0.3866373513525978,0.0
-0.4442607437585227,0.3654656252904664,0.3654656252904664,0.0
-0.4342717815743987,0.34289309638280685,0.34289309638280685,0.0
-0.42358576132111914,0.31941844092090776,0.31941844092090776,0.0
-0.4120578552903016,0.2947443481608253,0.2947443481608253,0.0
-0.3994789640970896,0.26842570900239626,0.26842570900239626,0.0
-0.38554302050832584,0.24034386637590835,0.24034386637590835,0.0
-0.3697932085807413,0.21044368539407046,0.21044368539407046,0.0
-0.3515171038138627,0.17888144883119525,0.17888144883119525,0.0
-0.3293736645669922,0.14408539424095135,0.14408539424095135,0.0
-0.3003035399930505,0.1051525076717978,0.1051525076717978,0.0
-0.25480650218447487,0.06159129714032666,0.06159129714032666,0.0
-0.2261150157295463,0,0,0
