omega,S,S_edge,S_cont
-1.5636834271871214,0,0,0
-1.5631365192370983,3.949192819835317,3.949192819835317,0.0
-1.5614912916972608,1.966499522881443,1.966499522881443,0.0
-1.558770070844405,1.330854192136272,1.330854192136272,0.0
-1.5550447983419309,1.0273375647605596,1.0273375647605596,0.0
-1.5504037226747958,0.8507666059008033,0.8507666059008033,0.0
-1.5449359364632624,0.7373795300849345,0.7373795300849345,0.0
-1.5387320807158587,0.6595401616621042,0.6595401616621042,0.0
-1.531876633528271,0.6031952133626644,0.6031952133626644,0.0
-1.5244421247646538,0.5604403527724501,0.5604403527724501,0.0
-1.5164968311034595,0.5278912517626093,0.5278912517626093,0.0
-1.5081060389663496,0.5023673298111172,0.5023673298111172,0.0
-1.4993233453981207,0.4817469854799929,0.4817469854799929,0.0
-1.4901936952856296,0.4648536120487683,0.4648536120487683,0.0
-1.480756227656493,0.45079631123535824,0.45079631123535824,0.0
-1.4710448037035198,0.43897084850229334,0.43897084850229334,0.0
-1.4610886308117412,0.428887347796753,0.428887347796753,0.0
-1.4509127527506338,0.4202072173230392,0.4202072173230392,0.0
-1.4405383032517451,0.4126174425808734,0.4126174425808734,0.0
-1.4299844624925622,0.4060360127473452,0.4060360127473452,0.0
-1.4192678017269826,0.40017007863875415,0.40017007863875415,0.0
-1.4084018311386193,0.39495007191344444,0.39495007191344444,0.0
-1.3973988810290314,0.39026545912842264,0.39026545912842264,0.0
-1.3862695961875988,0.3860321059400468,0.3860321059400468,0.0
-1.3750232297308005,0.38218019114340773,0.38218019114340773,0.0
-1.36366845979903,0.37869485355471993,0.37869485355471993,0.0
-1.3522130466486086,0.37549317815424665,0.37549317815424665,0.0
-1.3406637819656764,0.3725641646868712,0.3725641646868712,0.0
-1.3290263130656956,0.36982215075796865,0.36982215075796865,0.0
-1.3173056917764576,0.36729587929936147,0.36729587929936147,0.0
-1.3055071011143324,0.36494992210757315,0.36494992210757315,0.0
-1.2936349332299173,0.36275695833240235,0.36275695833240235,0.0
-1.281693702871237,0.3607402579936654,0.3607402579936654,0.0
-1.2696872083348507,0.3588237296006186,0.3588237296006186,0.0
-1.2576187587906247,0.3570456177227882,0.3570456177227882,0.0
-1.245491720215334,0.35536474020326403,0.35536474020326403,0.0
-1.233309015379125,0.35378996039389493,0.35378996039389493,0.0
-1.2210732795033248,0.35229088569632466,0.35229088569632466,0.0
-1.2087869789933963,0.35088371016069925,0.35088371016069925,0.0
-1.1964526810418918,0.34955428426181784,0.34955428426181784,0.0
-1.1840725761035193,0.34829182569712613,0.34829182569712613,0.0
-1.171648701773882,0.34709554992432323,0.34709554992432323,0.0
-1.159182869154512,0.3459510856683971,0.3459510856683971,0.0
-1.1466768119827648,0.3448662505928766,0.3448662505928766,0.0
-1.1341323308549238,0.343834946551283,0.343834946551283,0.0
-1.1215509352821091,0.34284545280906764,0.34284545280906764,0.0
-1.1089338518221594,0.34189254992925866,0.34189254992925866,0.0
-1.0962823770844274,0.3409839739919048,0.3409839739919048,0.0
-1.0835978191389577,0.3401114188277975,0.3401114188277975,0.0
-1.070881280837451,0.33927103666607966,0.33927103666607966,0.0
-1.058133843249867,0.3384645452364645,0.3384645452364645,0.0
-1.045356567245012,0.33768827336063617,0.33768827336063617,0.0
-1.032550355717478,0.3369367318958571,0.3369367318958571,0.0
-1.0197160926894813,0.33621370499291886,0.33621370499291886,0.0
-1.0068547033919117,0.3355169217154355,0.3355169217154355,0.0
-0.9939670395415285,0.33484417697558283,0.33484417697558283,0.0
-0.9810538064061818,0.3341895172945558,0.3341895172945558,0.0
-0.9681157325553582,0.33355960711007393,0.33355960711007393,0.0
-0.9551536392047477,0.33295210061448977,0.33295210061448977,0.0
-0.9421682283368542,0.33236274114323716,0.33236274114323716,0.0
-0.9291600198154191,0.3317860766123178,0.3317860766123178,0.0
-0.9161295081361587,0.3312259505540537,0.3312259505540537,0.0
-0.9030773209320363,0.33068499453726663,0.33068499453726663,0.0
-0.8900040110190321,0.3301564741396378,0.3301564741396378,0.0
-0.876909984660237,0.32963944086926594,0.32963944086926594,0.0
-0.8637957763513429,0.32914106180055613,0.32914106180055613,0.0
-0.8506618985561983,0.3286528275290822,0.3286528275290822,0.0
-0.8375087817873281,0.3281788913043557,0.3281788913043557,0.0
-0.8243369312815494,0.32771862650143474,0.32771862650143474,0.0
-0.811146700639555,0.3272649122590958,0.3272649122590958,0.0
-0.797938420832895,0.32682357292667646,0.32682357292667646,0.0
-0.7847124451531753,0.3263897564414285,0.3263897564414285,0.0
-0.7714691417124051,0.3259688814148316,0.3259688814148316,0.0
-0.7582088795034563,0.32555543539496723,0.32555543539496723,0.0
-0.7449319729369814,0.3251520975254774,0.3251520975254774,0.0
-0.7316387849260029,0.3247584401040135,0.3247584401040135,0.0
-0.7183295169237385,0.32436688664988145,0.32436688664988145,0.0
-0.705004432183294,0.32398792063671206,0.32398792063671206,0.0
-0.6916639035252209,0.3236162983338619,0.3236162983338619,0.0
-0.6783081001029561,0.3232472662175772,0.3232472662175772,0.0
-0.6649372368955742,0.32288771688342555,0.32288771688342555,0.0
-0.6515515968696385,0.3225339720203005,0.3225339720203005,0.0
-0.6381514367554578,0.32218834522150974,0.32218834522150974,0.0
-0.6247369274633425,0.32184432673923646,0.32184432673923646,0.0
-0.6113082246462681,0.32150762477759276,0.32150762477759276,0.0
-0.5978655663112193,0.32117642449566286,0.32117642449566286,0.0
-0.5844091169178725,0.320848956228186,0.320848956228186,0.0
-0.5709390929154801,0.32052940659841966,0.32052940659841966,0.0
-0.5574556829138266,0.32021220947440676,0.32021220947440676,0.0
-0.5439590361301583,0.3199009962708077,0.3199009962708077,0.0
-0.5304492906593673,0.31959157142423605,0.31959157142423605,0.0
-0.5169265844296322,0.31928807294928807,0.31928807294928807,0.0
-0.5033910696631495,0.31898700329457474,0.31898700329457474,0.0
-0.489842833359458,0.31868874237222583,0.31868874237222583,0.0
-0.47628204284766384,0.3183966551080434,0.3183966551080434,0.0
-0.462708843996087,0.3181063306108376,0.3181063306108376,0.0
-0.4491233659291256,0.31782134817967145,0.31782134817967145,0.0
-0.4355257532707655,0.3175388229550281,0.3175388229550281,0.0
-0.42191609931605756,0.31725920368067034,0.31725920368067034,0.0
-0.4082944837530779,0.31698138364953005,0.31698138364953005,0.0
-0.3946609804753932,0.31670617639227067,0.31670617639227067,0.0
-0.38101567838155415,0.3164334449242452,0.3164334449242452,0.0
-0.3673587036837899,0.3161650290396439,0.3161650290396439,0.0
-0.35369016297812106,0.315898153388612,0.315898153388612,0.0
-0.3400101085714252,0.3156330571479181,0.3156330571479181,0.0
-0.3263185398963886,0.3153670523174293,0.3153670523174293,0.0
-0.31261550406519967,0.31510501213619785,0.31510501213619785,0.0
-0.2989010743592254,0.3148432594432404,0.3148432594432404,0.0
-0.28517529619012205,0.3145841693528526,0.3145841693528526,0.0
-0.27143828895768374,0.3143287427716887,0.3143287427716887,0.0
-0.25769017524652116,0.3140760969998433,0.3140760969998433,0.0
-0.243931001435327,0.313823609252406,0.313823609252406,0.0
-0.2301608026883225,0.3135733753824455,0.3135733753824455,0.0
-0.21637956782019355,0.3133211865460538,0.3133211865460538,0.0
-0.20258727282914019,0.313070663751315,0.313070663751315,0.0
-0.188783969033797,0.31282160765222866,0.31282160765222866,0.0
-0.17496968764392118,0.3125732945889856,0.3125732945889856,0.0
-0.1611444148727217,0.31232440622513086,0.31232440622513086,0.0
-0.1473081167486036,0.3120753497206645,0.3120753497206645,0.0
-0.1334608381787576,0.311829275128831,0.311829275128831,0.0
-0.11960263308487108,0.31158343108938685,0.31158343108938685,0.0
-0.10573347443669309,0.31133691826417176,0.31133691826417176,0.0
-0.09185338283790487,0.3110927728588887,0.3110927728588887,0.0
-0.07796235195528327,0.3108467521642901,0.3108467521642901,0.0
-0.06406037986477633,0.3106032886719188,0.3106032886719188,0.0
-0.050147477374116345,0.31035852324883967,0.31035852324883967,0.0
-0.03622353291912182,0.31011085608538946,0.31011085608538946,0.0
-0.022288486399243693,0.30986419405733934,0.30986419405733934,0.0
-0.008342355123051117,0.3096180831325916,0.3096180831325916,0.0
0.005614874032183796,0.30937162255549616,0.30937162255549616,0.0
0.019583160626139157,0.3091280823841045,0.3091280823841045,0.0
0.033562493963340156,0.3088828734353078,0.3088828734353078,0.0
0.04755296488555921,0.30863609537789244,0.30863609537789244,0.0
0.06155467614025714,0.30838714175625276,0.30838714175625276,0.0
0.0755677140728119,0.30813735900141503,0.30813735900141503,0.0
0.08959216369541481,0.30788547784624426,0.30788547784624426,0.0
0.10362806241151512,0.3076348678247361,0.3076348678247361,0.0
0.11767550718988962,0.30737956522141574,0.30737956522141574,0.0
0.1317346006203784,0.30712529736028726,0.30712529736028726,0.0
0.14580541070907083,0.30686787442820235,0.30686787442820235,0.0
0.15988807609243566,0.3066084177008869,0.3066084177008869,0.0
0.17398265488993514,0.30634933470626485,0.30634933470626485,0.0
0.18808922697004826,0.30608728915708244,0.30608728915708244,0.0
0.2022079167196874,0.30582369930401715,0.30582369930401715,0.0
0.21633892450171666,0.3055538905472476,0.3055538905472476,0.0
0.23048240593342767,0.3052845030528367,0.3052845030528367,0.0
0.24463844007617253,0.3050122389348873,0.3050122389348873,0.0
0.25880717175905454,0.304737578034839,0.304737578034839,0.0
0.2729887035017072,0.3044618881059544,0.3044618881059544,0.0
0.28718323854013994,0.3041795104026159,0.3041795104026159,0.0
0.3013910024616734,0.30389518269984855,0.30389518269984855,0.0
0.3156122428470459,0.3036032884458645,0.3036032884458645,0.0
0.3298472674995492,0.3033069255041605,0.3033069255041605,0.0
0.3440962444270861,0.3030090175272786,0.3030090175272786,0.0
0.3583593906778886,0.30270460466720356,0.30270460466720356,0.0
0.3726370223262898,0.3023944957468163,0.3023944957468163,0.0
0.3869294304770885,0.30207901630760153,0.30207901630760153,0.0
0.4012369278468478,0.3017570027405807,0.3017570027405807,0.0
0.4155598279370831,0.30142966248049957,0.30142966248049957,0.0
0.42989840837882126,0.3010973770704519,0.3010973770704519,0.0
0.4442529808130481,0.3007584132912779,0.3007584132912779,0.0
0.4586239427480485,0.3004109949755453,0.3004109949755453,0.0
0.4730117814722717,0.3000532602453712,0.3000532602453712,0.0
0.48741694486559517,0.29968884272083457,0.29968884272083457,0.0
0.5018397137011767,0.2993211775200515,0.2993211775200515,0.0
0.5162806165706795,0.29893666302585714,0.29893666302585714,0.0
0.5307402724192289,0.29854529606606967,0.29854529606606967,0.0
0.545219192681786,0.2981417215350817,0.2981417215350817,0.0
0.5597179768936453,0.2977278244547824,0.2977278244547824,0.0
0.574237295123974,0.2972990319565853,0.2972990319565853,0.0
0.5887779139754468,0.29685618832529287,0.29685618832529287,0.0
0.6033406221052398,0.2963978189505606,0.2963978189505606,0.0
0.6179262504151426,0.29592396129889176,0.29592396129889176,0.0
0.6325356644401887,0.29543348300259964,0.29543348300259964,0.0
0.6471696137948533,0.29493250837464696,0.29493250837464696,0.0
0.6618291084967574,0.29440477103178764,0.29440477103178764,0.0
0.6765154531823183,0.2938551074634501,0.2938551074634501,0.0
0.6912298618276344,0.293282861333773,0.293282861333773,0.0
0.7059736051976842,0.2926869643153074,0.2926869643153074,0.0
0.7207482663471494,0.29205672260229587,0.29205672260229587,0.0
0.7355555192945095,0.2913999641058924,0.2913999641058924,0.0
0.7503970515370011,0.2907092023692896,0.2907092023692896,0.0
0.7652749616752377,0.2899767583767714,0.2899767583767714,0.0
0.7801914134009915,0.2892089045982837,0.2892089045982837,0.0
0.7951489907011163,0.28838446002323365,0.28838446002323365,0.0
0.8101506627698636,0.2875113212604035,0.2875113212604035,0.0
0.8251997886248392,0.28656873966871266,0.28656873966871266,0.0
0.8403003021546576,0.28555794640605325,0.28555794640605325,0.0
0.8554566612690777,0.2844609959376967,0.2844609959376967,0.0
0.8706740804624156,0.28327112972902035,0.28327112972902035,0.0
0.8859589340087497,0.28195682507699377,0.28195682507699377,0.0
0.9013190568854618,0.2805020602851204,0.2805020602851204,0.0
0.9167639079605788,0.2788722643032111,0.2788722643032111,0.0
0.9323055010415849,0.277021556318006,0.277021556318006,0.0
0.9479596257583669,0.2748783574980191,0.2748783574980191,0.0
0.9637479641649054,0.27233354188556075,0.27233354188556075,0.0
0.9797014846129672,0.2692187526620747,0.2692187526620747,0.0
0.995869470752624,0.2651630428681975,0.2651630428681975,0.0
1.0123423695099492,0.25936133054486055,0.25936133054486055,0.0
1.029348971132972,0.2488573088421574,0.2488573088421574,0.0
1.038028020823699,0,0,0
