omega,S,S_edge,S_cont,Sr,Sr_edge,Sr_cont
-1.5924999999999994,0.0,0.0,0.0
-1.5875000000000004,0.0008121017009529621,0.0008121017009529621,0.0
-1.5824999999999996,0.03623355887017761,0.03623355887017761,0.0
-1.5775000000000006,0.12366408241958181,0.12366408241958181,0.0
-1.5724999999999998,0.3055921421926401,0.3055921421926401,0.0
-1.567499999999999,0.6112361206640644,0.6112361206640644,0.0
-1.5625,0.8892686413030884,0.8892686413030884,0.0
-1.5574999999999992,1.0820650408612404,1.0820650408612404,0.0
-1.5525000000000002,1.0524319681562546,1.0524319681562546,0.0
-1.5474999999999994,0.9199038820645693,0.9199038820645693,0.0
-1.5425000000000004,0.7810690487208021,0.7810690487208021,0.0
-1.5374999999999996,0.6661307398965659,0.6661307398965659,0.0
-1.5325000000000006,0.6437029099425883,0.6437029099425883,0.0
-1.5274999999999999,0.5745878715636127,0.5745878715636127,0.0
-1.522499999999999,0.5728427168445437,0.5728427168445437,0.0
-1.5175,0.5183455090827214,0.5183455090827214,0.0
-1.5124999999999993,0.5469418562120226,0.5469418562120226,0.0
-1.5075000000000003,0.46640555774092135,0.46640555774092135,0.0
-1.5024999999999995,0.5206954203876066,0.5206954203876066,0.0
-1.4975000000000005,0.46118737234330875,0.46118737234330875,0.0
-1.4924999999999997,0.4675286771145798,0.4675286771145798,0.0
-1.4875000000000007,0.48978371947260985,0.48978371947260985,0.0
-1.4825,0.400383417329405,0.400383417329405,0.0
-1.4774999999999991,0.5195550222543535,0.5195550222543535,0.0
-1.4725000000000001,0.3515190851954693,0.3515190851954693,0.0
-1.4674999999999994,0.538613494087356,0.538613494087356,0.0
-1.4625000000000004,0.3220069638076468,0.3220069638076468,0.0
-1.4574999999999996,0.5384234277318138,0.5384234277318138,0.0
-1.4525000000000006,0.3158902829111075,0.3158902829111075,0.0
-1.4474999999999998,0.515339004913236,0.515339004913236,0.0
-1.442499999999999,0.3359682015601998,0.3359682015601998,0.0
-1.4375,0.46118737234330864,0.46118737234330864,0.0
-1.4324999999999992,0.38929045366957943,0.38929045366957943,0.0
-1.4275000000000002,0.3677783979741233,0.3677783979741233,0.0
-1.4224999999999994,0.48240568912565407,0.48240568912565407,0.0
-1.4175000000000004,0.26441685807836546,0.26441685807836546,0.0
-1.4124999999999996,0.5776634907714772,0.5776634907714772,0.0
-1.4075000000000006,0.18407062596280646,0.18407062596280646,0.0
-1.4024999999999999,0.6321952560524889,0.6321952560524889,0.0
-1.397499999999999,0.15058438986819284,0.15058438986819284,0.0
-1.3925,0.6244716505136383,0.6244716505136383,0.0
-1.3874999999999993,0.1910166873198935,0.1910166873198935,0.0
-1.3825000000000003,0.5129718148487562,0.5129718148487562,0.0
-1.3774999999999995,0.33036988345150287,0.33036988345150287,0.0
-1.3725000000000005,0.32332014953684735,0.32332014953684735,0.0
-1.3674999999999997,0.5177580312565002,0.5177580312565002,0.0
-1.362499999999999,0.18182438721548974,0.18182438721548974,0.0
-1.3575,0.627184415770013,0.627184415770013,0.0
-1.3524999999999991,0.12426883900539787,0.12426883900539787,0.0
-1.3475000000000001,0.5969984227579956,0.5969984227579956,0.0
-1.3424999999999994,0.22804506913142955,0.22804506913142955,0.0
-1.3375000000000004,0.389048551035253,0.389048551035253,0.0
-1.3324999999999996,0.45569272679218015,0.45569272679218015,0.0
-1.3275000000000006,0.19246810312585197,0.19246810312585197,0.0
-1.3224999999999998,0.6196508765867047,0.6196508765867047,0.0
-1.317499999999999,0.10873523412972314,0.10873523412972314,0.0
-1.3125,0.5914692196876776,0.5914692196876776,0.0
-1.3074999999999992,0.23125891841605195,0.23125891841605195,0.0
-1.3025000000000002,0.3545083106053601,0.3545083106053601,0.0
-1.2974999999999994,0.49225458209465817,0.49225458209465817,0.0
-1.2925000000000004,0.13807456792159825,0.13807456792159825,0.0
-1.2874999999999996,0.6442212727304306,0.6442212727304306,0.0
-1.2825000000000006,0.11661434850492634,0.11661434850492634,0.0
-1.2774999999999999,0.5126089608972664,0.5126089608972664,0.0
-1.272499999999999,0.32770895447391224,0.32770895447391224,0.0
-1.2675,0.22790683905467168,0.22790683905467168,0.0
-1.2624999999999993,0.6028386435010189,0.6028386435010189,0.0
-1.2575000000000003,0.08364647519815506,0.08364647519815506,0.0
-1.2524999999999995,0.6099056561752693,0.6099056561752693,0.0
-1.2475000000000005,0.20667124351273147,0.20667124351273147,0.0
-1.2424999999999997,0.32658583510025396,0.32658583510025396,0.0
-1.237499999999999,0.5250323890458872,0.5250323890458872,0.0
-1.2325,0.09076532415118953,0.09076532415118953,0.0
-1.2274999999999991,0.6581133954446048,0.6581133954446048,0.0
-1.2225000000000001,0.1315604755543798,0.1315604755543798,0.0
-1.2174999999999994,0.40776144767636063,0.40776144767636063,0.0
-1.2125000000000004,0.44677688684129246,0.44677688684129246,0.0
-1.2074999999999996,0.10740476964092786,0.10740476964092786,0.0
-1.2025000000000006,0.6751675311646169,0.6751675311646169,0.0
-1.1974999999999998,0.09311523545607468,0.09311523545607468,0.0
-1.192499999999999,0.46326082349467795,0.46326082349467795,0.0
-1.1875,0.39025806420688514,0.39025806420688514,0.0
-1.1824999999999992,0.12127961359550722,0.12127961359550722,0.0
-1.1775000000000002,0.6797982387360083,0.6797982387360083,0.0
-1.1724999999999994,0.07303731680698229,0.07303731680698229,0.0
-1.1675000000000004,0.4936368828622377,0.4936368828622377,0.0
-1.1624999999999996,0.3604867614251414,0.3604867614251414,0.0
-1.1575000000000006,0.11974180399157501,0.11974180399157501,0.0
-1.1524999999999999,0.690200052012044,0.690200052012044,0.0
-1.147499999999999,0.06180612307039878,0.06180612307039878,0.0
-1.1425,0.49735181617510765,0.49735181617510765,0.0
-1.1374999999999993,0.35879344298485655,0.35879344298485655,0.0
-1.1325000000000003,0.10545226980672182,0.10545226980672182,0.0
-1.1274999999999995,0.7029172190737756,0.7029172190737756,0.0
-1.1225000000000005,0.060285592226061335,0.060285592226061335,0.0
-1.1174999999999997,0.47392181816463497,0.47392181816463497,0.0
-1.112499999999999,0.3850917150880567,0.3850917150880567,0.0
-1.1075,0.08063997102866963,0.08063997102866963,0.0
-1.1024999999999991,0.7176214434889026,0.7176214434889026,0.0
-1.0975000000000001,0.06788824644774863,0.06788824644774863,0.0
-1.0924999999999994,0.42234472077432444,0.42234472077432444,0.0
-1.0875000000000004,0.4388459361873049,0.4388459361873049,0.0
-1.0824999999999996,0.04979738515205182,0.04979738515205182,0.0
-1.0775000000000006,0.7266063984781695,0.7266063984781695,0.0
-1.0724999999999998,0.08898561191293092,0.08898561191293092,0.0
-1.067499999999999,0.34134189579416524,0.34134189579416524,0.0
-1.0625,0.5192785621008376,0.5192785621008376,0.0
-1.0574999999999992,0.027628736591995443,0.027628736591995443,0.0
-1.0525000000000002,0.7110900723620894,0.7110900723620894,0.0
-1.0474999999999994,0.12803560859705207,0.12803560859705207,0.0
-1.0425000000000004,0.23239931654930504,0.23239931654930504,0.0
-1.0374999999999996,0.6231757435440326,0.6231757435440326,0.0
-1.0325000000000006,0.01707141447960694,0.01707141447960694,0.0
-1.0274999999999999,0.6509945464915702,0.6509945464915702,0.0
-1.022499999999999,0.20413126585230407,0.20413126585230407,0.0
-1.0175,0.11925799872292218,0.11925799872292218,0.0
-1.0124999999999993,0.7237035668662524,0.7237035668662524,0.0
-1.0075000000000003,0.02242782995397754,0.02242782995397754,0.0
-1.0024999999999995,0.5302160169243105,0.5302160169243105,0.0
-0.9975000000000005,0.3322705470069247,0.3322705470069247,0.0
-0.9924999999999997,0.042972275112127985,0.042972275112127985,0.0
-0.9874999999999989,0.7699760850609765,0.7699760850609765,0.0
-0.9824999999999999,0.05116240716003658,0.05116240716003658,0.0
-0.9774999999999991,0.3535061425488649,0.3535061425488649,0.0
-0.9725000000000001,0.5091186514591283,0.5091186514591283,0.0
-0.9674999999999994,0.01185322908199429,0.01185322908199429,0.0
-0.9625000000000004,0.7355913534674362,0.7355913534674362,0.0
-0.9574999999999996,0.11763379532101627,0.11763379532101627,0.0
-0.9525000000000006,0.1584116679646118,0.1584116679646118,0.0
-0.9474999999999998,0.6978372637529208,0.6978372637529208,0.0
-0.942499999999999,0.008639379797371933,0.008639379797371933,0.0
-0.9375,0.5935599495986417,0.5935599495986417,0.0
-0.9324999999999992,0.26942769836084124,0.26942769836084124,0.0
-0.9275000000000002,0.038220616223573436,0.038220616223573436,0.0
-0.9224999999999994,0.7919373885058959,0.7919373885058959,0.0
-0.9175000000000004,0.033797253767319006,0.033797253767319006,0.0
-0.9124999999999996,0.3508797710904638,0.3508797710904638,0.0
-0.9075000000000006,0.5125744033780771,0.5125744033780771,0.0
-0.9024999999999999,0.0046479863309860986,0.0046479863309860986,0.0
-0.8974999999999991,0.7465115295313144,0.7465115295313144,0.0
-0.8925000000000001,0.11324499038395132,0.11324499038395132,0.0
-0.8874999999999993,0.10870067661053369,0.10870067661053369,0.0
-0.8825000000000003,0.7484121930867363,0.7484121930867363,0.0
-0.8774999999999995,0.007049733914655497,0.007049733914655497,0.0
-0.8725000000000005,0.5388035604428982,0.5388035604428982,0.0
-0.8674999999999997,0.32490979541956383,0.32490979541956383,0.0
-0.8624999999999989,0.011386702572936206,0.011386702572936206,0.0
-0.8574999999999999,0.8091470330622609,0.8091470330622609,0.0
-0.8524999999999991,0.0434042441019966,0.0434042441019966,0.0
-0.8475000000000001,0.2133581234758974,0.2133581234758974,0.0
-0.8424999999999994,0.649266670532096,0.649266670532096,0.0
-0.8375000000000004,0.0017278759594743865,0.0017278759594743865,0.0
-0.8324999999999996,0.666856447799545,0.666856447799545,0.0
-0.8275000000000006,0.19666684170737475,0.19666684170737475,0.0
-0.8224999999999998,0.02541705536386822,0.02541705536386822,0.0
-0.817499999999999,0.8234711247663035,0.8234711247663035,0.0
-0.8125,0.015049799607021906,0.015049799607021906,0.0
-0.8074999999999992,0.3196224949835722,0.3196224949835722,0.0
-0.8025000000000002,0.5442636484748374,0.5442636484748374,0.0
-0.7974999999999994,0.0006565928646002668,0.0006565928646002668,0.0
-0.7925000000000004,0.7475828126261885,0.7475828126261885,0.0
-0.7874999999999996,0.1157504105251892,0.1157504105251892,0.0
-0.7825000000000006,0.04172820442130644,0.04172820442130644,0.0
-0.7774999999999999,0.8159548643425898,0.8159548643425898,0.0
-0.7724999999999991,0.00625491097329728,0.00625491097329728,0.0
-0.7675000000000001,0.3980853423033041,0.3980853423033041,0.0
-0.7624999999999993,0.46585263743388977,0.46585263743388977,0.0
-0.7575000000000003,0.00076026542216873,0.00076026542216873,0.0
-0.7524999999999995,0.7875831410880207,0.7875831410880207,0.0
-0.7475000000000005,0.07559457322700441,0.07559457322700441,0.0
-0.7424999999999997,0.05316674327302689,0.05316674327302689,0.0
-0.7374999999999989,0.8077820110542764,0.8077820110542764,0.0
-0.7324999999999999,0.0029892254098906885,0.0029892254098906885,0.0
-0.7274999999999991,0.43682432131471993,0.43682432131471993,0.0
-0.7225000000000001,0.42711365842247395,0.42711365842247395,0.0
-0.7174999999999994,0.0008466592201424493,0.0008466592201424493,0.0
-0.7125000000000004,0.8053284271918226,0.8053284271918226,0.0
-0.7074999999999996,0.05776289332522874,0.05776289332522874,0.0
-0.7025000000000006,0.05308034947505316,0.05308034947505316,0.0
-0.6974999999999998,0.8091124755430716,0.8091124755430716,0.0
-0.692499999999999,0.0017451547190691303,0.0017451547190691303,0.0
-0.6875,0.4345089675290243,0.4345089675290243,0.0
-0.6824999999999992,0.42942901220816965,0.42942901220816965,0.0
-0.6775000000000002,0.0006047565858160352,0.0006047565858160352,0.0
-0.6724999999999994,0.8081448650057659,0.8081448650057659,0.0
-0.6675000000000004,0.055188358145611925,0.055188358145611925,0.0
-0.6624999999999996,0.042592142401043635,0.042592142401043635,0.0
-0.6575000000000006,0.8199635365685708,0.8199635365685708,0.0
-0.6524999999999999,0.0013823007675795092,0.0013823007675795092,0.0
-0.6474999999999991,0.3864567370960415,0.3864567370960415,0.0
-0.6425000000000001,0.4774812426411522,0.4774812426411522,0.0
-0.6374999999999993,0.00036285395148962115,0.00036285395148962115,0.0
-0.6325000000000003,0.7950130077137605,0.7950130077137605,0.0
-0.6274999999999995,0.06856211807194365,0.06856211807194365,0.0
-0.6225000000000005,0.026039090709279008,0.026039090709279008,0.0
-0.6174999999999997,0.8362746856260089,0.8362746856260089,0.0
-0.6124999999999989,0.001624203401905923,0.001624203401905923,0.0
-0.6074999999999999,0.29475835992673577,0.29475835992673577,0.0
-0.6024999999999991,0.569179619810458,0.569179619810458,0.0
-0.5975000000000001,0.00010367255756846318,0.00010367255756846318,0.0
-0.5924999999999994,0.7532156882540748,0.7532156882540748,0.0
-0.5875000000000004,0.11061861892555026,0.11061861892555026,0.0
-0.5824999999999996,0.01140398133253095,0.01140398133253095,0.0
-0.5775000000000006,0.8489400164089561,0.8489400164089561,0.0
-0.5724999999999998,0.003593981995706724,0.003593981995706724,0.0
-0.567499999999999,0.18949615647555604,0.18949615647555604,0.0
-0.5625,0.6744418232616376,0.6744418232616376,0.0
-0.5574999999999992,0.0,0.0,0.0
-0.5525000000000002,0.6566792583982408,0.6566792583982408,0.0
-0.5474999999999994,0.20725872133895276,0.20725872133895276,0.0
-0.5425000000000004,0.0031792917654328715,0.0031792917654328715,0.0
-0.5374999999999996,0.8488363438513876,0.8488363438513876,0.0
-0.5325000000000006,0.011922344120373267,0.011922344120373267,0.0
-0.5274999999999999,0.09876538984355597,0.09876538984355597,0.0
-0.5224999999999991,0.7651725898936377,0.7651725898936377,0.0
-0.5175000000000001,0.0,0.0,0.0
-0.5124999999999993,0.47485487118275116,0.47485487118275116,0.0
-0.5075000000000003,0.3890831085544425,0.3890831085544425,0.0
-0.5024999999999995,0.0004146902302738527,0.0004146902302738527,0.0
-0.4975000000000005,0.8186157933201806,0.8186157933201806,0.0
-0.4924999999999997,0.04490749618673932,0.04490749618673932,0.0
-0.48749999999999893,0.03219032912500782,0.03219032912500782,0.0
-0.48249999999999993,0.8314193541798859,0.8314193541798859,0.0
-0.47749999999999915,0.0003282964323001334,0.0003282964323001334,0.0
-0.47250000000000014,0.26427862800160756,0.26427862800160756,0.0
-0.46749999999999936,0.5996593517355863,0.5996593517355863,0.0
-0.46250000000000036,3.455751918948772e-5,3.455751918948772e-5,0.0
-0.4574999999999996,0.699651533510369,0.699651533510369,0.0
-0.45250000000000057,0.16425188870763527,0.16425188870763527,0.0
-0.4474999999999998,0.005114512840044183,0.005114512840044183,0.0
-0.442499999999999,0.8516527816653309,0.8516527816653309,0.0
-0.4375,0.0071706852318187035,0.0071706852318187035,0.0
-0.4324999999999992,0.11386702572936211,0.11386702572936211,0.0
-0.4275000000000002,0.7500709540078316,0.7500709540078316,0.0
-0.42249999999999943,0.0,0.0,0.0
-0.4175000000000004,0.4510620192207888,0.4510620192207888,0.0
-0.41249999999999964,0.4128759605164048,0.4128759605164048,0.0
-0.40750000000000064,0.00029373891311064573,0.00029373891311064573,0.0
-0.40249999999999986,0.7892937382879002,0.7892937382879002,0.0
-0.3974999999999991,0.07435050253618287,0.07435050253618287,0.0
-0.39250000000000007,0.026695683573879272,0.026695683573879272,0.0
-0.3874999999999993,0.8358945529149246,0.8358945529149246,0.0
-0.3825000000000003,0.0013477432483900212,0.0013477432483900212,0.0
-0.3774999999999995,0.20871013714491127,0.20871013714491127,0.0
-0.3725000000000005,0.6552278425922826,0.6552278425922826,0.0
-0.3674999999999997,0.0,0.0,0.0
-0.36249999999999893,0.576263911244303,0.576263911244303,0.0
-0.35749999999999993,0.2876740684928908,0.2876740684928908,0.0
-0.35249999999999915,0.0016069246423111793,0.0016069246423111793,0.0
-0.34750000000000014,0.8227626956229193,0.8227626956229193,0.0
-0.34249999999999936,0.03956835947196346,0.03956835947196346,0.0
-0.33750000000000036,0.059732671919029555,0.059732671919029555,0.0
-0.3324999999999996,0.8038424538666747,0.8038424538666747,0.0
-0.32750000000000057,0.00036285395148962115,0.00036285395148962115,0.0
-0.3224999999999998,0.2802614806267456,0.2802614806267456,0.0
-0.317499999999999,0.5836764991104482,0.5836764991104482,0.0
-0.3125,0.0,0.0,0.0
-0.3074999999999992,0.627201694529608,0.627201694529608,0.0
-0.3025000000000002,0.23673628520758583,0.23673628520758583,0.0
-0.29749999999999943,0.0055637605895075245,0.0055637605895075245,0.0
-0.2925000000000004,0.8248707042934778,0.8248707042934778,0.0
-0.28749999999999964,0.03350351485420836,0.03350351485420836,0.0
-0.28250000000000064,0.08392293535167097,0.08392293535167097,0.0
-0.27749999999999986,0.7794102877997068,0.7794102877997068,0.0
-0.2724999999999991,0.0006047565858160351,0.0006047565858160351,0.0
-0.26750000000000007,0.3103265223216,0.3103265223216,0.0
-0.2624999999999993,0.5536114574155938,0.5536114574155938,0.0
-0.2575000000000003,0.0,0.0,0.0
-0.2524999999999995,0.6267351680205498,0.6267351680205498,0.0
-0.2475000000000005,0.23720281171664392,0.23720281171664392,0.0
-0.24249999999999972,0.009365087700351174,0.009365087700351174,0.0
-0.23749999999999893,0.8117906832802567,0.8117906832802567,0.0
-0.23249999999999993,0.042782208756585824,0.042782208756585824,0.0
-0.22749999999999915,0.09112817810267917,0.09112817810267917,0.0
-0.22250000000000014,0.7706672354447663,0.7706672354447663,0.0
-0.21749999999999936,0.002142566189748239,0.002142566189748239,0.0
-0.21250000000000036,0.299129886104206,0.299129886104206,0.0
-0.20749999999999957,0.5648080936329879,0.5648080936329879,0.0
-0.20250000000000057,1.727875959474386e-5,1.727875959474386e-5,0.0
-0.1974999999999998,0.58557716266587,0.58557716266587,0.0
-0.192499999999999,0.27834353831172914,0.27834353831172914,0.0
-0.1875,0.00979705669021977,0.00979705669021977,0.0
-0.18249999999999922,0.7869783845022047,0.7869783845022047,0.0
-0.1775000000000002,0.0671625385447694,0.0671625385447694,0.0
-0.17249999999999943,0.08069180730745389,0.08069180730745389,0.0
-0.16750000000000043,0.7759545358807579,0.7759545358807579,0.0
-0.16249999999999964,0.007291636548981912,0.007291636548981912,0.0
-0.15750000000000064,0.2584038497393946,0.2584038497393946,0.0
-0.15249999999999986,0.6055168512382044,0.6055168512382044,0.0
-0.14749999999999908,3.455751918948772e-5,3.455751918948772e-5,0.0
-0.14250000000000007,0.5064058862027535,0.5064058862027535,0.0
-0.1374999999999993,0.35751481477484554,0.35751481477484554,0.0
-0.13250000000000028,0.00715340647222396,0.00715340647222396,0.0
-0.1274999999999995,0.7319455351929454,0.7319455351929454,0.0
-0.1225000000000005,0.12483903807202447,0.12483903807202447,0.0
-0.11749999999999972,0.054047960012358814,0.054047960012358814,0.0
-0.11249999999999893,0.7848185395528615,0.7848185395528615,0.0
-0.10749999999999993,0.025071480171973352,0.025071480171973352,0.0
-0.10249999999999915,0.19962150959807598,0.19962150959807598,0.0
-0.09750000000000014,0.6621739039493696,0.6621739039493696,0.0
-0.09249999999999936,0.002142566189748239,0.002142566189748239,0.0
-0.08750000000000036,0.39010255537053246,0.39010255537053246,0.0
-0.08249999999999957,0.4738354243666614,0.4738354243666614,0.0
-0.07750000000000057,0.003645818274490955,0.003645818274490955,0.0
-0.07249999999999979,0.6370678662582067,0.6370678662582067,0.0
-0.067499999999999,0.22322429520449613,0.22322429520449613,0.0
-0.0625,0.028769134725248537,0.028769134725248537,0.0
-0.05749999999999922,0.7606801123990043,0.7606801123990043,0.0
-0.05250000000000021,0.0744887326129408,0.0744887326129408,0.0
-0.04749999999999943,0.1298498783545002,0.1298498783545002,0.0
-0.042500000000000426,0.7204724388220354,0.7204724388220354,0.0
-0.037499999999999645,0.013615662560658163,0.013615662560658163,0.0
-0.03250000000000064,0.27341909182722707,0.27341909182722707,0.0
-0.027499999999999858,0.5893266534979293,0.5893266534979293,0.0
-0.022499999999999076,0.0020734511513692635,0.0020734511513692635,0.0
-0.01750000000000007,0.4799348265036058,0.4799348265036058,0.0
-0.01249999999999929,0.3831219364942559,0.3831219364942559,0.0
-0.007500000000000284,0.011680441486046854,0.011680441486046854,0.0
-0.0024999999999995026,0.6787960706795132,0.6787960706795132,0.0
0.0024999999999995026,0.17346146757163372,0.17346146757163372,0.0
0.007500000000000284,0.06009552587051916,0.06009552587051916,0.0
0.012500000000001066,0.7393408442994958,0.7393408442994958,0.0
0.01750000000000007,0.06450160956717885,0.06450160956717885,0.0
0.022500000000000853,0.1718027066505383,0.1718027066505383,0.0
0.027499999999999858,0.6788133494391079,0.6788133494391079,0.0
0.03250000000000064,0.01332192364754752,0.01332192364754752,0.0
0.037499999999999645,0.30604138994210345,0.30604138994210345,0.0
0.042500000000000426,0.5566525191042686,0.5566525191042686,0.0
0.04749999999999943,0.0044233624562544285,0.0044233624562544285,0.0
0.05250000000000021,0.5056801782997742,0.5056801782997742,0.0
0.057500000000000995,0.35507850967198656,0.35507850967198656,0.0
0.0625,0.01828092765123901,0.01828092765123901,0.0
0.06750000000000078,0.671314367774989,0.671314367774989,0.0
0.07249999999999979,0.17434268431096567,0.17434268431096567,0.0
0.07750000000000057,0.07733972794607355,0.07733972794607355,0.0
0.08249999999999957,0.7074096965684089,0.7074096965684089,0.0
0.08750000000000036,0.07918855522271115,0.07918855522271115,0.0
0.09249999999999936,0.17406622415744977,0.17406622415744977,0.0
0.09750000000000014,0.669016292748888,0.669016292748888,0.0
0.10250000000000092,0.021062807945992773,0.021062807945992773,0.0
0.10749999999999993,0.2934970104763194,0.2934970104763194,0.0
0.11250000000000071,0.5670197748611149,0.5670197748611149,0.0
0.11749999999999972,0.0064795348480289495,0.0064795348480289495,0.0
0.1225000000000005,0.47475119862518267,0.47475119862518267,0.0
0.1274999999999995,0.38592109554860443,0.38592109554860443,0.0
0.13250000000000028,0.019334931986518384,0.019334931986518384,0.0
0.13750000000000107,0.6351672027027848,0.6351672027027848,0.0
0.14250000000000007,0.20943584504789048,0.20943584504789048,0.0
0.14750000000000085,0.06973707372438626,0.06973707372438626,0.0
0.15249999999999986,0.6792625971885713,0.6792625971885713,0.0
0.15750000000000064,0.11493830882423621,0.11493830882423621,0.0
0.16249999999999964,0.1492020891006133,0.1492020891006133,0.0
0.16750000000000043,0.6686534387973985,0.6686534387973985,0.0
0.17249999999999943,0.0462034031563451,0.0462034031563451,0.0
0.1775000000000002,0.24178168300925096,0.24178168300925096,0.0
0.182500000000001,0.6093527358682375,0.6093527358682375,0.0
0.1875,0.014134025348500482,0.014134025348500482,0.0
0.19250000000000078,0.3893595687079584,0.3893595687079584,0.0
0.1974999999999998,0.4721421059263764,0.4721421059263764,0.0
0.20250000000000057,0.013183693570789566,0.013183693570789566,0.0
0.20749999999999957,0.5504321656501607,0.5504321656501607,0.0
0.21250000000000036,0.3013070098131437,0.3013070098131437,0.0
0.21749999999999936,0.042523027362664646,0.042523027362664646,0.0
0.22250000000000014,0.6443249452879991,0.6443249452879991,0.0
0.22750000000000092,0.17709000708652992,0.17709000708652992,0.0
0.23249999999999993,0.10521036717239542,0.10521036717239542,0.0
0.2375000000000007,0.6533962940752397,0.6533962940752397,0.0
0.24249999999999972,0.10533131848955864,0.10533131848955864,0.0
0.2475000000000005,0.17078325983444842,0.17078325983444842,0.0
0.2524999999999995,0.6459145911707155,0.6459145911707155,0.0
0.2575000000000003,0.047499310125950885,0.047499310125950885,0.0
0.26250000000000107,0.26358747761781776,0.26358747761781776,0.0
0.26750000000000007,0.5851451936760013,0.5851451936760013,0.0
0.27250000000000085,0.018350042689617985,0.018350042689617985,0.0
0.27749999999999986,0.4128241242376206,0.4128241242376206,0.0
0.28250000000000064,0.44672505056250805,0.44672505056250805,0.0
0.28749999999999964,0.019213980669355177,0.019213980669355177,0.0
0.2925000000000004,0.5387171666449244,0.5387171666449244,0.0
0.29749999999999943,0.3069917217198144,0.3069917217198144,0.0
0.3025000000000002,0.046497142069455745,0.046497142069455745,0.0
0.307500000000001,0.6191497925584573,0.6191497925584573,0.0
0.3125,0.19829104510928072,0.19829104510928072,0.0
0.3175000000000008,0.10068333215857252,0.10068333215857252,0.0
0.3224999999999998,0.6372406538541541,0.6372406538541541,0.0
0.32750000000000057,0.12601399372446706,0.12601399372446706,0.0
0.3324999999999996,0.15378096039322042,0.15378096039322042,0.0
0.33750000000000036,0.6331110303110102,0.6331110303110102,0.0
0.34249999999999936,0.07708054655215239,0.07708054655215239,0.0
0.34750000000000014,0.2277167726991295,0.2277167726991295,0.0
0.3525000000000009,0.6011107675415446,0.6011107675415446,0.0
0.35749999999999993,0.03778864723370484,0.03778864723370484,0.0
0.3625000000000007,0.3404434002952385,0.3404434002952385,0.0
0.3674999999999997,0.5110538725337396,0.5110538725337396,0.0
0.3725000000000005,0.02304986529938832,0.02304986529938832,0.0
0.3774999999999995,0.4647467968198259,0.4647467968198259,0.0
0.3825000000000003,0.3856273566354938,0.3856273566354938,0.0
0.38750000000000107,0.028077984341458778,0.028077984341458778,0.0
0.39250000000000007,0.5548209705872257,0.5548209705872257,0.0
0.39750000000000085,0.28128092744283545,0.28128092744283545,0.0
0.40249999999999986,0.06007824711092443,0.06007824711092443,0.0
0.40750000000000064,0.606743643169431,0.606743643169431,0.0
0.41249999999999964,0.19711608945683806,0.19711608945683806,0.0
0.4175000000000004,0.10389718144319487,0.10389718144319487,0.0
0.42249999999999943,0.6250591283398595,0.6250591283398595,0.0
0.4275000000000002,0.13498166995413913,0.13498166995413913,0.0
0.432500000000001,0.15117186769441412,0.15117186769441412,0.0
0.4375,0.6194608102311627,0.6194608102311627,0.0
0.4425000000000008,0.09359904072472754,0.09359904072472754,0.0
0.4474999999999998,0.21525878703131912,0.21525878703131912,0.0
0.45250000000000057,0.5921603700714673,0.5921603700714673,0.0
0.4574999999999996,0.0600782471109244,0.0600782471109244,0.0
0.46250000000000036,0.2933415016399667,0.2933415016399667,0.0
0.46749999999999936,0.5412053080265676,0.5412053080265676,0.0
0.47250000000000014,0.03668280661964124,0.03668280661964124,0.0
0.4775000000000009,0.390672754437159,0.390672754437159,0.0
0.48249999999999993,0.45405124463067953,0.45405124463067953,0.0
0.4875000000000007,0.028803692244438017,0.028803692244438017,0.0
0.4924999999999997,0.4811788971944274,0.4811788971944274,0.0
0.4975000000000005,0.36131614188568906,0.36131614188568906,0.0
0.5024999999999995,0.03374541748853476,0.03374541748853476,0.0
0.5075000000000003,0.5496546214683974,0.5496546214683974,0.0
0.5125000000000011,0.2812118124044565,0.2812118124044565,0.0
0.5175000000000001,0.05681256154751783,0.05681256154751783,0.0
0.5225000000000009,0.5903806578332087,0.5903806578332087,0.0
0.5274999999999999,0.21677931787565663,0.21677931787565663,0.0
0.5325000000000006,0.08858820044225181,0.08858820044225181,0.0
0.5374999999999996,0.6088170943208004,0.6088170943208004,0.0
0.5425000000000004,0.16653268497414142,0.16653268497414142,0.0
0.5474999999999994,0.12388870629431352,0.12388870629431352,0.0
0.5525000000000002,0.612497470114481,0.612497470114481,0.0
0.557500000000001,0.12798377231826785,0.12798377231826785,0.0
0.5625,0.16648084869535718,0.16648084869535718,0.0
0.5675000000000008,0.603581630163593,0.603581630163593,0.0
0.5724999999999998,0.09589711575082846,0.09589711575082846,0.0
0.5775000000000006,0.21334084471630255,0.21334084471630255,0.0
0.5824999999999996,0.5840911893407219,0.5840911893407219,0.0
0.5875000000000004,0.07020360023344431,0.07020360023344431,0.0
0.5924999999999994,0.2637084289349809,0.2637084289349809,0.0
0.5975000000000001,0.5555985147689892,0.5555985147689892,0.0
0.6025000000000009,0.04810406671176693,0.04810406671176693,0.0
0.6074999999999999,0.3230955256621157,0.3230955256621157,0.0
0.6125000000000007,0.5102417708327867,0.5102417708327867,0.0
0.6174999999999997,0.03388364756529273,0.03388364756529273,0.0
0.6225000000000005,0.3851781088860304,0.3851781088860304,0.0
0.6274999999999995,0.455018855167985,0.455018855167985,0.0
0.6325000000000003,0.029563957666606758,0.029563957666606758,0.0
0.6375000000000011,0.4415068651648954,0.4415068651648954,0.0
0.6425000000000001,0.39806806354370927,0.39806806354370927,0.0
0.6475000000000009,0.03200026276946563,0.03200026276946563,0.0
0.6524999999999999,0.48836686118584083,0.48836686118584083,0.0
0.6575000000000006,0.34732034661394656,0.34732034661394656,0.0
0.6624999999999996,0.037892319791273284,0.037892319791273284,0.0
0.6675000000000004,0.5247213713731819,0.5247213713731819,0.0
0.6724999999999994,0.30262019554234415,0.30262019554234415,0.0
0.6775000000000002,0.04779304903906153,0.04779304903906153,0.0
0.682500000000001,0.5531449309065355,0.5531449309065355,0.0
0.6875,0.2632764599451124,0.2632764599451124,0.0
0.6925000000000008,0.05821214107469209,0.05821214107469209,0.0
0.6974999999999998,0.5751926281494288,0.5751926281494288,0.0
0.7025000000000006,0.23068871934942542,0.23068871934942542,0.0
0.7074999999999996,0.0680264765245066,0.0680264765245066,0.0
0.7125000000000004,0.5883590429606237,0.5883590429606237,0.0
0.7174999999999994,0.20791531420355303,0.20791531420355303,0.0
0.7225000000000001,0.07763346685918418,0.07763346685918418,0.0
0.7275000000000009,0.5959962547015003,0.5959962547015003,0.0
0.7324999999999999,0.1906711121279986,0.1906711121279986,0.0
0.7375000000000007,0.08787977129886732,0.08787977129886732,0.0
0.7424999999999997,0.6006096835132969,0.6006096835132969,0.0
0.7475000000000005,0.17558675500178722,0.17558675500178722,0.0
0.7524999999999995,0.09549970428014937,0.09549970428014937,0.0
0.7575000000000003,0.6061216078240204,0.6061216078240204,0.0
0.7625000000000011,0.16236850391180813,0.16236850391180813,0.0
0.7675000000000001,0.10215202672412572,0.10215202672412572,0.0
0.7725000000000009,0.6102857888863537,0.6102857888863537,0.0
0.7774999999999999,0.151517442886309,0.151517442886309,0.0
0.7825000000000006,0.10742204840052262,0.10742204840052262,0.0
0.7874999999999996,0.6123074037589388,0.6123074037589388,0.0
0.7925000000000004,0.14420852757773234,0.14420852757773234,0.0
0.7974999999999994,0.10911536684080753,0.10911536684080753,0.0
0.8025000000000002,0.6148128239001764,0.6148128239001764,0.0
0.807500000000001,0.13985428015985688,0.13985428015985688,0.0
0.8125,0.10813047754390712,0.10813047754390712,0.0
0.8175000000000008,0.6167480449747879,0.6167480449747879,0.0
0.8224999999999998,0.13885211210336174,0.13885211210336174,0.0
0.8275000000000006,0.10415636283711602,0.10415636283711602,0.0
0.8324999999999996,0.6163160759849192,0.6163160759849192,0.0
0.8375000000000004,0.1432754745596162,0.1432754745596162,0.0
0.8424999999999994,0.09608718210637063,0.09608718210637063,0.0
0.8475000000000001,0.6131022267002968,0.6131022267002968,0.0
0.8525000000000009,0.15454122581538918,0.15454122581538918,0.0
0.8574999999999999,0.08623828913736663,0.08623828913736663,0.0
0.8625000000000007,0.6030459886161559,0.6030459886161559,0.0
0.8674999999999997,0.1746364232240763,0.1746364232240763,0.0
0.8725000000000005,0.07397036982509848,0.07397036982509848,0.0
0.8774999999999995,0.585628998944654,0.585628998944654,0.0
0.8825000000000003,0.20433861096744105,0.20433861096744105,0.0
0.8875000000000011,0.060285592226061335,0.060285592226061335,0.0
0.8925000000000001,0.5581557711890113,0.5581557711890113,0.0
0.8975000000000009,0.24549661632212094,0.24549661632212094,0.0
0.9024999999999999,0.0452185138594447,0.0452185138594447,0.0
0.9075000000000006,0.5144405094143093,0.5144405094143093,0.0
0.9124999999999996,0.3042789564634396,0.3042789564634396,0.0
0.9175000000000004,0.028959201080790715,0.028959201080790715,0.0
0.9224999999999994,0.44748531598467683,0.44748531598467683,0.0
0.9275000000000002,0.38749346267172613,0.38749346267172613,0.0
0.932500000000001,0.0159137375867591,0.0159137375867591,0.0
0.9375,0.354646540682118,0.354646540682118,0.0
0.9425000000000008,0.4930494050360165,0.4930494050360165,0.0
0.9474999999999998,0.007084291433844984,0.007084291433844984,0.0
0.9525000000000006,0.24860679304917485,0.24860679304917485,0.0
0.9574999999999996,0.6061561653432098,0.6061561653432098,0.0
0.9625000000000004,0.003645818274490955,0.003645818274490955,0.0
0.9674999999999994,0.15611359293851082,0.15611359293851082,0.0
0.9725000000000001,0.6926190783553083,0.6926190783553083,0.0
0.9775000000000009,0.014116746588905738,0.014116746588905738,0.0
0.9824999999999999,0.10638532282483801,0.10638532282483801,0.0
0.9875000000000007,0.675703172712054,0.675703172712054,0.0
0.9924999999999997,0.08171125412354376,0.08171125412354376,0.0
0.9975000000000005,0.04789672159663,0.04789672159663,0.0
1.0024999999999995,0.5182245577655582,0.5182245577655582,0.0
1.0075000000000003,0.29781670037500546,0.29781670037500546,0.0
1.012500000000001,0.003092897967459151,0.003092897967459151,0.0
1.0175,0.2448227446979259,0.2448227446979259,0.0
1.0225000000000009,0.6160223370718088,0.6160223370718088,0.0
1.0274999999999999,0.0,0.0,0.0
1.0325000000000006,0.08521884232127676,0.08521884232127676,0.0
1.0374999999999996,0.6404372243791817,0.6404372243791817,0.0
1.0425000000000004,0.1382819130367352,0.1382819130367352,0.0
