omega,S,S_edge,S_cont,Sr,Sr_edge,Sr_cont
-1.022499999999999,0.0,0.0,0.0
-1.0175,0.2522698900832604,0.2522698900832604,0.0
-1.0124999999999993,3.5946103142374417,3.5946103142374417,0.0
-1.0075000000000003,7.449721491310548,7.449721491310548,0.0
-1.0024999999999995,9.109110730936678,9.109110730936678,0.0
-0.9975000000000005,6.250826902847612,6.250826902847612,0.0
-0.9924999999999997,4.571080142826221,4.571080142826221,0.0
-0.9874999999999989,3.7348510102936903,3.7348510102936903,0.0
-0.9824999999999999,3.232007690160108,3.232007690160108,0.0
-0.9774999999999991,2.9663546153725546,2.9663546153725546,0.0
-0.9725000000000001,2.853320111696394,2.853320111696394,0.0
-0.9674999999999994,2.678019241626084,2.678019241626084,0.0
-0.9625000000000004,2.2911006904099644,2.2911006904099644,0.0
-0.9574999999999996,2.1161768114580846,2.1161768114580846,0.0
-0.9525000000000006,2.198486538982137,2.198486538982137,0.0
-0.9474999999999998,1.9468449674295947,1.9468449674295947,0.0
-0.942499999999999,2.1365343318533467,2.1365343318533467,0.0
-0.9375,1.587258272299707,1.587258272299707,0.0
-0.9324999999999992,2.0202954036705245,2.0202954036705245,0.0
-0.9275000000000002,1.5814149099640302,1.5814149099640302,0.0
-0.9224999999999994,1.7918387859014742,1.7918387859014742,0.0
-0.9175000000000004,1.6908679980150987,1.6908679980150987,0.0
-0.9124999999999996,1.622758269285272,1.622758269285272,0.0
-0.9075000000000006,1.5099122611683264,1.5099122611683264,0.0
-0.9024999999999999,1.5847449981768358,1.5847449981768358,0.0
-0.8974999999999991,1.4512273103992692,1.4512273103992692,0.0
-0.8925000000000001,1.3809812986650016,1.3809812986650016,0.0
-0.8874999999999993,1.6145272965328665,1.6145272965328665,0.0
-0.8825000000000003,1.165091051510311,1.165091051510311,0.0
-0.8774999999999995,1.7638786112845257,1.7638786112845257,0.0
-0.8725000000000005,1.1349945938889205,1.1349945938889205,0.0
-0.8674999999999997,1.5203423487782446,1.5203423487782446,0.0
-0.8624999999999989,1.2717167061731485,1.2717167061731485,0.0
-0.8574999999999999,1.0921432700939557,1.0921432700939557,0.0
-0.8524999999999991,1.5957405724643994,1.5957405724643994,0.0
-0.8475000000000001,1.1202919402701201,1.1202919402701201,0.0
-0.8424999999999994,1.2740414847368051,1.2740414847368051,0.0
-0.8375000000000004,1.5085927922538187,1.5085927922538187,0.0
-0.8324999999999996,0.8598539092875265,0.8598539092875265,0.0
-0.8275000000000006,1.6752228666002216,1.6752228666002216,0.0
-0.8224999999999998,0.9387707167457021,0.9387707167457021,0.0
-0.817499999999999,0.9226857623593222,0.9226857623593222,0.0
-0.8125,1.817160022689408,1.817160022689408,0.0
-0.8074999999999992,0.6512521570891642,0.6512521570891642,0.0
-0.8025000000000002,1.2156078613800347,1.2156078613800347,0.0
-0.7974999999999994,1.528887480796009,1.528887480796009,0.0
-0.7925000000000004,0.6406964057731024,0.6406964057731024,0.0
-0.7874999999999996,1.450033505190905,1.450033505190905,0.0
-0.7825000000000006,1.1731335287035003,1.1731335287035003,0.0
-0.7774999999999999,0.7542963961269094,0.7542963961269094,0.0
-0.7724999999999991,1.4512273103992694,1.4512273103992694,0.0
-0.7675000000000001,0.9913609777667949,0.9913609777667949,0.0
-0.7624999999999993,0.9082972680058811,0.9082972680058811,0.0
-0.7575000000000003,1.2990485622593795,1.2990485622593795,0.0
-0.7524999999999995,0.9632123075906305,0.9632123075906305,0.0
-0.7475000000000005,0.9781034567686464,0.9781034567686464,0.0
-0.7424999999999997,1.1590591936154184,1.1590591936154184,0.0
-0.7374999999999989,1.011153011484411,1.011153011484411,0.0
-0.7324999999999999,0.9625839890599128,0.9625839890599128,0.0
-0.7274999999999991,1.0265468154870008,1.0265468154870008,0.0
-0.7225000000000001,1.1224910551276333,1.1224910551276333,0.0
-0.7174999999999994,0.8921494817664297,0.8921494817664297,0.0
-0.7125000000000004,0.9453680613182407,0.9453680613182407,0.0
-0.7074999999999996,1.2090733486605676,1.2090733486605676,0.0
-0.7025000000000006,0.8179450632886385,0.8179450632886385,0.0
-0.6974999999999998,1.0066919499163136,1.0066919499163136,0.0
-0.692499999999999,1.0522450433933654,1.0522450433933654,0.0
-0.6875,0.8693415191013678,0.8693415191013678,0.0
-0.6824999999999992,1.088687518175007,1.088687518175007,0.0
-0.6775000000000002,0.7559928561598479,0.7559928561598479,0.0
-0.6724999999999994,1.0032990298504363,1.0032990298504363,0.0
-0.6675000000000004,1.0975468094581302,1.0975468094581302,0.0
-0.6624999999999996,0.7140211783078882,0.7140211783078882,0.0
-0.6575000000000006,0.9591910689940358,0.9591910689940358,0.0
-0.6524999999999999,1.0476583181191246,1.0476583181191246,0.0
-0.6474999999999991,0.9198583289710914,0.9198583289710914,0.0
-0.6425000000000001,0.6453459629004155,0.6453459629004155,0.0
-0.6374999999999993,1.092960084183889,1.092960084183889,0.0
-0.6325000000000003,1.1009397295240073,1.1009397295240073,0.0
-0.6274999999999995,0.6104742844455687,0.6104742844455687,0.0
-0.6225000000000005,0.6342247249067076,0.6342247249067076,0.0
-0.6174999999999997,1.328768028762339,1.328768028762339,0.0
-0.6124999999999989,0.8190760366439309,0.8190760366439309,0.0
-0.6074999999999999,0.6019291524278044,0.6019291524278044,0.0
-0.6024999999999991,0.9281521335765686,0.9281521335765686,0.0
-0.5975000000000001,1.345669797238652,1.345669797238652,0.0
-0.5924999999999994,0.45295482879457655,0.45295482879457655,0.0
-0.5875000000000004,0.48518756942040775,0.48518756942040775,0.0
-0.5824999999999996,1.2583963533219278,1.2583963533219278,0.0
-0.5775000000000006,1.176400785063234,1.176400785063234,0.0
-0.5724999999999998,0.4132450976532015,0.4132450976532015,0.0
-0.567499999999999,0.37095926053588285,0.37095926053588285,0.0
-0.5625,1.5248662421994141,1.5248662421994141,0.0
-0.5574999999999992,0.9424777960769377,0.9424777960769377,0.0
-0.5525000000000002,0.301969885863051,0.301969885863051,0.0
-0.5474999999999994,0.4879521709555668,0.4879521709555668,0.0
-0.5425000000000004,1.6231980922567748,1.6231980922567748,0.0
-0.5374999999999996,0.9180990370850813,0.9180990370850813,0.0
-0.5325000000000006,0.09179733733789378,0.09179733733789378,0.0
-0.5274999999999999,0.49341854217281306,0.49341854217281306,0.0
-0.5224999999999991,1.6495246386938567,1.6495246386938567,0.0
-0.5175000000000001,0.9353777966798251,0.9353777966798251,0.0
-0.5124999999999993,0.03066194429903638,0.03066194429903638,0.0
-0.5075000000000003,0.39012297572278054,0.39012297572278054,0.0
-0.5024999999999995,1.7085237487282734,1.7085237487282734,0.0
-0.4975000000000005,0.9651600950358562,0.9651600950358562,0.0
-0.4924999999999997,0.06647610054996003,0.06647610054996003,0.0
-0.48749999999999893,0.16078671201072567,0.16078671201072567,0.0
-0.48249999999999993,1.637209595491785,1.637209595491785,0.0
-0.47749999999999915,1.1114954808400688,1.1114954808400688,0.0
-0.47250000000000014,0.232100865247214,0.232100865247214,0.0
-0.46749999999999936,0.013006193585861745,0.013006193585861745,0.0
-0.46250000000000036,1.0696494666942529,1.0696494666942529,0.0
-0.4574999999999996,1.7198334822811963,1.7198334822811963,0.0
-0.45250000000000057,0.2648990925506914,0.2648990925506914,0.0
-0.4474999999999998,0.07495840071465247,0.07495840071465247,0.0
-0.442499999999999,0.3846566045055343,0.3846566045055343,0.0
-0.4375,1.825516659147957,1.825516659147957,0.0
-0.4324999999999992,0.6616194128460104,0.6616194128460104,0.0
-0.4275000000000002,0.2252521932623882,0.2252521932623882,0.0
-0.42249999999999943,0.15161326146224344,0.15161326146224344,0.0
-0.4175000000000004,0.8396220525984082,0.8396220525984082,0.0
-0.41249999999999964,1.5812892462578865,1.5812892462578865,0.0
-0.40750000000000064,0.43831500702884796,0.43831500702884796,0.0
-0.40249999999999986,0.19371060302034668,0.19371060302034668,0.0
-0.3974999999999991,0.262574313987035,0.262574313987035,0.0
-0.39250000000000007,1.018253010881524,1.018253010881524,0.0
-0.3874999999999993,1.2200689229481323,1.2200689229481323,0.0
-0.3825000000000003,0.46533270384972025,0.46533270384972025,0.0
-0.3774999999999995,0.182526533173567,0.182526533173567,0.0
-0.3725000000000005,0.3534291735288518,0.3534291735288518,0.0
-0.3674999999999997,0.8886308979944089,0.8886308979944089,0.0
-0.36249999999999893,0.9669193869218667,0.9669193869218667,0.0
-0.35749999999999993,0.7126388775403089,0.7126388775403089,0.0
-0.35249999999999915,0.16977166699999247,0.16977166699999247,0.0
-0.34750000000000014,0.3379097058201182,0.3379097058201182,0.0
-0.34249999999999936,0.7070468426169189,0.7070468426169189,0.0
-0.33750000000000036,0.8496751490898957,0.8496751490898957,0.0
-0.3324999999999996,0.8220919655913771,0.8220919655913771,0.0
-0.32750000000000057,0.3584557217745955,0.3584557217745955,0.0
-0.3224999999999998,0.2418398024733423,0.2418398024733423,0.0
-0.317499999999999,0.4537088110314379,0.4537088110314379,0.0
-0.3125,0.7471963967297964,0.7471963967297964,0.0
-0.3074999999999992,0.7812512610947099,0.7812512610947099,0.0
-0.3025000000000002,0.7182309124636986,0.7182309124636986,0.0
-0.29749999999999943,0.2774026313119788,0.2774026313119788,0.0
-0.2925000000000004,0.18950086886453635,0.18950086886453635,0.0
-0.28749999999999964,0.3671265174985033,0.3671265174985033,0.0
-0.28250000000000064,0.8573406351646548,0.8573406351646548,0.0
-0.27749999999999986,0.7232574607094422,0.7232574607094422,0.0
-0.2724999999999991,0.7326194068171398,0.7326194068171398,0.0
-0.26750000000000007,0.25616546497371184,0.25616546497371184,0.0
-0.2624999999999993,0.10744246875277094,0.10744246875277094,0.0
-0.2575000000000003,0.14997963328237673,0.14997963328237673,0.0
-0.2524999999999995,0.682416756212775,0.682416756212775,0.0
-0.2475000000000005,0.8271185138371211,0.8271185138371211,0.0
-0.24249999999999972,0.8643149708556239,0.8643149708556239,0.0
-0.23749999999999893,0.4562220851543098,0.4562220851543098,0.0
-0.23249999999999993,0.06094689747964199,0.06094689747964199,0.0
-0.22749999999999915,0.0516477832250162,0.0516477832250162,0.0
-0.22250000000000014,0.20426635433640844,0.20426635433640844,0.0
-0.21749999999999936,0.6569070238656257,0.6569070238656257,0.0
-0.21250000000000036,0.8165627625210592,0.8165627625210592,0.0
-0.20749999999999957,0.9169680637297889,0.9169680637297889,0.0
-0.20250000000000057,0.4477397849896174,0.4477397849896174,0.0
-0.1974999999999998,0.038327430373795476,0.038327430373795476,0.0
-0.192499999999999,0.030159289474462024,0.030159289474462024,0.0
-0.1875,0.03430619177720055,0.03430619177720055,0.0
-0.18249999999999922,0.36750350861693404,0.36750350861693404,0.0
-0.1775000000000002,0.7513432990325349,0.7513432990325349,0.0
-0.17249999999999943,0.986208765814908,0.986208765814908,0.0
-0.16750000000000043,0.7020202943711753,0.7020202943711753,0.0
-0.16249999999999964,0.2621344910155324,0.2621344910155324,0.0
-0.15750000000000064,0.023184953783492678,0.023184953783492678,0.0
-0.15249999999999986,0.014891149178015622,0.014891149178015622,0.0
-0.14749999999999908,0.008545132017764238,0.008545132017764238,0.0
-0.14250000000000007,0.07828848892745766,0.07828848892745766,0.0
-0.1374999999999993,0.4288273972150069,0.4288273972150069,0.0
-0.13250000000000028,1.0493547781520627,1.0493547781520627,0.0
-0.1274999999999995,0.9730140766698309,0.9730140766698309,0.0
-0.1225000000000005,0.4096636820281091,0.4096636820281091,0.0
-0.11749999999999972,0.16807520696705397,0.16807520696705397,0.0
-0.11249999999999893,0.0258238916125081,0.0258238916125081,0.0
-0.10749999999999993,0.0,0.0,0.0
-0.10249999999999915,0.0006283185307179587,0.0006283185307179587,0.0
-0.09750000000000014,0.022933626371205496,0.022933626371205496,0.0
-0.09249999999999936,0.20194157577275196,0.20194157577275196,0.0
-0.08750000000000036,0.7106282582420113,0.7106282582420113,0.0
-0.08249999999999957,0.9288432839603582,0.9288432839603582,0.0
-0.07750000000000057,0.7328707342294271,0.7328707342294271,0.0
-0.07249999999999979,0.4624424386084177,0.4624424386084177,0.0
-0.067499999999999,0.07068583470577033,0.07068583470577033,0.0
-0.0625,0.010618583169133503,0.010618583169133503,0.0
-0.05749999999999922,0.0,0.0,0.0
-0.05250000000000021,0.0008796459430051422,0.0008796459430051422,0.0
-0.04749999999999943,0.02349911304885166,0.02349911304885166,0.0
-0.042500000000000426,0.08168140899333462,0.08168140899333462,0.0
-0.037499999999999645,0.44598049310360705,0.44598049310360705,0.0
-0.03250000000000064,0.7327450705232834,0.7327450705232834,0.0
-0.027499999999999858,0.731676929021063,0.731676929021063,0.0
-0.022499999999999076,0.6616822446990822,0.6616822446990822,0.0
-0.01750000000000007,0.41513005324535535,0.41513005324535535,0.0
-0.01249999999999929,0.048317695012211025,0.048317695012211025,0.0
-0.007500000000000284,0.0,0.0,0.0
-0.0024999999999995026,0.0,0.0,0.0
0.0024999999999995026,0.0,0.0,0.0
0.007500000000000284,0.0012566370614359175,0.0012566370614359175,0.0
0.012500000000001066,0.0319185813604723,0.0319185813604723,0.0
0.01750000000000007,0.2142566189748239,0.2142566189748239,0.0
0.022500000000000853,0.43806367961656095,0.43806367961656095,0.0
0.027499999999999858,0.712576045687237,0.712576045687237,0.0
0.03250000000000064,0.8322707257890081,0.8322707257890081,0.0
0.037499999999999645,0.6410733968915334,0.6410733968915334,0.0
0.042500000000000426,0.25547431458992204,0.25547431458992204,0.0
0.04749999999999943,0.014702653618800233,0.014702653618800233,0.0
0.05250000000000021,0.0,0.0,0.0
0.057500000000000995,0.0,0.0,0.0
0.0625,0.0,0.0,0.0
0.06750000000000078,0.0,0.0,0.0
0.07249999999999979,0.004649557127312895,0.004649557127312895,0.0
0.07750000000000057,0.09129468251331939,0.09129468251331939,0.0
0.08249999999999957,0.23398582083936778,0.23398582083936778,0.0
0.08750000000000036,0.4818574812076025,0.4818574812076025,0.0
0.09249999999999936,0.9491379725025484,0.9491379725025484,0.0
0.09750000000000014,0.8684618731583625,0.8684618731583625,0.0
0.10250000000000092,0.3925734179925806,0.3925734179925806,0.0
0.10749999999999993,0.11699291041968392,0.11699291041968392,0.0
0.11250000000000071,0.0026389378290154267,0.0026389378290154267,0.0
0.11749999999999972,0.0,0.0,0.0
0.1225000000000005,0.0,0.0,0.0
0.1274999999999995,0.0,0.0,0.0
0.13250000000000028,0.0,0.0,0.0
0.13750000000000107,0.004649557127312895,0.004649557127312895,0.0
0.14250000000000007,0.08582831129607316,0.08582831129607316,0.0
0.14750000000000085,0.11158937105550948,0.11158937105550948,0.0
0.15249999999999986,0.28192652473314805,0.28192652473314805,0.0
0.15750000000000064,0.8369831147693929,0.8369831147693929,0.0
0.16249999999999964,0.8978043485428912,0.8978043485428912,0.0
0.16750000000000043,0.6322141056084101,0.6322141056084101,0.0
0.17249999999999943,0.2851309492398097,0.2851309492398097,0.0
0.1775000000000002,0.005466371217246241,0.005466371217246241,0.0
0.182500000000001,0.0,0.0,0.0
0.1875,0.0,0.0,0.0
0.19250000000000078,0.0,0.0,0.0
0.1974999999999998,0.0,0.0,0.0
0.20250000000000057,0.00037699111843077525,0.00037699111843077525,0.0
0.20749999999999957,0.020106192982974683,0.020106192982974683,0.0
0.21250000000000036,0.040715040790523724,0.040715040790523724,0.0
0.21749999999999936,0.1655619328441821,0.1655619328441821,0.0
0.22250000000000014,0.32075660993151794,0.32075660993151794,0.0
0.22750000000000092,0.486632702041059,0.486632702041059,0.0
0.23249999999999993,0.6427070250714,0.6427070250714,0.0
0.2375000000000007,0.9492008043556202,0.9492008043556202,0.0
0.24249999999999972,0.4630079252860637,0.4630079252860637,0.0
0.2475000000000005,0.05252742916802135,0.05252742916802135,0.0
0.2524999999999995,0.0,0.0,0.0
0.2575000000000003,0.0,0.0,0.0
0.26250000000000107,0.0,0.0,0.0
0.26750000000000007,0.0,0.0,0.0
0.27250000000000085,0.0,0.0,0.0
0.27749999999999986,0.0,0.0,0.0
0.28250000000000064,0.008293804605477056,0.008293804605477056,0.0
0.28749999999999964,0.10159910641709391,0.10159910641709391,0.0
0.2925000000000004,0.12673184764581227,0.12673184764581227,0.0
0.29749999999999943,0.3861017371261856,0.3861017371261856,0.0
0.3025000000000002,0.3291760782431386,0.3291760782431386,0.0
0.307500000000001,0.4306495209540889,0.4306495209540889,0.0
0.3125,0.8228459478282386,0.8228459478282386,0.0
0.3175000000000008,0.8102167453608075,0.8102167453608075,0.0
0.3224999999999998,0.12597786540895073,0.12597786540895073,0.0
0.32750000000000057,0.0,0.0,0.0
0.3324999999999996,0.0,0.0,0.0
0.33750000000000036,0.0,0.0,0.0
0.34249999999999936,0.0,0.0,0.0
0.34750000000000014,0.0,0.0,0.0
0.3525000000000009,0.0,0.0,0.0
0.35749999999999993,0.004586725274241098,0.004586725274241098,0.0
0.3625000000000007,0.02211681228127215,0.02211681228127215,0.0
0.3674999999999997,0.10976724731642738,0.10976724731642738,0.0
0.3725000000000005,0.25811325241893746,0.25811325241893746,0.0
0.3774999999999995,0.24341059880013718,0.24341059880013718,0.0
0.3825000000000003,0.36297961519576477,0.36297961519576477,0.0
0.38750000000000107,0.32616014929569237,0.32616014929569237,0.0
0.39250000000000007,0.6034999487545994,0.6034999487545994,0.0
0.39750000000000085,0.902453905670204,0.902453905670204,0.0
0.40249999999999986,0.3020955495691946,0.3020955495691946,0.0
0.40750000000000064,0.006408849013323178,0.006408849013323178,0.0
0.41249999999999964,0.0,0.0,0.0
0.4175000000000004,0.0,0.0,0.0
0.42249999999999943,0.0,0.0,0.0
0.4275000000000002,0.0,0.0,0.0
0.432500000000001,0.0,0.0,0.0
0.4375,0.0,0.0,0.0
0.4425000000000008,0.000565486677646163,0.000565486677646163,0.0
0.4474999999999998,0.020357520395261862,0.020357520395261862,0.0
0.45250000000000057,0.15978140236157692,0.15978140236157692,0.0
0.4574999999999996,0.18221237390820805,0.18221237390820805,0.0
0.46250000000000036,0.28965484266097896,0.28965484266097896,0.0
0.46749999999999936,0.32019112325387183,0.32019112325387183,0.0
0.47250000000000014,0.44905925390412504,0.44905925390412504,0.0
0.4775000000000009,0.5095034965591928,0.5095034965591928,0.0
0.48249999999999993,0.7194247176720626,0.7194247176720626,0.0
0.4875000000000007,0.4241150082346223,0.4241150082346223,0.0
0.4924999999999997,0.06672742796224722,0.06672742796224722,0.0
0.4975000000000005,0.0,0.0,0.0
0.5024999999999995,0.0,0.0,0.0
0.5075000000000003,0.0,0.0,0.0
0.5125000000000011,0.0,0.0,0.0
0.5175000000000001,0.0,0.0,0.0
0.5225000000000009,0.0,0.0,0.0
0.5274999999999999,0.0,0.0,0.0
0.5325000000000006,0.0,0.0,0.0
0.5374999999999996,0.0,0.0,0.0
0.5425000000000004,0.03983539484751858,0.03983539484751858,0.0
0.5474999999999994,0.24052033355883456,0.24052033355883456,0.0
0.5525000000000002,0.2660928977590555,0.2660928977590555,0.0
0.557500000000001,0.30599112445964594,0.30599112445964594,0.0
0.5625,0.5357672111432035,0.5357672111432035,0.0
0.5675000000000008,0.6642583506750259,0.6642583506750259,0.0
0.5724999999999998,0.614998177866738,0.614998177866738,0.0
0.5775000000000006,0.3585185536276673,0.3585185536276673,0.0
0.5824999999999996,0.10423804424610937,0.10423804424610937,0.0
0.5875000000000004,0.011372565405995055,0.011372565405995055,0.0
0.5924999999999994,0.0,0.0,0.0
0.5975000000000001,0.0,0.0,0.0
0.6025000000000009,0.0,0.0,0.0
0.6074999999999999,0.0,0.0,0.0
0.6125000000000007,0.0,0.0,0.0
0.6174999999999997,0.0,0.0,0.0
0.6225000000000005,0.0,0.0,0.0
0.6274999999999995,0.0,0.0,0.0
0.6325000000000003,0.004586725274241098,0.004586725274241098,0.0
0.6375000000000011,0.04863185427757,0.04863185427757,0.0
0.6425000000000001,0.09644689446520666,0.09644689446520666,0.0
0.6475000000000009,0.2798530735817788,0.2798530735817788,0.0
0.6524999999999999,0.38616456897925744,0.38616456897925744,0.0
0.6575000000000006,0.6503725111461591,0.6503725111461591,0.0
0.6624999999999996,0.7471963967297964,0.7471963967297964,0.0
0.6675000000000004,0.5348875652001983,0.5348875652001983,0.0
0.6724999999999994,0.29732032873573805,0.29732032873573805,0.0
0.6775000000000002,0.09525308925684252,0.09525308925684252,0.0
0.682500000000001,0.0008796459430051422,0.0008796459430051422,0.0
0.6875,0.0,0.0,0.0
0.6925000000000008,0.0,0.0,0.0
0.6974999999999998,0.0,0.0,0.0
0.7025000000000006,0.0,0.0,0.0
0.7074999999999996,0.0,0.0,0.0
0.7125000000000004,0.0,0.0,0.0
0.7174999999999994,0.0,0.0,0.0
0.7225000000000001,0.0,0.0,0.0
0.7275000000000009,0.0,0.0,0.0
0.7324999999999999,0.013823007675795092,0.013823007675795092,0.0
0.7375000000000007,0.06477964051702155,0.06477964051702155,0.0
0.7424999999999997,0.07684335630680635,0.07684335630680635,0.0
0.7475000000000005,0.23367166157400887,0.23367166157400887,0.0
0.7524999999999995,0.526656592447793,0.526656592447793,0.0
0.7575000000000003,0.6943548082964162,0.6943548082964162,0.0
0.7625000000000011,0.6831707384496365,0.6831707384496365,0.0
0.7675000000000001,0.6398795916831692,0.6398795916831692,0.0
0.7725000000000009,0.17247343668207968,0.17247343668207968,0.0
0.7774999999999999,0.035939819957067236,0.035939819957067236,0.0
0.7825000000000006,0.0,0.0,0.0
0.7874999999999996,0.0,0.0,0.0
0.7925000000000004,0.0,0.0,0.0
0.7974999999999994,0.0,0.0,0.0
0.8025000000000002,0.0,0.0,0.0
0.807500000000001,0.0,0.0,0.0
0.8125,0.0,0.0,0.0
0.8175000000000008,0.0,0.0,0.0
0.8224999999999998,0.0,0.0,0.0
0.8275000000000006,0.0,0.0,0.0
0.8324999999999996,0.0,0.0,0.0
0.8375000000000004,0.04599291644855458,0.04599291644855458,0.0
0.8424999999999994,0.04944866836750335,0.04944866836750335,0.0
0.8475000000000001,0.1359052981942945,0.1359052981942945,0.0
0.8525000000000009,0.33847519249776437,0.33847519249776437,0.0
0.8574999999999999,0.5576955278652601,0.5576955278652601,0.0
0.8625000000000007,0.7693760408641404,0.7693760408641404,0.0
0.8674999999999997,0.8325220532012952,0.8325220532012952,0.0
0.8725000000000005,0.3336999716643079,0.3336999716643079,0.0
0.8774999999999995,0.07709468371909352,0.07709468371909352,0.0
0.8825000000000003,0.0013823007675795092,0.0013823007675795092,0.0
0.8875000000000011,0.0,0.0,0.0
0.8925000000000001,0.0,0.0,0.0
0.8975000000000009,0.0,0.0,0.0
0.9024999999999999,0.0,0.0,0.0
0.9075000000000006,0.0,0.0,0.0
0.9124999999999996,0.0,0.0,0.0
0.9175000000000004,0.0,0.0,0.0
0.9224999999999994,0.0,0.0,0.0
0.9275000000000002,0.0,0.0,0.0
0.932500000000001,0.0,0.0,0.0
0.9375,0.0008168140899333463,0.0008168140899333463,0.0
0.9425000000000008,0.02023185668911827,0.02023185668911827,0.0
0.9474999999999998,0.08011061266653971,0.08011061266653971,0.0
0.9525000000000006,0.1443247665059151,0.1443247665059151,0.0
0.9574999999999996,0.18579378953330042,0.18579378953330042,0.0
0.9625000000000004,0.3678176678822931,0.3678176678822931,0.0
0.9674999999999994,0.903961870143927,0.903961870143927,0.0
0.9725000000000001,0.7500866619710991,0.7500866619710991,0.0
0.9775000000000009,0.5531088025910191,0.5531088025910191,0.0
0.9824999999999999,0.13533981151664834,0.13533981151664834,0.0
0.9875000000000007,0.0,0.0,0.0
0.9924999999999997,0.0,0.0,0.0
0.9975000000000005,0.0,0.0,0.0
1.0024999999999995,0.0,0.0,0.0
1.0075000000000003,0.0,0.0,0.0
1.012500000000001,0.0,0.0,0.0
1.0175,0.0,0.0,0.0
1.0225000000000009,0.0,0.0,0.0
1.0274999999999999,0.0,0.0,0.0
1.0325000000000006,0.0,0.0,0.0
1.0374999999999996,0.0,0.0,0.0
1.0425000000000004,0.0,0.0,0.0
1.0474999999999994,0.00031415926535897936,0.00031415926535897936,0.0
1.0525000000000002,0.01903805148075415,0.01903805148075415,0.0
1.057500000000001,0.07816282522131407,0.07816282522131407,0.0
1.0625,0.143130961297551,0.143130961297551,0.0
1.0675000000000008,0.2501336070788193,0.2501336070788193,0.0
1.0724999999999998,0.3770539502838471,0.3770539502838471,0.0
1.0775000000000006,0.5842734017146298,0.5842734017146298,0.0
1.0824999999999996,0.7857123226628074,0.7857123226628074,0.0
1.0875000000000004,0.6286955218363894,0.6286955218363894,0.0
1.0924999999999994,0.24648935960065518,0.24648935960065518,0.0
1.0975000000000001,0.02858849314766712,0.02858849314766712,0.0
1.102500000000001,0.0,0.0,0.0
1.1075,0.0,0.0,0.0
1.1125000000000007,0.0,0.0,0.0
1.1174999999999997,0.0,0.0,0.0
1.1225000000000005,0.0,0.0,0.0
1.1274999999999995,0.0,0.0,0.0
1.1325000000000003,0.0,0.0,0.0
1.137500000000001,0.0,0.0,0.0
1.1425,0.0,0.0,0.0
1.1475000000000009,0.0,0.0,0.0
1.1524999999999999,0.0,0.0,0.0
1.1575000000000006,0.0,0.0,0.0
1.1624999999999996,0.0,0.0,0.0
1.1675000000000004,0.010555751316061707,0.010555751316061707,0.0
1.1724999999999994,0.10499202648297087,0.10499202648297087,0.0
1.1775000000000002,0.21186900855809568,0.21186900855809568,0.0
1.182500000000001,0.26603006590598377,0.26603006590598377,0.0
1.1875,0.33596191837489253,0.33596191837489253,0.0
1.1925000000000008,0.4075273990236681,0.4075273990236681,0.0
1.1974999999999998,0.7086176389437138,0.7086176389437138,0.0
1.2025000000000006,0.6361096804988613,0.6361096804988613,0.0
1.2074999999999996,0.368445986413011,0.368445986413011,0.0
1.2125000000000004,0.09148317807253478,0.09148317807253478,0.0
1.2174999999999994,0.0,0.0,0.0
1.2225000000000001,0.0,0.0,0.0
1.227500000000001,0.0,0.0,0.0
1.2325,0.0,0.0,0.0
1.2375000000000007,0.0,0.0,0.0
1.2424999999999997,0.0,0.0,0.0
1.2475000000000005,0.0,0.0,0.0
1.2524999999999995,0.0,0.0,0.0
1.2575000000000003,0.0,0.0,0.0
1.262500000000001,0.0,0.0,0.0
1.2675,0.0,0.0,0.0
1.2725000000000009,0.0,0.0,0.0
1.2774999999999999,0.0,0.0,0.0
1.2825000000000006,0.003330088212805181,0.003330088212805181,0.0
1.2874999999999996,0.07590087851072942,0.07590087851072942,0.0
1.2925000000000004,0.12974777659325848,0.12974777659325848,0.0
1.2974999999999994,0.12830264397260718,0.12830264397260718,0.0
1.3025000000000002,0.18208671020206443,0.18208671020206443,0.0
1.307500000000001,0.2102982122313008,0.2102982122313008,0.0
1.3125,0.4138734161839194,0.4138734161839194,0.0
1.3175000000000008,0.5355158837309162,0.5355158837309162,0.0
1.3224999999999998,0.5157866818663724,0.5157866818663724,0.0
1.3275000000000006,0.5886087995765837,0.5886087995765837,0.0
1.3324999999999996,0.3159185572449897,0.3159185572449897,0.0
1.3375000000000004,0.04222300526424682,0.04222300526424682,0.0
1.3424999999999994,0.0,0.0,0.0
1.3475000000000001,0.0,0.0,0.0
1.352500000000001,0.0,0.0,0.0
1.3575,0.0,0.0,0.0
1.3625000000000007,0.0,0.0,0.0
1.3674999999999997,0.0,0.0,0.0
1.3725000000000005,0.0,0.0,0.0
1.3774999999999995,0.0,0.0,0.0
1.3825000000000003,0.0,0.0,0.0
1.387500000000001,0.0,0.0,0.0
1.3925,0.0,0.0,0.0
1.3975000000000009,0.0,0.0,0.0
1.4024999999999999,0.00012566370614359174,0.00012566370614359174,0.0
1.4075000000000006,0.023499113048851657,0.023499113048851657,0.0
1.4124999999999996,0.012566370614359173,0.012566370614359173,0.0
1.4175000000000004,0.04121769561509809,0.04121769561509809,0.0
1.4224999999999994,0.0701203480281242,0.0701203480281242,0.0
1.4275000000000002,0.13018759956476103,0.13018759956476103,0.0
1.432500000000001,0.13728759896187398,0.13728759896187398,0.0
1.4375,0.32182475143373845,0.32182475143373845,0.0
1.4425000000000008,0.3999247448019807,0.3999247448019807,0.0
1.4474999999999998,0.3600893499544621,0.3600893499544621,0.0
1.4525000000000006,0.38855217939598563,0.38855217939598563,0.0
1.4574999999999996,0.37026811015209304,0.37026811015209304,0.0
1.4625000000000004,0.33005572418614376,0.33005572418614376,0.0
1.4674999999999994,0.2162672382731214,0.2162672382731214,0.0
1.4725000000000001,0.07703185186602172,0.07703185186602172,0.0
1.477500000000001,0.08099025860954488,0.08099025860954488,0.0
1.4825,0.1114008754962941,0.1114008754962941,0.0
1.4875000000000007,0.050705305428939265,0.050705305428939265,0.0
1.4924999999999997,0.01947787445225672,0.01947787445225672,0.0
