omega,S,S_edge,S_cont,Sr,Sr_edge,Sr_cont
-1.5175,0.0,0.0,0.0
-1.5124999999999993,0.0030316369107141502,0.0030316369107141502,0.0
-1.5075000000000003,0.008765043503515523,0.008765043503515523,0.0
-1.5024999999999995,0.01723163570494001,0.01723163570494001,0.0
-1.4975000000000005,0.055496234225663674,0.055496234225663674,0.0
-1.4924999999999997,0.1285539713848943,0.1285539713848943,0.0
-1.4875000000000007,0.26862187984519525,0.26862187984519525,0.0
-1.4825,0.43118359170519904,0.43118359170519904,0.0
-1.4774999999999991,0.5832995079920168,0.5832995079920168,0.0
-1.4725000000000001,0.6915116669449172,0.6915116669449172,0.0
-1.4674999999999994,0.8343598849036451,0.8343598849036451,0.0
-1.4625000000000004,0.9930103139099297,0.9930103139099297,0.0
-1.4574999999999996,1.0692567676125537,1.0692567676125537,0.0
-1.4525000000000006,1.114841277016142,1.114841277016142,0.0
-1.4474999999999998,1.2242786571039421,1.2242786571039421,0.0
-1.442499999999999,1.2715282106139327,1.2715282106139327,0.0
-1.4375,1.0769850855403846,1.0769850855403846,0.0
-1.4324999999999992,0.9012915163883756,0.9012915163883756,0.0
-1.4275000000000002,0.8104209488832909,0.8104209488832909,0.0
-1.4224999999999994,0.7442432996354218,0.7442432996354218,0.0
-1.4175000000000004,0.6908205165611274,0.6908205165611274,0.0
-1.4124999999999996,0.6508437500441974,0.6508437500441974,0.0
-1.4075000000000006,0.6203074694513045,0.6203074694513045,0.0
-1.4024999999999999,0.5932583567038965,0.5932583567038965,0.0
-1.397499999999999,0.5573028287835613,0.5573028287835613,0.0
-1.3925,0.5456003961489393,0.5456003961489393,0.0
-1.3874999999999993,0.5221641149531594,0.5221641149531594,0.0
-1.3825000000000003,0.5045083642399848,0.5045083642399848,0.0
-1.3774999999999995,0.48658557815125497,0.48658557815125497,0.0
-1.3725000000000005,0.4767523931455189,0.4767523931455189,0.0
-1.3674999999999997,0.4519181032188917,0.4519181032188917,0.0
-1.362499999999999,0.45914376632214815,0.45914376632214815,0.0
-1.3575,0.43165483060323756,0.43165483060323756,0.0
-1.3524999999999991,0.42469620287553617,0.42469620287553617,0.0
-1.3475000000000001,0.4214917783688746,0.4214917783688746,0.0
-1.3424999999999994,0.39957916961008566,0.39957916961008566,0.0
-1.3375000000000004,0.39840107236498956,0.39840107236498956,0.0
-1.3324999999999996,0.38793956882853553,0.38793956882853553,0.0
-1.3275000000000006,0.38068248979874314,0.38068248979874314,0.0
-1.3224999999999998,0.3741636850425443,0.3741636850425443,0.0
-1.317499999999999,0.36418912836739664,0.36418912836739664,0.0
-1.3125,0.36392209299184153,0.36392209299184153,0.0
-1.3074999999999992,0.34430284687017326,0.34430284687017326,0.0
-1.3025000000000002,0.3616915622077928,0.3616915622077928,0.0
-1.2974999999999994,0.3270397952386974,0.3270397952386974,0.0
-1.2925000000000004,0.3426692186903066,0.3426692186903066,0.0
-1.2874999999999996,0.33418691852561416,0.33418691852561416,0.0
-1.2825000000000006,0.3071220978149381,0.3071220978149381,0.0
-1.2774999999999999,0.3369829359873091,0.3369829359873091,0.0
-1.272499999999999,0.30828448709676637,0.30828448709676637,0.0
-1.2675,0.2983570543114226,0.2983570543114226,0.0
-1.2624999999999993,0.32993006048000006,0.32993006048000006,0.0
-1.2575000000000003,0.2813610380555018,0.2813610380555018,0.0
-1.2524999999999995,0.2962521872335175,0.2962521872335175,0.0
-1.2475000000000005,0.3116459912361075,0.3116459912361075,0.0
-1.2424999999999997,0.2658258623835003,0.2658258623835003,0.0
-1.237499999999999,0.29009466563248143,0.29009466563248143,0.0
-1.2325,0.2947285147965264,0.2947285147965264,0.0
-1.2274999999999991,0.25955838503958867,0.25955838503958867,0.0
-1.2225000000000001,0.2776853746508018,0.2776853746508018,0.0
-1.2174999999999994,0.27935041875720434,0.27935041875720434,0.0
-1.2125000000000004,0.25644820831253473,0.25644820831253473,0.0
-1.2074999999999996,0.2622444467584079,0.2622444467584079,0.0
-1.2025000000000006,0.2659829420161797,0.2659829420161797,0.0
-1.1974999999999998,0.25186148303829364,0.25186148303829364,0.0
-1.192499999999999,0.25409201382234237,0.25409201382234237,0.0
-1.1875,0.24878272223777564,0.24878272223777564,0.0
-1.1824999999999992,0.24678781090274612,0.24678781090274612,0.0
-1.1775000000000002,0.24842143908261283,0.24842143908261283,0.0
-1.1724999999999994,0.23877674963609222,0.23877674963609222,0.0
-1.1675000000000004,0.23340462619845367,0.23340462619845367,0.0
-1.1624999999999996,0.24553117384131026,0.24553117384131026,0.0
-1.1575000000000006,0.24268803248981147,0.24268803248981147,0.0
-1.1524999999999999,0.20096768205013896,0.20096768205013896,0.0
-1.147499999999999,0.24165130691412684,0.24165130691412684,0.0
-1.1425,0.24732188165385643,0.24732188165385643,0.0
-1.1374999999999993,0.19704069123315177,0.19704069123315177,0.0
-1.1325000000000003,0.21694268069364317,0.21694268069364317,0.0
-1.1274999999999995,0.2384154664809293,0.2384154664809293,0.0
-1.1225000000000005,0.21623582234658545,0.21623582234658545,0.0
-1.1174999999999997,0.1846314002514721,0.1846314002514721,0.0
-1.112499999999999,0.23123692726747663,0.23123692726747663,0.0
-1.1075,0.2236656889723253,0.2236656889723253,0.0
-1.1024999999999991,0.1877101610519901,0.1877101610519901,0.0
-1.0975000000000001,0.19105595722806326,0.19105595722806326,0.0
-1.0924999999999994,0.23065573262656258,0.23065573262656258,0.0
-1.0875000000000004,0.19881569108243,0.19881569108243,0.0
-1.0824999999999996,0.17677741861749763,0.17677741861749763,0.0
-1.0775000000000006,0.1949672400817825,0.1949672400817825,0.0
-1.0724999999999998,0.2280010868342792,0.2280010868342792,0.0
-1.067499999999999,0.1840973295003618,0.1840973295003618,0.0
-1.0625,0.16213759685176918,0.16213759685176918,0.0
-1.0574999999999992,0.18632786028441062,0.18632786028441062,0.0
-1.0525000000000002,0.23067144058983047,0.23067144058983047,0.0
-1.0474999999999994,0.18122277222232716,0.18122277222232716,0.0
-1.0425000000000004,0.14787476620447154,0.14787476620447154,0.0
-1.0374999999999996,0.17197078185750522,0.17197078185750522,0.0
-1.0325000000000006,0.21906325573481625,0.21906325573481625,0.0
-1.0274999999999999,0.19592542584112743,0.19592542584112743,0.0
-1.022499999999999,0.14418339483650353,0.14418339483650353,0.0
-1.0175,0.1540322878055075,0.1540322878055075,0.0
-1.0124999999999993,0.18665772751303752,0.18665772751303752,0.0
-1.0075000000000003,0.2139581676727328,0.2139581676727328,0.0
-1.0024999999999995,0.15998560588406016,0.15998560588406016,0.0
-0.9975000000000005,0.136973439696515,0.136973439696515,0.0
-0.9924999999999997,0.15993848199425634,0.15993848199425634,0.0
-0.9874999999999989,0.19553272675942868,0.19553272675942868,0.0
-0.9824999999999999,0.18257365706337078,0.18257365706337078,0.0
-0.9774999999999991,0.15120485441727674,0.15120485441727674,0.0
-0.9725000000000001,0.13282653739377642,0.13282653739377642,0.0
-0.9674999999999994,0.16601746377895257,0.16601746377895257,0.0
-0.9625000000000004,0.18926524941551703,0.18926524941551703,0.0
-0.9574999999999996,0.16356702150915256,0.16356702150915256,0.0
-0.9525000000000006,0.14793759805754333,0.14793759805754333,0.0
-0.9474999999999998,0.12398295407392118,0.12398295407392118,0.0
-0.942499999999999,0.1718922420411655,0.1718922420411655,0.0
-0.9375,0.17285042780051035,0.17285042780051035,0.0
-0.9324999999999992,0.15800640251229858,0.15800640251229858,0.0
-0.9275000000000002,0.14363361612212533,0.14363361612212533,0.0
-0.9224999999999994,0.1224592816369301,0.1224592816369301,0.0
-0.9175000000000004,0.16168206591699869,0.16168206591699869,0.0
-0.9124999999999996,0.15868184493282042,0.15868184493282042,0.0
-0.9075000000000006,0.1564670221120396,0.1564670221120396,0.0
-0.9024999999999999,0.14614689024499716,0.14614689024499716,0.0
-0.8974999999999991,0.12343317535954294,0.12343317535954294,0.0
-0.8925000000000001,0.14664954506957154,0.14664954506957154,0.0
-0.8874999999999993,0.14886436789035234,0.14886436789035234,0.0
-0.8825000000000003,0.14336658074657016,0.14336658074657016,0.0
-0.8774999999999995,0.14518870448565227,0.14518870448565227,0.0
-0.8725000000000005,0.14152874904422016,0.14152874904422016,0.0
-0.8674999999999997,0.13537122744318417,0.13537122744318417,0.0
-0.8624999999999989,0.1371776432189983,0.1371776432189983,0.0
-0.8574999999999999,0.1301247677116892,0.1301247677116892,0.0
-0.8524999999999991,0.13186835163443153,0.13186835163443153,0.0
-0.8475000000000001,0.14767056268198822,0.14767056268198822,0.0
-0.8424999999999994,0.1393296341867073,0.1393296341867073,0.0
-0.8375000000000004,0.14660242117976768,0.14660242117976768,0.0
-0.8324999999999996,0.11358428239053894,0.11358428239053894,0.0
-0.8275000000000006,0.11660021133798516,0.11660021133798516,0.0
-0.8224999999999998,0.12555375040071604,0.12555375040071604,0.0
-0.817499999999999,0.1445289700283984,0.1445289700283984,0.0
-0.8125,0.14672808488591127,0.14672808488591127,0.0
-0.8074999999999992,0.14661812914303562,0.14661812914303562,0.0
-0.8025000000000002,0.10521193796872214,0.10521193796872214,0.0
-0.7974999999999994,0.09781348726951818,0.09781348726951818,0.0
-0.7925000000000004,0.12085706938359932,0.12085706938359932,0.0
-0.7874999999999996,0.14496879299990098,0.14496879299990098,0.0
-0.7825000000000006,0.1378530856395201,0.1378530856395201,0.0
-0.7774999999999999,0.14658671321649974,0.14658671321649974,0.0
-0.7724999999999991,0.11451105222334793,0.11451105222334793,0.0
-0.7675000000000001,0.08315795754052181,0.08315795754052181,0.0
-0.7624999999999993,0.1092960084183889,0.1092960084183889,0.0
-0.7575000000000003,0.1332349444387431,0.1332349444387431,0.0
-0.7524999999999995,0.13200972330384309,0.13200972330384309,0.0
-0.7475000000000005,0.14631967784094457,0.14631967784094457,0.0
-0.7424999999999997,0.1194747686160198,0.1194747686160198,0.0
-0.7374999999999989,0.09401216015867453,0.09401216015867453,0.0
-0.7324999999999999,0.09525308925684252,0.09525308925684252,0.0
-0.7274999999999991,0.11573627335824797,0.11573627335824797,0.0
-0.7225000000000001,0.12530242298842886,0.12530242298842886,0.0
-0.7174999999999994,0.13507277614109314,0.13507277614109314,0.0
-0.7125000000000004,0.11828096340765568,0.11828096340765568,0.0
-0.7074999999999996,0.11383560980282613,0.11383560980282613,0.0
-0.7025000000000006,0.0959599476039002,0.0959599476039002,0.0
-0.6974999999999998,0.10004401805356693,0.10004401805356693,0.0
-0.692499999999999,0.10840065451211581,0.10840065451211581,0.0
-0.6875,0.12462698056790707,0.12462698056790707,0.0
-0.6824999999999992,0.12602498929875453,0.12602498929875453,0.0
-0.6775000000000002,0.09988693842088744,0.09988693842088744,0.0
-0.6724999999999994,0.10527476982179396,0.10527476982179396,0.0
-0.6675000000000004,0.1096572915735517,0.1096572915735517,0.0
-0.6624999999999996,0.09335242570142067,0.09335242570142067,0.0
-0.6575000000000006,0.10246304439683107,0.10246304439683107,0.0
-0.6524999999999999,0.12073140567745574,0.12073140567745574,0.0
-0.6474999999999991,0.12267919312268138,0.12267919312268138,0.0
-0.6425000000000001,0.09913295618402587,0.09913295618402587,0.0
-0.6374999999999993,0.09200154086037707,0.09200154086037707,0.0
-0.6325000000000003,0.10524335389525806,0.10524335389525806,0.0
-0.6274999999999995,0.08868716061083985,0.08868716061083985,0.0
-0.6225000000000005,0.09819047838794895,0.09819047838794895,0.0
-0.6174999999999997,0.11253184885158635,0.11253184885158635,0.0
-0.6124999999999989,0.12150109587758522,0.12150109587758522,0.0
-0.6074999999999999,0.10838494654884787,0.10838494654884787,0.0
-0.6024999999999991,0.09368229293004761,0.09368229293004761,0.0
-0.5975000000000001,0.09680817762036946,0.09680817762036946,0.0
-0.5924999999999994,0.07842986059686917,0.07842986059686917,0.0
-0.5875000000000004,0.07693760408641401,0.07693760408641401,0.0
-0.5824999999999996,0.10386105312767854,0.10386105312767854,0.0
-0.5775000000000006,0.11529645038674538,0.11529645038674538,0.0
-0.5724999999999998,0.12374733462490192,0.12374733462490192,0.0
-0.567499999999999,0.10335839830310416,0.10335839830310416,0.0
-0.5625,0.09635264668559894,0.09635264668559894,0.0
-0.5574999999999992,0.0902108330478309,0.0902108330478309,0.0
-0.5525000000000002,0.061716587679771485,0.061716587679771485,0.0
-0.5474999999999994,0.0703873834036793,0.0703873834036793,0.0
-0.5425000000000004,0.09160884177867834,0.09160884177867834,0.0
-0.5374999999999996,0.1129873797863569,0.1129873797863569,0.0
-0.5325000000000006,0.12026016677941724,0.12026016677941724,0.0
-0.5274999999999999,0.11441680444374026,0.11441680444374026,0.0
-0.5224999999999991,0.10051525695160542,0.10051525695160542,0.0
-0.5175000000000001,0.08666083334927442,0.08666083334927442,0.0
-0.5124999999999993,0.06336592382290611,0.06336592382290611,0.0
-0.5075000000000003,0.0546951280989983,0.0546951280989983,0.0
-0.5024999999999995,0.0750055246044563,0.0750055246044563,0.0
-0.4975000000000005,0.10053096491487337,0.10053096491487337,0.0
-0.4924999999999997,0.1060287520586555,0.1060287520586555,0.0
-0.48749999999999893,0.12228649404098267,0.12228649404098267,0.0
-0.48249999999999993,0.10992432694910682,0.10992432694910682,0.0
-0.47749999999999915,0.09077631972547705,0.09077631972547705,0.0
-0.47250000000000014,0.07912101098065892,0.07912101098065892,0.0
-0.46749999999999936,0.049197340955216155,0.049197340955216155,0.0
-0.46250000000000036,0.05907764985075604,0.05907764985075604,0.0
-0.4574999999999996,0.07134556916302419,0.07134556916302419,0.0
-0.45250000000000057,0.09421636368115786,0.09421636368115786,0.0
-0.4474999999999998,0.10477211499721956,0.10477211499721956,0.0
-0.442499999999999,0.11469954778256337,0.11469954778256337,0.0
-0.4375,0.10404954868689392,0.10404954868689392,0.0
-0.4324999999999992,0.09187587715423348,0.09187587715423348,0.0
-0.4275000000000002,0.07509977238406398,0.07509977238406398,0.0
-0.42249999999999943,0.05111371247390593,0.05111371247390593,0.0
-0.4175000000000004,0.05694136684631498,0.05694136684631498,0.0
-0.41249999999999964,0.06523517145179204,0.06523517145179204,0.0
-0.40750000000000064,0.08314224957725386,0.08314224957725386,0.0
-0.40249999999999986,0.09376083274638736,0.09376083274638736,0.0
-0.3974999999999991,0.11022277825119785,0.11022277825119785,0.0
-0.39250000000000007,0.09041503657031422,0.09041503657031422,0.0
-0.3874999999999993,0.09635264668559894,0.09635264668559894,0.0
-0.3825000000000003,0.08282809031189488,0.08282809031189488,0.0
-0.3774999999999995,0.06013008338970863,0.06013008338970863,0.0
-0.3725000000000005,0.057679641119908594,0.057679641119908594,0.0
-0.3674999999999997,0.057051322589190635,0.057051322589190635,0.0
-0.36249999999999893,0.06418273791283946,0.06418273791283946,0.0
-0.35749999999999993,0.0909805232479604,0.0909805232479604,0.0
-0.35249999999999915,0.09262985939109504,0.09262985939109504,0.0
-0.34750000000000014,0.08527853258169492,0.08527853258169492,0.0
-0.34249999999999936,0.07588517054746145,0.07588517054746145,0.0
-0.33750000000000036,0.08493295738980004,0.08493295738980004,0.0
-0.3324999999999996,0.09344667348102839,0.09344667348102839,0.0
-0.32750000000000057,0.061480968230752234,0.061480968230752234,0.0
-0.3224999999999998,0.05307720788239955,0.05307720788239955,0.0
-0.317499999999999,0.06157521601035993,0.06157521601035993,0.0
-0.3125,0.06895795874629593,0.06895795874629593,0.0
-0.3074999999999992,0.09198583289710913,0.09198583289710913,0.0
-0.3025000000000002,0.08472875386731671,0.08472875386731671,0.0
-0.29749999999999943,0.06902079059936775,0.06902079059936775,0.0
-0.2925000000000004,0.060915481553106075,0.060915481553106075,0.0
-0.28749999999999964,0.06891083485649209,0.06891083485649209,0.0
-0.28250000000000064,0.07989070118078843,0.07989070118078843,0.0
-0.27749999999999986,0.07874401986222813,0.07874401986222813,0.0
-0.2724999999999991,0.05412964142135211,0.05412964142135211,0.0
-0.26750000000000007,0.05741260574435346,0.05741260574435346,0.0
-0.2624999999999993,0.0788539756051038,0.0788539756051038,0.0
-0.2575000000000003,0.08530994850823083,0.08530994850823083,0.0
-0.2524999999999995,0.08766614299842315,0.08766614299842315,0.0
-0.2475000000000005,0.07926238265007046,0.07926238265007046,0.0
-0.24249999999999972,0.06542366701100742,0.06542366701100742,0.0
-0.23749999999999893,0.04396658918698915,0.04396658918698915,0.0
-0.23249999999999993,0.0454274297709084,0.0454274297709084,0.0
-0.22749999999999915,0.06953915338721006,0.06953915338721006,0.0
-0.22250000000000014,0.06741857834603696,0.06741857834603696,0.0
-0.21749999999999936,0.04922875688175205,0.04922875688175205,0.0
-0.21250000000000036,0.05510353514396497,0.05510353514396497,0.0
-0.20749999999999957,0.0765449050047153,0.0765449050047153,0.0
-0.20250000000000057,0.08898561191293086,0.08898561191293086,0.0
-0.1974999999999998,0.10907609693263762,0.10907609693263762,0.0
-0.192499999999999,0.08787034652090649,0.08787034652090649,0.0
-0.1875,0.0772831792783089,0.0772831792783089,0.0
-0.18249999999999922,0.0438566334441135,0.0438566334441135,0.0
-0.1775000000000002,0.029640926686619697,0.029640926686619697,0.0
-0.17249999999999943,0.046071456264894305,0.046071456264894305,0.0
-0.16750000000000043,0.04754800481208151,0.04754800481208151,0.0
-0.16249999999999964,0.038515925933010856,0.038515925933010856,0.0
-0.15750000000000064,0.04891459761639308,0.04891459761639308,0.0
-0.15249999999999986,0.0521033141597867,0.0521033141597867,0.0
-0.14749999999999908,0.06931924190145877,0.06931924190145877,0.0
-0.14250000000000007,0.09016370915802703,0.09016370915802703,0.0
-0.1374999999999993,0.10950021194087223,0.10950021194087223,0.0
-0.13250000000000028,0.12352742313915063,0.12352742313915063,0.0
-0.1274999999999995,0.084948665353068,0.084948665353068,0.0
-0.1225000000000005,0.04571017310973149,0.04571017310973149,0.0
-0.11749999999999972,0.032107076919687685,0.032107076919687685,0.0
-0.11249999999999893,0.03348937768726719,0.03348937768726719,0.0
-0.10749999999999993,0.03308097064230052,0.03308097064230052,0.0
-0.10249999999999915,0.02148849375055418,0.02148849375055418,0.0
-0.09750000000000014,0.025996679208455532,0.025996679208455532,0.0
-0.09249999999999936,0.03493451030791849,0.03493451030791849,0.0
-0.08750000000000036,0.05259026102109313,0.05259026102109313,0.0
-0.08249999999999957,0.07206813547334985,0.07206813547334985,0.0
-0.07750000000000057,0.10207034531513234,0.10207034531513234,0.0
-0.07249999999999979,0.1129873797863569,0.1129873797863569,0.0
-0.067499999999999,0.10995574287564272,0.10995574287564272,0.0
-0.0625,0.09017941712129499,0.09017941712129499,0.0
-0.05749999999999922,0.06631902091728052,0.06631902091728052,0.0
-0.05250000000000021,0.03656813848778519,0.03656813848778519,0.0
-0.04749999999999943,0.030143581511194062,0.030143581511194062,0.0
-0.042500000000000426,0.020624555770816986,0.020624555770816986,0.0
-0.037499999999999645,0.010869910581420682,0.010869910581420682,0.0
-0.03250000000000064,0.016446237541542563,0.016446237541542563,0.0
-0.027499999999999858,0.02301216618754523,0.02301216618754523,0.0
-0.022499999999999076,0.030991811527663296,0.030991811527663296,0.0
-0.01750000000000007,0.0537997741927252,0.0537997741927252,0.0
-0.01249999999999929,0.08779180670456677,0.08779180670456677,0.0
-0.007500000000000284,0.09041503657031422,0.09041503657031422,0.0
-0.0024999999999995026,0.11015994639812607,0.11015994639812607,0.0
0.0024999999999995026,0.11451105222334797,0.11451105222334797,0.0
0.007500000000000284,0.08051901971150638,0.08051901971150638,0.0
0.012500000000001066,0.05213473008632261,0.05213473008632261,0.0
0.01750000000000007,0.04784645611417254,0.04784645611417254,0.0
0.022500000000000853,0.037589156100201866,0.037589156100201866,0.0
0.027499999999999858,0.017828538309122073,0.017828538309122073,0.0
0.03250000000000064,0.007257079029792422,0.007257079029792422,0.0
0.037499999999999645,0.007539822368615503,0.007539822368615503,0.0
0.042500000000000426,0.016446237541542563,0.016446237541542563,0.0
0.04749999999999943,0.030771900041912017,0.030771900041912017,0.0
0.05250000000000021,0.046982518134435346,0.046982518134435346,0.0
0.057500000000000995,0.05965884449167018,0.05965884449167018,0.0
0.0625,0.06752853408891259,0.06752853408891259,0.0
0.06750000000000078,0.08515286887555133,0.08515286887555133,0.0
0.07249999999999979,0.10337410626637215,0.10337410626637215,0.0
0.07750000000000057,0.10329556645003238,0.10329556645003238,0.0
0.08249999999999957,0.08955109859057704,0.08955109859057704,0.0
0.08750000000000036,0.04845906668162256,0.04845906668162256,0.0
0.09249999999999936,0.03733782868791469,0.03733782868791469,0.0
0.09750000000000014,0.02838428962518378,0.02838428962518378,0.0
0.10250000000000092,0.02494424566950295,0.02494424566950295,0.0
0.10749999999999993,0.016273449945595122,0.016273449945595122,0.0
0.11250000000000071,0.016540485321150256,0.016540485321150256,0.0
0.11749999999999972,0.0158179190108246,0.0158179190108246,0.0
0.1225000000000005,0.01965066204820415,0.01965066204820415,0.0
0.1274999999999995,0.02517986511852219,0.02517986511852219,0.0
0.13250000000000028,0.03735353665118263,0.03735353665118263,0.0
0.13750000000000107,0.052260393792466206,0.052260393792466206,0.0
0.14250000000000007,0.07673340056393067,0.07673340056393067,0.0
0.14750000000000085,0.09229999216246812,0.09229999216246812,0.0
0.15249999999999986,0.0937451247831194,0.0937451247831194,0.0
0.15750000000000064,0.08117875416876025,0.08117875416876025,0.0
0.16249999999999964,0.06485818033336128,0.06485818033336128,0.0
0.16750000000000043,0.05739689778108552,0.05739689778108552,0.0
0.17249999999999943,0.03645818274490954,0.03645818274490954,0.0
0.1775000000000002,0.025949555318651688,0.025949555318651688,0.0
0.182500000000001,0.030520572629624838,0.030520572629624838,0.0
0.1875,0.02714336052701581,0.02714336052701581,0.0
0.19250000000000078,0.026279422547278615,0.026279422547278615,0.0
0.1974999999999998,0.02406459972649781,0.02406459972649781,0.0
0.20250000000000057,0.01919513111343363,0.01919513111343363,0.0
0.20749999999999957,0.016964600329384877,0.016964600329384877,0.0
0.21250000000000036,0.021221458374999048,0.021221458374999048,0.0
0.21749999999999936,0.02029468854219006,0.02029468854219006,0.0
0.22250000000000014,0.039065704647389066,0.039065704647389066,0.0
0.22750000000000092,0.067717029648128,0.067717029648128,0.0
0.23249999999999993,0.09600707149370406,0.09600707149370406,0.0
0.2375000000000007,0.09247277975841553,0.09247277975841553,0.0
0.24249999999999972,0.0658320740559741,0.0658320740559741,0.0
0.2475000000000005,0.05232322564553799,0.05232322564553799,0.0
0.2524999999999995,0.049542916147111024,0.049542916147111024,0.0
0.2575000000000003,0.03815464277784803,0.03815464277784803,0.0
0.26250000000000107,0.030724776152108172,0.030724776152108172,0.0
0.26750000000000007,0.033520793613803085,0.033520793613803085,0.0
0.27250000000000085,0.03275110341367359,0.03275110341367359,0.0
0.27749999999999986,0.03769911184307751,0.03769911184307751,0.0
0.28250000000000064,0.02935818334779661,0.02935818334779661,0.0
0.28749999999999964,0.024143139542837554,0.024143139542837554,0.0
0.2925000000000004,0.02763030738832222,0.02763030738832222,0.0
0.29749999999999943,0.03042632485001714,0.03042632485001714,0.0
0.3025000000000002,0.022886502481401637,0.022886502481401637,0.0
0.307500000000001,0.01955641426859646,0.01955641426859646,0.0
0.3125,0.01529955622298229,0.01529955622298229,0.0
0.3175000000000008,0.024708626220483716,0.024708626220483716,0.0
0.3224999999999998,0.045615925330123784,0.045615925330123784,0.0
0.32750000000000057,0.0477679162978328,0.0477679162978328,0.0
0.3324999999999996,0.06675884388878309,0.06675884388878309,0.0
0.33750000000000036,0.06476393255375357,0.06476393255375357,0.0
0.34249999999999936,0.06089977358983813,0.06089977358983813,0.0
0.34750000000000014,0.05538627848278806,0.05538627848278806,0.0
0.3525000000000009,0.04715530573038279,0.04715530573038279,0.0
0.35749999999999993,0.03762057202673776,0.03762057202673776,0.0
0.3625000000000007,0.03298672286269282,0.03298672286269282,0.0
0.3674999999999997,0.04208163359483528,0.04208163359483528,0.0
0.3725000000000005,0.04654269516293279,0.04654269516293279,0.0
0.3774999999999995,0.035280085499813374,0.035280085499813374,0.0
0.3825000000000003,0.03042632485001714,0.03042632485001714,0.0
0.38750000000000107,0.026986280894336318,0.026986280894336318,0.0
0.39250000000000007,0.02662499773917349,0.02662499773917349,0.0
0.39750000000000085,0.0204046442850657,0.0204046442850657,0.0
0.40249999999999986,0.021064378742319555,0.021064378742319555,0.0
0.40750000000000064,0.01840973295003618,0.01840973295003618,0.0
0.41249999999999964,0.015535175672001526,0.015535175672001526,0.0
0.4175000000000004,0.013854423602330985,0.013854423602330985,0.0
0.42249999999999943,0.016242034019059225,0.016242034019059225,0.0
0.4275000000000002,0.01410575101461817,0.01410575101461817,0.0
0.432500000000001,0.01921083907670158,0.01921083907670158,0.0
0.4375,0.030803315968447917,0.030803315968447917,0.0
0.4425000000000008,0.03895574890451343,0.03895574890451343,0.0
0.4474999999999998,0.039694023178107024,0.039694023178107024,0.0
0.45250000000000057,0.03518583772020568,0.03518583772020568,0.0
0.4574999999999996,0.04068362486398781,0.04068362486398781,0.0
0.46250000000000036,0.04073074875379166,0.04073074875379166,0.0
0.46749999999999936,0.05040685412684821,0.05040685412684821,0.0
0.47250000000000014,0.05527632273991239,0.05527632273991239,0.0
0.4775000000000009,0.06118251692866122,0.06118251692866122,0.0
0.48249999999999993,0.055401986446056,0.055401986446056,0.0
0.4875000000000007,0.04831769501221101,0.04831769501221101,0.0
0.4924999999999997,0.04029092578228909,0.04029092578228909,0.0
0.4975000000000005,0.031902873397204344,0.031902873397204344,0.0
0.5024999999999995,0.030112165584658162,0.030112165584658162,0.0
0.5075000000000003,0.0256353960532927,0.0256353960532927,0.0
0.5125000000000011,0.023184953783492668,0.023184953783492668,0.0
0.5175000000000001,0.02389181213055037,0.02389181213055037,0.0
0.5225000000000009,0.020828759293300327,0.020828759293300327,0.0
0.5274999999999999,0.012566370614359171,0.012566370614359171,0.0
0.5325000000000006,0.011875220230569417,0.011875220230569417,0.0
0.5374999999999996,0.00790110552377833,0.00790110552377833,0.0
0.5425000000000004,0.013697343969651493,0.013697343969651493,0.0
0.5474999999999994,0.012487830798019425,0.012487830798019425,0.0
0.5525000000000002,0.009047786842338604,0.009047786842338604,0.0
0.557500000000001,0.009063494805606552,0.009063494805606552,0.0
0.5625,0.012424998944947628,0.012424998944947628,0.0
0.5675000000000008,0.010838494654884784,0.010838494654884784,0.0
0.5724999999999998,0.009628981483252714,0.009628981483252714,0.0
0.5775000000000006,0.00865508776063988,0.00865508776063988,0.0
0.5824999999999996,0.009299114254625786,0.009299114254625786,0.0
0.5875000000000004,0.010854202618152734,0.010854202618152734,0.0
0.5924999999999994,0.0128648219164502,0.0128648219164502,0.0
0.5975000000000001,0.019493582415524662,0.019493582415524662,0.0
0.6025000000000009,0.022823670628329844,0.022823670628329844,0.0
0.6074999999999999,0.03042632485001714,0.03042632485001714,0.0
0.6125000000000007,0.03430619177720054,0.03430619177720054,0.0
0.6174999999999997,0.03221703266256332,0.03221703266256332,0.0
0.6225000000000005,0.04184601414581605,0.04184601414581605,0.0
0.6274999999999995,0.036206855332622356,0.036206855332622356,0.0
0.6325000000000003,0.04415508474620454,0.04415508474620454,0.0
0.6375000000000011,0.04461061568097505,0.04461061568097505,0.0
0.6425000000000001,0.046684066832344315,0.046684066832344315,0.0
0.6475000000000009,0.0340391564016454,0.0340391564016454,0.0
0.6524999999999999,0.04445353604829557,0.04445353604829557,0.0
0.6575000000000006,0.03970973114137498,0.03970973114137498,0.0
0.6624999999999996,0.03977256299444677,0.03977256299444677,0.0
0.6675000000000004,0.03584557217745953,0.03584557217745953,0.0
0.6724999999999994,0.029609510760083797,0.029609510760083797,0.0
0.6775000000000002,0.02664070570244144,0.02664070570244144,0.0
0.682500000000001,0.019446458525720814,0.019446458525720814,0.0
0.6875,0.01608495438637974,0.01608495438637974,0.0
0.6925000000000008,0.01823694535408875,0.01823694535408875,0.0
0.6974999999999998,0.01715309588860027,0.01715309588860027,0.0
0.7025000000000006,0.020074777056438776,0.020074777056438776,0.0
0.7074999999999996,0.011341149479459153,0.011341149479459153,0.0
0.7125000000000004,0.004728096943652638,0.004728096943652638,0.0
0.7174999999999994,0.004413937678293659,0.004413937678293659,0.0
0.7225000000000001,0.0030316369107141502,0.0030316369107141502,0.0
0.7275000000000009,0.001727875959474386,0.001727875959474386,0.0
0.7324999999999999,0.0017907078125461821,0.0017907078125461821,0.0
0.7375000000000007,0.002528982086139783,0.002528982086139783,0.0
0.7424999999999997,0.0036128315516282617,0.0036128315516282617,0.0
0.7475000000000005,0.0023876104167282427,0.0023876104167282427,0.0
0.7524999999999995,0.0025132741228718345,0.0025132741228718345,0.0
0.7575000000000003,0.0033300882128051807,0.0033300882128051807,0.0
0.7625000000000011,0.005969026041820606,0.005969026041820606,0.0
0.7675000000000001,0.008984954989266809,0.008984954989266809,0.0
0.7725000000000009,0.010540043352793755,0.010540043352793755,0.0
0.7774999999999999,0.009786061115932203,0.009786061115932203,0.0
0.7825000000000006,0.0090792027688745,0.0090792027688745,0.0
0.7874999999999996,0.00849800812796039,0.00849800812796039,0.0
0.7925000000000004,0.008576547944300135,0.008576547944300135,0.0
0.7974999999999994,0.008309512568745002,0.008309512568745002,0.0
0.8025000000000002,0.009738937226128357,0.009738937226128357,0.0
0.807500000000001,0.010382963720114265,0.010382963720114265,0.0
0.8125,0.012613494504163018,0.012613494504163018,0.0
0.8175000000000008,0.013665928043115602,0.013665928043115602,0.0
0.8224999999999998,0.021928316722056754,0.021928316722056754,0.0
0.8275000000000006,0.028698448890542752,0.028698448890542752,0.0
0.8324999999999996,0.031148891160342796,0.031148891160342796,0.0
0.8375000000000004,0.03771481980634546,0.03771481980634546,0.0
0.8424999999999994,0.03716504109196725,0.03716504109196725,0.0
0.8475000000000001,0.02830574980884403,0.02830574980884403,0.0
0.8525000000000009,0.023310617489636257,0.023310617489636257,0.0
0.8574999999999999,0.02408030768976576,0.02408030768976576,0.0
0.8625000000000007,0.021205750411731096,0.021205750411731096,0.0
0.8674999999999997,0.02015331687277852,0.02015331687277852,0.0
0.8725000000000005,0.019289378893041328,0.019289378893041328,0.0
0.8774999999999995,0.023357741379440106,0.023357741379440106,0.0
0.8825000000000003,0.02166128134650162,0.02166128134650162,0.0
0.8875000000000011,0.01606924642311179,0.01606924642311179,0.0
0.8925000000000001,0.019289378893041328,0.019289378893041328,0.0
0.8975000000000009,0.01608495438637974,0.01608495438637974,0.0
0.9024999999999999,0.016870352549777187,0.016870352549777187,0.0
0.9075000000000006,0.014498450096316891,0.014498450096316891,0.0
0.9124999999999996,0.007476990515543707,0.007476990515543707,0.0
0.9175000000000004,0.005639158813193677,0.005639158813193677,0.0
0.9224999999999994,0.00590619418874881,0.00590619418874881,0.0
0.9275000000000002,0.002921681167838507,0.002921681167838507,0.0
0.932500000000001,0.0035028758087526195,0.0035028758087526195,0.0
0.9375,0.004209734155810322,0.004209734155810322,0.0
0.9425000000000008,0.0053878314009064955,0.0053878314009064955,0.0
0.9474999999999998,0.0032201324699295377,0.0032201324699295377,0.0
0.9525000000000006,0.0007853981633974482,0.0007853981633974482,0.0
0.9574999999999996,0.0015079644737231006,0.0015079644737231006,0.0
0.9625000000000004,0.002167698930976957,0.002167698930976957,0.0
0.9674999999999994,0.0033929200658769764,0.0033929200658769764,0.0
0.9725000000000001,0.00758694625841935,0.00758694625841935,0.0
0.9775000000000009,0.007084291433844983,0.007084291433844983,0.0
0.9824999999999999,0.008388052385084747,0.008388052385084747,0.0
0.9875000000000007,0.010335839830310419,0.010335839830310419,0.0
0.9924999999999997,0.007853981633974482,0.007853981633974482,0.0
0.9975000000000005,0.005497787143782138,0.005497787143782138,0.0
1.0024999999999995,0.003047344873982099,0.003047344873982099,0.0
1.0075000000000003,0.0026546457922833754,0.0026546457922833754,0.0
