omega,S,S_edge,S_cont,Sr,Sr_edge,Sr_cont
-0.007500000000000284,0.0,0.0,0.0
-0.0024999999999995026,1.4294246573824705,1.4294246573824705,0.0
0.0024999999999995026,10.005972601683057,10.005972601683057,0.0
0.007500000000000284,11.435397259066931,11.435397259066931,0.0
0.012500000000001066,11.435397259067297,11.435397259067297,0.0
0.01750000000000007,11.415042251945687,11.415042251945687,0.0
0.022500000000000853,10.85510802515532,10.85510802515532,0.0
0.027499999999999858,11.06088799883222,11.06088799883222,0.0
0.03250000000000064,11.164149636081598,11.164149636081598,0.0
0.037499999999999645,11.19302401416075,11.19302401416075,0.0
0.042500000000000426,11.121038188414927,11.121038188414927,0.0
0.04749999999999943,11.178072232244523,11.178072232244523,0.0
0.05250000000000021,11.226701259088701,11.226701259088701,0.0
0.057500000000000995,11.191508824023924,11.191508824023924,0.0
0.0625,11.074124471159607,11.074124471159607,0.0
0.06750000000000078,11.121238307866962,11.121238307866962,0.0
0.07249999999999979,11.167237193341556,11.167237193341556,0.0
0.07750000000000057,11.146767832247829,11.146767832247829,0.0
0.08249999999999957,11.14733960211078,11.14733960211078,0.0
0.08750000000000036,11.184876293613666,11.184876293613666,0.0
0.09249999999999936,11.203230106214468,11.203230106214468,0.0
0.09750000000000014,11.121209719373812,11.121209719373812,0.0
0.10250000000000092,11.105085809238531,11.105085809238531,0.0
0.10749999999999993,11.151427756630898,11.151427756630898,0.0
0.11250000000000071,11.159289592246504,11.159289592246504,0.0
0.11749999999999972,11.143766040467321,11.143766040467321,0.0
0.1225000000000005,11.148283022384653,11.148283022384653,0.0
0.1274999999999995,4.8699068652392885,4.8699068652392885,0.0
0.13250000000000028,0.0,0.0,0.0
0.13750000000000107,0.0,0.0,0.0
0.14250000000000007,0.0,0.0,0.0
0.14750000000000085,0.0,0.0,0.0
0.15249999999999986,0.0,0.0,0.0
0.15750000000000064,0.0,0.0,0.0
0.16249999999999964,0.0,0.0,0.0
0.16750000000000043,0.0,0.0,0.0
0.17249999999999943,0.0,0.0,0.0
0.1775000000000002,0.0,0.0,0.0
0.182500000000001,0.0,0.0,0.0
0.1875,0.0,0.0,0.0
0.19250000000000078,0.0,0.0,0.0
0.1974999999999998,0.0,0.0,0.0
0.20250000000000057,0.0,0.0,0.0
0.20749999999999957,0.0,0.0,0.0
0.21250000000000036,0.0,0.0,0.0
0.21749999999999936,0.0,0.0,0.0
0.22250000000000014,0.0,0.0,0.0
0.22750000000000092,0.0,0.0,0.0
0.23249999999999993,0.0,0.0,0.0
0.2375000000000007,0.0,0.0,0.0
0.24249999999999972,0.0,0.0,0.0
0.2475000000000005,0.0,0.0,0.0
0.2524999999999995,0.0,0.0,0.0
0.2575000000000003,0.0,0.0,0.0
0.26250000000000107,0.0,0.0,0.0
0.26750000000000007,0.0,0.0,0.0
0.27250000000000085,0.0,0.0,0.0
0.27749999999999986,0.0,0.0,0.0
0.28250000000000064,0.0,0.0,0.0
0.28749999999999964,0.0,0.0,0.0
0.2925000000000004,0.0,0.0,0.0
0.29749999999999943,0.0,0.0,0.0
0.3025000000000002,0.0,0.0,0.0
0.307500000000001,0.0,0.0,0.0
0.3125,0.0,0.0,0.0
0.3175000000000008,0.0,0.0,0.0
0.3224999999999998,0.0,0.0,0.0
0.32750000000000057,0.0,0.0,0.0
0.3324999999999996,0.0,0.0,0.0
0.33750000000000036,0.0,0.0,0.0
0.34249999999999936,0.0,0.0,0.0
0.34750000000000014,0.0,0.0,0.0
0.3525000000000009,0.0,0.0,0.0
0.35749999999999993,0.0,0.0,0.0
0.3625000000000007,0.0,0.0,0.0
0.3674999999999997,0.0,0.0,0.0
0.3725000000000005,0.0,0.0,0.0
0.3774999999999995,0.0,0.0,0.0
0.3825000000000003,0.0,0.0,0.0
0.38750000000000107,0.0,0.0,0.0
0.39250000000000007,0.0,0.0,0.0
0.39750000000000085,0.0,0.0,0.0
0.40249999999999986,0.0,0.0,0.0
0.40750000000000064,0.0,0.0,0.0
0.41249999999999964,0.0,0.0,0.0
0.4175000000000004,0.0,0.0,0.0
0.42249999999999943,0.0,0.0,0.0
0.4275000000000002,0.0,0.0,0.0
0.432500000000001,0.0,0.0,0.0
0.4375,0.0,0.0,0.0
0.4425000000000008,0.0,0.0,0.0
0.4474999999999998,0.0,0.0,0.0
0.45250000000000057,0.0,0.0,0.0
0.4574999999999996,0.0,0.0,0.0
0.46250000000000036,0.0,0.0,0.0
0.46749999999999936,0.0,0.0,0.0
0.47250000000000014,0.0,0.0,0.0
0.4775000000000009,0.0,0.0,0.0
0.48249999999999993,0.0,0.0,0.0
0.4875000000000007,0.0,0.0,0.0
0.4924999999999997,0.0,0.0,0.0
0.4975000000000005,0.0,0.0,0.0
0.5024999999999995,0.0,0.0,0.0
0.5075000000000003,0.0,0.0,0.0
0.5125000000000011,0.0,0.0,0.0
0.5175000000000001,0.0,0.0,0.0
0.5225000000000009,0.0,0.0,0.0
0.5274999999999999,0.0,0.0,0.0
0.5325000000000006,0.0,0.0,0.0
0.5374999999999996,0.0,0.0,0.0
0.5425000000000004,0.0,0.0,0.0
0.5474999999999994,0.0,0.0,0.0
0.5525000000000002,0.0,0.0,0.0
0.557500000000001,0.0,0.0,0.0
0.5625,0.0,0.0,0.0
0.5675000000000008,0.0,0.0,0.0
0.5724999999999998,0.0,0.0,0.0
0.5775000000000006,0.0,0.0,0.0
0.5824999999999996,0.0,0.0,0.0
0.5875000000000004,0.0,0.0,0.0
0.5924999999999994,0.0,0.0,0.0
0.5975000000000001,0.0,0.0,0.0
0.6025000000000009,0.0,0.0,0.0
0.6074999999999999,0.0,0.0,0.0
0.6125000000000007,0.0,0.0,0.0
0.6174999999999997,0.0,0.0,0.0
0.6225000000000005,0.0,0.0,0.0
0.6274999999999995,0.0,0.0,0.0
0.6325000000000003,0.0,0.0,0.0
0.6375000000000011,0.0,0.0,0.0
0.6425000000000001,0.0,0.0,0.0
0.6475000000000009,0.0,0.0,0.0
0.6524999999999999,0.0,0.0,0.0
0.6575000000000006,0.0,0.0,0.0
0.6624999999999996,0.0,0.0,0.0
0.6675000000000004,0.0,0.0,0.0
0.6724999999999994,0.0,0.0,0.0
0.6775000000000002,0.0,0.0,0.0
0.682500000000001,0.0,0.0,0.0
0.6875,0.0,0.0,0.0
0.6925000000000008,0.0,0.0,0.0
0.6974999999999998,0.0,0.0,0.0
0.7025000000000006,0.0,0.0,0.0
0.7074999999999996,0.0,0.0,0.0
0.7125000000000004,0.0,0.0,0.0
0.7174999999999994,0.0,0.0,0.0
0.7225000000000001,0.0,0.0,0.0
0.7275000000000009,0.0,0.0,0.0
0.7324999999999999,0.0,0.0,0.0
0.7375000000000007,0.0,0.0,0.0
0.7424999999999997,0.0,0.0,0.0
0.7475000000000005,0.0,0.0,0.0
0.7524999999999995,0.0,0.0,0.0
0.7575000000000003,0.0,0.0,0.0
0.7625000000000011,0.0,0.0,0.0
0.7675000000000001,0.0,0.0,0.0
0.7725000000000009,0.0,0.0,0.0
0.7774999999999999,0.0,0.0,0.0
0.7825000000000006,0.0,0.0,0.0
0.7874999999999996,0.0,0.0,0.0
0.7925000000000004,0.0,0.0,0.0
0.7974999999999994,0.0,0.0,0.0
0.8025000000000002,0.0,0.0,0.0
0.807500000000001,0.0,0.0,0.0
0.8125,0.0,0.0,0.0
0.8175000000000008,0.0,0.0,0.0
0.8224999999999998,0.0,0.0,0.0
0.8275000000000006,0.0,0.0,0.0
0.8324999999999996,0.0,0.0,0.0
0.8375000000000004,0.0,0.0,0.0
0.8424999999999994,0.0,0.0,0.0
0.8475000000000001,0.0,0.0,0.0
0.8525000000000009,0.0,0.0,0.0
0.8574999999999999,0.0,0.0,0.0
0.8625000000000007,0.0,0.0,0.0
0.8674999999999997,0.0,0.0,0.0
0.8725000000000005,0.0,0.0,0.0
0.8774999999999995,0.0,0.0,0.0
0.8825000000000003,0.0,0.0,0.0
0.8875000000000011,0.0,0.0,0.0
0.8925000000000001,0.0,0.0,0.0
0.8975000000000009,0.0,0.0,0.0
0.9024999999999999,0.0,0.0,0.0
0.9075000000000006,0.0,0.0,0.0
0.9124999999999996,0.0,0.0,0.0
0.9175000000000004,0.0,0.0,0.0
0.9224999999999994,0.0,0.0,0.0
0.9275000000000002,0.0,0.0,0.0
0.932500000000001,0.0,0.0,0.0
0.9375,0.0,0.0,0.0
0.9425000000000008,0.0,0.0,0.0
0.9474999999999998,0.0,0.0,0.0
0.9525000000000006,0.0,0.0,0.0
0.9574999999999996,0.0,0.0,0.0
0.9625000000000004,0.0,0.0,0.0
0.9674999999999994,0.0,0.0,0.0
0.9725000000000001,0.0,0.0,0.0
0.9775000000000009,0.0,0.0,0.0
0.9824999999999999,0.0,0.0,0.0
0.9875000000000007,0.0,0.0,0.0
0.9924999999999997,0.0,0.0,0.0
0.9975000000000005,0.0,0.0,0.0
1.0024999999999995,0.0,0.0,0.0
1.0075000000000003,0.0,0.0,0.0
1.012500000000001,0.0,0.0,0.0
1.0175,0.0,0.0,0.0
1.0225000000000009,0.0,0.0,0.0
1.0274999999999999,0.0,0.0,0.0
1.0325000000000006,0.0,0.0,0.0
1.0374999999999996,0.0,0.0,0.0
1.0425000000000004,0.0,0.0,0.0
1.0474999999999994,0.0,0.0,0.0
1.0525000000000002,0.0,0.0,0.0
1.057500000000001,0.0,0.0,0.0
1.0625,0.0,0.0,0.0
1.0675000000000008,0.0,0.0,0.0
1.0724999999999998,0.0,0.0,0.0
1.0775000000000006,0.0,0.0,0.0
1.0824999999999996,0.0,0.0,0.0
1.0875000000000004,0.0,0.0,0.0
1.0924999999999994,0.0,0.0,0.0
1.0975000000000001,0.0,0.0,0.0
1.102500000000001,0.0,0.0,0.0
1.1075,0.0,0.0,0.0
1.1125000000000007,0.0,0.0,0.0
1.1174999999999997,0.0,0.0,0.0
1.1225000000000005,0.0,0.0,0.0
1.1274999999999995,0.06386669369188834,0.06386669369188834,0.0
1.1325000000000003,0.07515914848521685,0.07515914848521685,0.0
1.137500000000001,0.07398702026616248,0.07398702026616248,0.0
1.1425,0.07430149369078684,0.07430149369078684,0.0
1.1475000000000009,0.07438725917022983,0.07438725917022983,0.0
1.1524999999999999,0.07007039670493209,0.07007039670493209,0.0
1.1575000000000006,0.06924133040364976,0.06924133040364976,0.0
1.1624999999999996,0.0726719495813698,0.0726719495813698,0.0
1.1675000000000004,0.07661716163574786,0.07661716163574786,0.0
1.1724999999999994,0.0786755331423799,0.0786755331423799,0.0
1.1775000000000002,0.07332948492376615,0.07332948492376615,0.0
1.182500000000001,0.0676403747873804,0.0676403747873804,0.0
1.1875,0.06866956054069641,0.06866956054069641,0.0
1.1925000000000008,0.07407278574560551,0.07407278574560551,0.0
1.1974999999999998,0.0719858257458258,0.0719858257458258,0.0
1.2025000000000006,0.07867553314237992,0.07867553314237992,0.0
1.2074999999999996,0.0745873786222635,0.0745873786222635,0.0
1.2125000000000004,0.07012757369122744,0.07012757369122744,0.0
1.2174999999999994,0.07427290519763917,0.07427290519763917,0.0
1.2225000000000001,0.047085248214207745,0.047085248214207745,0.0
