omega,S,S_edge,S_cont,Sr,Sr_edge,Sr_cont
-1.0274999999999999,0.0,0.0,0.0
-1.022499999999999,0.268772047974037,0.268772047974037,0.0
-1.0175,3.5436411150255744,3.5436411150255744,0.0
-1.0124999999999993,9.266124390170303,9.266124390170303,0.0
-1.0075000000000003,6.489569723282966,6.489569723282966,0.0
-1.0024999999999995,4.58220138081989,4.58220138081989,0.0
-0.9975000000000005,3.7974183412640317,3.7974183412640317,0.0
-0.9924999999999997,3.3692418820468575,3.3692418820468575,0.0
-0.9874999999999989,3.0010987451656606,3.0010987451656606,0.0
-0.9824999999999999,2.7562103411812777,2.7562103411812777,0.0
-0.9774999999999991,2.596535752969925,2.596535752969925,0.0
-0.9725000000000001,2.485628107520245,2.485628107520245,0.0
-0.9674999999999994,2.3374360404577605,2.3374360404577605,0.0
-0.9625000000000004,2.1398826413035437,2.1398826413035437,0.0
-0.9574999999999996,2.1985380611016567,2.1985380611016567,0.0
-0.9525000000000006,1.9878810789893164,1.9878810789893164,0.0
-0.9474999999999998,1.9984990338399196,1.9984990338399196,0.0
-0.942499999999999,1.8844573355590175,1.8844573355590175,0.0
-0.9375,1.9058013160475065,1.9058013160475065,0.0
-0.9324999999999992,1.736292286193354,1.736292286193354,0.0
-0.9275000000000002,1.7576362666818435,1.7576362666818435,0.0
-0.9224999999999994,1.8169671289004787,1.8169671289004787,0.0
-0.9175000000000004,1.6292751890858794,1.6292751890858794,0.0
-0.9124999999999996,1.578346830578535,1.578346830578535,0.0
-0.9075000000000006,1.57383487520945,1.57383487520945,0.0
-0.9024999999999999,1.688173768155381,1.688173768155381,0.0
-0.8974999999999991,1.6023925807491113,1.6023925807491113,0.0
-0.8925000000000001,1.5045615005607331,1.5045615005607331,0.0
-0.8874999999999993,1.4539303367184184,1.4539303367184184,0.0
-0.8825000000000003,1.4524173456964498,1.4524173456964498,0.0
-0.8774999999999995,1.457226495730565,1.457226495730565,0.0
-0.8725000000000005,1.4525254164837331,1.4525254164837331,0.0
-0.8674999999999997,1.4239947286408923,1.4239947286408923,0.0
-0.8624999999999989,1.4077030574579061,1.4077030574579061,0.0
-0.8574999999999999,1.3981658104801382,1.3981658104801382,0.0
-0.8524999999999991,1.3781456971358719,1.3781456971358719,0.0
-0.8475000000000001,1.3576122475520092,1.3576122475520092,0.0
-0.8424999999999994,1.3394023198947411,1.3394023198947411,0.0
-0.8375000000000004,1.3252720644574247,1.3252720644574247,0.0
-0.8324999999999996,1.3090074109712597,1.3090074109712597,0.0
-0.8275000000000006,1.3004157833822223,1.3004157833822223,0.0
-0.8224999999999998,1.2856100855243844,1.2856100855243844,0.0
-0.817499999999999,1.2696966620968906,1.2696966620968906,0.0
-0.8125,1.2383291160878578,1.2383291160878578,0.0
-0.8074999999999992,1.2348438331979654,1.2348438331979654,0.0
-0.8025000000000002,1.2128784456825965,1.2128784456825965,0.0
-0.7974999999999994,1.2143644190077443,1.2143644190077443,0.0
-0.7925000000000004,1.2435165138774655,1.2435165138774655,0.0
-0.7874999999999996,1.2326283820586539,1.2326283820586539,0.0
-0.7825000000000006,1.2052864728759314,1.2052864728759314,0.0
-0.7774999999999999,1.1583837511948971,1.1583837511948971,0.0
-0.7724999999999991,1.135932045136752,1.135932045136752,0.0
-0.7675000000000001,1.162436405718028,1.162436405718028,0.0
-0.7624999999999993,1.1834561738446667,1.1834561738446667,0.0
-0.7575000000000003,1.1271242759731477,1.1271242759731477,0.0
-0.7524999999999995,1.1394173280266446,1.1394173280266446,0.0
-0.7475000000000005,1.1166143919098286,1.1166143919098286,0.0
-0.7424999999999997,1.0860033414117805,1.0860033414117805,0.0
-0.7374999999999989,1.1341488771465746,1.1341488771465746,0.0
-0.7324999999999999,1.1413896198945683,1.1413896198945683,0.0
-0.7274999999999991,1.0563649279992837,1.0563649279992837,0.0
-0.7225000000000001,1.0391816728212087,1.0391816728212087,0.0
-0.7174999999999994,1.06833376769093,1.06833376769093,0.0
-0.7125000000000004,1.0801405012016512,1.0801405012016512,0.0
-0.7074999999999996,1.1168845688780376,1.1168845688780376,0.0
-0.7025000000000006,1.0186752409341668,1.0186752409341668,0.0
-0.6974999999999998,0.9833901288861077,0.9833901288861077,0.0
-0.692499999999999,1.0004382955800777,1.0004382955800777,0.0
-0.6875,1.1189919492300655,1.1189919492300655,0.0
-0.6824999999999992,1.0411269469923115,1.0411269469923115,0.0
-0.6775000000000002,0.9005538704333133,0.9005538704333133,0.0
-0.6724999999999994,0.956021202006564,0.956021202006564,0.0
-0.6675000000000004,1.1149392947069345,1.1149392947069345,0.0
-0.6624999999999996,0.9935487828907555,0.9935487828907555,0.0
-0.6575000000000006,0.844762326498212,0.844762326498212,0.0
-0.6524999999999999,0.9776893948569035,0.9776893948569035,0.0
-0.6474999999999991,1.0974858625606512,1.0974858625606512,0.0
-0.6425000000000001,0.8671599971627151,0.8671599971627151,0.0
-0.6374999999999993,0.8621076878572121,0.8621076878572121,0.0
-0.6325000000000003,1.07484503262476,1.07484503262476,0.0
-0.6274999999999995,0.8988247378367774,0.8988247378367774,0.0
-0.6225000000000005,0.8293892570071357,0.8293892570071357,0.0
-0.6174999999999997,1.00081654333557,1.00081654333557,0.0
-0.6124999999999989,0.9016075606093275,0.9016075606093275,0.0
-0.6074999999999999,0.8282004783470176,0.8282004783470176,0.0
-0.6024999999999991,0.9702865459279845,0.9702865459279845,0.0
-0.5975000000000001,0.8708614216271747,0.8708614216271747,0.0
-0.5924999999999994,0.8191495499120254,0.8191495499120254,0.0
-0.5875000000000004,0.9577233169062789,0.9577233169062789,0.0
-0.5824999999999996,0.8045870113255752,0.8045870113255752,0.0
-0.5775000000000006,0.8497065650164318,0.8497065650164318,0.0
-0.5724999999999998,0.921708727044056,0.921708727044056,0.0
-0.567499999999999,0.7622232627104475,0.7622232627104475,0.0
-0.5625,0.8986626316558521,0.8986626316558521,0.0
-0.5574999999999992,0.7731384122260798,0.7731384122260798,0.0
-0.5525000000000002,0.8173663819218477,0.8173663819218477,0.0
-0.5474999999999994,0.9037419586581762,0.9037419586581762,0.0
-0.5425000000000004,0.6890863574163464,0.6890863574163464,0.0
-0.5374999999999996,0.8996622864382245,0.8996622864382245,0.0
-0.5325000000000006,0.7182114345892466,0.7182114345892466,0.0
-0.5274999999999999,0.8179877889487277,0.8179877889487277,0.0
-0.5224999999999991,0.8250934432126169,0.8250934432126169,0.0
-0.5175000000000001,0.6799813935877123,0.6799813935877123,0.0
-0.5124999999999993,0.8791558545511824,0.8791558545511824,0.0
-0.5075000000000003,0.609627311066161,0.609627311066161,0.0
-0.5024999999999995,0.8642150682092399,0.8642150682092399,0.0
-0.4975000000000005,0.6510454402925582,0.6510454402925582,0.0
-0.4924999999999997,0.8181498951296529,0.8181498951296529,0.0
-0.48749999999999893,0.70437837381696,0.70437837381696,0.0
-0.48249999999999993,0.737366981635245,0.737366981635245,0.0
-0.47749999999999915,0.7485793258159069,0.7485793258159069,0.0
-0.47250000000000014,0.6430752197304008,0.6430752197304008,0.0
-0.46749999999999936,0.7886735878980816,0.7886735878980816,0.0
-0.46250000000000036,0.5812587294042451,0.5812587294042451,0.0
-0.4574999999999996,0.813313727398717,0.813313727398717,0.0
-0.45250000000000057,0.5363282995911348,0.5363282995911348,0.0
-0.4474999999999998,0.8253636201808259,0.8253636201808259,0.0
-0.442499999999999,0.4970175507167656,0.4970175507167656,0.0
-0.4375,0.8368461413296965,0.8368461413296965,0.0
-0.4324999999999992,0.4586794389279478,0.4586794389279478,0.0
-0.4275000000000002,0.8439247778967651,0.8439247778967651,0.0
-0.42249999999999943,0.4326884145862688,0.4326884145862688,0.0
-0.4175000000000004,0.8301997879117619,0.8301997879117619,0.0
-0.41249999999999964,0.4350929896033263,0.4350929896033263,0.0
-0.40750000000000064,0.7710580495708725,0.7710580495708725,0.0
-0.40249999999999986,0.5173618764228823,0.5173618764228823,0.0
-0.3974999999999991,0.6164357706650209,0.6164357706650209,0.0
-0.39250000000000007,0.6828993048443667,0.6828993048443667,0.0
-0.3874999999999993,0.40459000989256155,0.40459000989256155,0.0
-0.3825000000000003,0.8526514939699069,0.8526514939699069,0.0
-0.3774999999999995,0.27687735702029853,0.27687735702029853,0.0
-0.3725000000000005,0.8420065214224831,0.8420065214224831,0.0
-0.3674999999999997,0.3636311815121194,0.3636311815121194,0.0
-0.36249999999999893,0.6104108242739664,0.6104108242739664,0.0
-0.35749999999999993,0.68827582651172,0.68827582651172,0.0
-0.35249999999999915,0.2990859038070556,0.2990859038070556,0.0
-0.34750000000000014,0.8520571046398476,0.8520571046398476,0.0
-0.34249999999999936,0.26455728726998073,0.26455728726998073,0.0
-0.33750000000000036,0.6322951586988729,0.6322951586988729,0.0
-0.3324999999999996,0.6333488488748867,0.6333488488748867,0.0
-0.32750000000000057,0.2860363562425743,0.2860363562425743,0.0
-0.3224999999999998,0.7897002603772746,0.7897002603772746,0.0
-0.317499999999999,0.32399622027589975,0.32399622027589975,0.0
-0.3125,0.4632724473874961,0.4632724473874961,0.0
-0.3074999999999992,0.7002716839001873,0.7002716839001873,0.0
-0.3025000000000002,0.26866397718675333,0.26866397718675333,0.0
-0.29749999999999943,0.6007655065089149,0.6007655065089149,0.0
-0.2925000000000004,0.5499722364856753,0.5499722364856753,0.0
-0.28749999999999964,0.28192966632580163,0.28192966632580163,0.0
-0.28250000000000064,0.6350239460777809,0.6350239460777809,0.0
-0.27749999999999986,0.46351560665888397,0.46351560665888397,0.0
-0.2724999999999991,0.29527640855531256,0.29527640855531256,0.0
-0.26750000000000007,0.610708018938996,0.610708018938996,0.0
-0.2624999999999993,0.44671059923630146,0.44671059923630146,0.0
-0.2575000000000003,0.2938444706238063,0.2938444706238063,0.0
-0.2524999999999995,0.576017296220996,0.576017296220996,0.0
-0.2475000000000005,0.44457620118745256,0.44457620118745256,0.0
-0.24249999999999972,0.2742836581254948,0.2742836581254948,0.0
-0.23749999999999893,0.5330591582758092,0.5330591582758092,0.0
-0.23249999999999993,0.4730528536366519,0.4730528536366519,0.0
-0.22749999999999915,0.26363868557807113,0.26363868557807113,0.0
-0.22250000000000014,0.4657310577981955,0.4657310577981955,0.0
-0.21749999999999936,0.5131471157188262,0.5131471157188262,0.0
-0.21250000000000036,0.30024766477035303,0.30024766477035303,0.0
-0.20749999999999957,0.3540128814438888,0.3540128814438888,0.0
-0.20250000000000057,0.511931319361887,0.511931319361887,0.0
-0.1974999999999998,0.3920537985676769,0.3920537985676769,0.0
-0.192499999999999,0.22232862713895749,0.22232862713895749,0.0
-0.1875,0.45538327991580146,0.45538327991580146,0.0
-0.18249999999999922,0.4903441796020101,0.4903441796020101,0.0
-0.1775000000000002,0.2760668261156724,0.2760668261156724,0.0
-0.17249999999999943,0.27517524212058364,0.27517524212058364,0.0
-0.16750000000000043,0.5169295932737483,0.5169295932737483,0.0
-0.16249999999999964,0.4132626905720615,0.4132626905720615,0.0
-0.15750000000000064,0.1827477012963797,0.1827477012963797,0.0
-0.15249999999999986,0.33461417512650254,0.33461417512650254,0.0
-0.14749999999999908,0.5712351638837015,0.5712351638837015,0.0
-0.14250000000000007,0.32826501637359756,0.32826501637359756,0.0
-0.1374999999999993,0.12484877700925048,0.12484877700925048,0.0
-0.13250000000000028,0.3663599688910274,0.3663599688910274,0.0
-0.1274999999999995,0.5921738789198775,0.5921738789198775,0.0
-0.1225000000000005,0.29268270966050886,0.29268270966050886,0.0
-0.11749999999999972,0.0911036736799811,0.0911036736799811,0.0
-0.11249999999999893,0.3389370066178421,0.3389370066178421,0.0
-0.10749999999999993,0.6224066816624336,0.6224066816624336,0.0
-0.10249999999999915,0.2993560807752642,0.2993560807752642,0.0
-0.09750000000000014,0.06327544595448271,0.06327544595448271,0.0
-0.09249999999999936,0.258181110820255,0.258181110820255,0.0
-0.08750000000000036,0.6659862266345004,0.6659862266345004,0.0
-0.08249999999999957,0.34255737799183894,0.34255737799183894,0.0
-0.07750000000000057,0.07540639182705433,0.07540639182705433,0.0
-0.07249999999999979,0.14214010297460877,0.14214010297460877,0.0
-0.067499999999999,0.606250098963552,0.606250098963552,0.0
-0.0625,0.46889212832623756,0.46889212832623756,0.0
-0.05749999999999922,0.13344040459828788,0.13344040459828788,0.0
-0.05250000000000021,0.038013899426967215,0.038013899426967215,0.0
-0.04749999999999943,0.42823049461082485,0.42823049461082485,0.0
-0.042500000000000426,0.6120859214768604,0.6120859214768604,0.0
-0.037499999999999645,0.26050463274684993,0.26050463274684993,0.0
-0.03250000000000064,0.019587830195132362,0.019587830195132362,0.0
-0.027499999999999858,0.1643756674581866,0.1643756674581866,0.0
-0.022499999999999076,0.5983339137950365,0.5983339137950365,0.0
-0.01750000000000007,0.5265478933419789,0.5265478933419789,0.0
-0.01249999999999929,0.05400837594492356,0.05400837594492356,0.0
-0.007500000000000284,0.03882443033159338,0.03882443033159338,0.0
-0.0024999999999995026,0.3443675636788374,0.3443675636788374,0.0
0.0024999999999995026,0.628674787324876,0.628674787324876,0.0
0.007500000000000284,0.3369647147499184,0.3369647147499184,0.0
0.012500000000001066,0.0027287873789080936,0.0027287873789080936,0.0
0.01750000000000007,0.0936433371811431,0.0936433371811431,0.0
0.022500000000000853,0.47807814524533415,0.47807814524533415,0.0
0.027499999999999858,0.6379148396376142,0.6379148396376142,0.0
0.03250000000000064,0.14057307655899814,0.14057307655899814,0.0
0.037499999999999645,0.006241087965621483,0.006241087965621483,0.0
0.042500000000000426,0.1455173150772178,0.1455173150772178,0.0
0.04749999999999943,0.5433258830677405,0.5433258830677405,0.0
0.05250000000000021,0.6160575229095286,0.6160575229095286,0.0
0.057500000000000995,0.03974303202350304,0.03974303202350304,0.0
0.0625,0.013833060772286578,0.013833060772286578,0.0
0.06750000000000078,0.17888417065099496,0.17888417065099496,0.0
0.07249999999999979,0.568209181839764,0.568209181839764,0.0
0.07750000000000057,0.5813397824947079,0.5813397824947079,0.0
0.08249999999999957,0.008618645285858238,0.008618645285858238,0.0
0.08750000000000036,0.019128529349177532,0.019128529349177532,0.0
0.09249999999999936,0.19447338171663825,0.19447338171663825,0.0
0.09750000000000014,0.5694790135903449,0.5694790135903449,0.0
0.10250000000000092,0.5641024919229913,0.5641024919229913,0.0
0.10749999999999993,0.003701424464459494,0.003701424464459494,0.0
0.11250000000000071,0.015292016400613678,0.015292016400613678,0.0
0.11749999999999972,0.1901775679221196,0.1901775679221196,0.0
0.1225000000000005,0.5562943775417591,0.5562943775417591,0.0
0.1274999999999995,0.5856355962892265,0.5856355962892265,0.0
0.13250000000000028,0.003485282889892516,0.003485282889892516,0.0
0.13750000000000107,0.008402503711291257,0.008402503711291257,0.0
0.14250000000000007,0.16823919810357132,0.16823919810357132,0.0
0.14750000000000085,0.5264398225546955,0.5264398225546955,0.0
0.15249999999999986,0.638617299754957,0.638617299754957,0.0
0.15750000000000064,0.009186016919096554,0.009186016919096554,0.0
0.16249999999999964,0.0013238671442227386,0.0013238671442227386,0.0
0.16750000000000043,0.13562883804077855,0.13562883804077855,0.0
0.17249999999999943,0.4593278636516488,0.4593278636516488,0.0
0.1775000000000002,0.7240742747993757,0.7240742747993757,0.0
0.182500000000001,0.030529997407585607,0.030529997407585607,0.0
0.1875,0.0,0.0,0.0
0.19250000000000078,0.08026957725481136,0.08026957725481136,0.0
0.1974999999999998,0.3957011876384946,0.3957011876384946,0.0
0.20250000000000057,0.7643306430624753,0.7643306430624753,0.0
0.20749999999999957,0.11058343308783,0.11058343308783,0.0
0.21250000000000036,0.0,0.0,0.0
0.21749999999999936,0.028368581661915828,0.028368581661915828,0.0
0.22250000000000014,0.3150263449313701,0.3150263449313701,0.0
0.22750000000000092,0.7629797582214319,0.7629797582214319,0.0
0.23249999999999993,0.24451015622889366,0.24451015622889366,0.0
0.2375000000000007,0.0,0.0,0.0
0.24249999999999972,0.003998619129489087,0.003998619129489087,0.0
0.2475000000000005,0.2166819285033953,0.2166819285033953,0.0
0.2524999999999995,0.680035428981354,0.680035428981354,0.0
0.2575000000000003,0.4336070162781784,0.4336070162781784,0.0
0.26250000000000107,0.016561848151194672,0.016561848151194672,0.0
0.26750000000000007,0.0,0.0,0.0
0.27250000000000085,0.10493673445226769,0.10493673445226769,0.0
0.27749999999999986,0.5383546268527001,0.5383546268527001,0.0
0.28250000000000064,0.6234873895352684,0.6234873895352684,0.0
0.28749999999999964,0.08410609020337517,0.08410609020337517,0.0
0.2925000000000004,0.0,0.0,0.0
0.29749999999999943,0.027368926879543558,0.027368926879543558,0.0
0.3025000000000002,0.3701694641427704,0.3701694641427704,0.0
0.307500000000001,0.7272623630242386,0.7272623630242386,0.0
0.3125,0.2130075217357566,0.2130075217357566,0.0
0.3175000000000008,0.013076565261302154,0.013076565261302154,0.0
0.3224999999999998,0.0015400087187897162,0.0015400087187897162,0.0
0.32750000000000057,0.1520015623142271,0.1520015623142271,0.0
0.3324999999999996,0.6996232591764864,0.6996232591764864,0.0
0.33750000000000036,0.43293157385765674,0.43293157385765674,0.0
0.34249999999999936,0.06478843697645156,0.06478843697645156,0.0
0.34750000000000014,0.0,0.0,0.0
0.3525000000000009,0.049820632937688375,0.049820632937688375,0.0
0.35749999999999993,0.4880746930690568,0.4880746930690568,0.0
0.3625000000000007,0.6335649904494539,0.6335649904494539,0.0
0.3674999999999997,0.16340303037263515,0.16340303037263515,0.0
0.3725000000000005,0.016021494214777224,0.016021494214777224,0.0
0.3774999999999995,0.0018101856869984386,0.0018101856869984386,0.0
0.3825000000000003,0.19655374437184545,0.19655374437184545,0.0
0.38750000000000107,0.7176170452591873,0.7176170452591873,0.0
0.39250000000000007,0.3570658811846473,0.3570658811846473,0.0
0.39750000000000085,0.07783798454093283,0.07783798454093283,0.0
0.40249999999999986,0.0,0.0,0.0
0.40750000000000064,0.04857781888392825,0.04857781888392825,0.0
0.41249999999999964,0.5211443539778045,0.5211443539778045,0.0
0.4175000000000004,0.577476251849323,0.577476251849323,0.0
0.42249999999999943,0.1840445507437816,0.1840445507437816,0.0
0.4275000000000002,0.019641865588774104,0.019641865588774104,0.0
0.432500000000001,0.00021614157456697773,0.00021614157456697773,0.0
0.4375,0.1962835674036367,0.1962835674036367,0.0
0.4425000000000008,0.6786034910498477,0.6786034910498477,0.0
0.4474999999999998,0.36854840233351804,0.36854840233351804,0.0
0.45250000000000057,0.10723323868204182,0.10723323868204182,0.0
0.4574999999999996,0.0,0.0,0.0
0.46250000000000036,0.011914804298004648,0.011914804298004648,0.0
0.46749999999999936,0.4715668803115039,0.4715668803115039,0.0
0.47250000000000014,0.5756390484655036,0.5756390484655036,0.0
0.4775000000000009,0.24356453684016305,0.24356453684016305,0.0
0.48249999999999993,0.048199571128436036,0.048199571128436036,0.0
0.4875000000000007,0.0,0.0,0.0
0.4924999999999997,0.13095477649076767,0.13095477649076767,0.0
0.4975000000000005,0.654881953241122,0.654881953241122,0.0
0.5024999999999995,0.39986191294890894,0.39986191294890894,0.0
0.5075000000000003,0.15845879185441553,0.15845879185441553,0.0
0.5125000000000011,0.006727406508397183,0.006727406508397183,0.0
0.5175000000000001,0.0003512300586713388,0.0003512300586713388,0.0
0.5225000000000009,0.3247527157868842,0.3247527157868842,0.0
0.5274999999999999,0.5890938614822981,0.5890938614822981,0.0
0.5325000000000006,0.34701529796728287,0.34701529796728287,0.0
0.5374999999999996,0.08967173574847487,0.08967173574847487,0.0
0.5425000000000004,0.0,0.0,0.0
0.5474999999999994,0.023532413930979698,0.023532413930979698,0.0
0.5525000000000002,0.558023510138295,0.558023510138295,0.0
0.557500000000001,0.4118037349437344,0.4118037349437344,0.0
0.5625,0.3059483987995571,0.3059483987995571,0.0
0.5675000000000008,0.051576783231045045,0.051576783231045045,0.0
0.5724999999999998,0.0,0.0,0.0
0.5775000000000006,0.12039085703380661,0.12039085703380661,0.0
0.5824999999999996,0.6672560583850816,0.6672560583850816,0.0
0.5875000000000004,0.3358029537866209,0.3358029537866209,0.0
0.5924999999999994,0.21719526474299178,0.21719526474299178,0.0
0.5975000000000001,0.010239707095110571,0.010239707095110571,0.0
0.6025000000000009,0.00027017696820872214,0.00027017696820872214,0.0
0.6074999999999999,0.26763730470756025,0.26763730470756025,0.0
0.6125000000000007,0.601386913535795,0.601386913535795,0.0
0.6174999999999997,0.33545172372794957,0.33545172372794957,0.0
0.6225000000000005,0.1461387221040978,0.1461387221040978,0.0
0.6274999999999995,0.0,0.0,0.0
0.6325000000000003,0.009969530126901846,0.009969530126901846,0.0
0.6375000000000011,0.447629200928211,0.447629200928211,0.0
0.6425000000000001,0.43865932558368154,0.43865932558368154,0.0
0.6475000000000009,0.3562823679768421,0.3562823679768421,0.0
0.6524999999999999,0.09834441642797487,0.09834441642797487,0.0
0.6575000000000006,0.0,0.0,0.0
0.6624999999999996,0.033339837876956324,0.033339837876956324,0.0
0.6675000000000004,0.5812587294042452,0.5812587294042452,0.0
0.6724999999999994,0.317403902251607,0.317403902251607,0.0
0.6775000000000002,0.35414796992799313,0.35414796992799313,0.0
0.682500000000001,0.06473440158280981,0.06473440158280981,0.0
0.6875,0.0,0.0,0.0
0.6925000000000008,0.08118817894672102,0.08118817894672102,0.0
0.6974999999999998,0.6229470355988509,0.6229470355988509,0.0
0.7025000000000006,0.2806868522720416,0.2806868522720416,0.0
0.7074999999999996,0.3294808127305368,0.3294808127305368,0.0
0.7125000000000004,0.03658196149546099,0.03658196149546099,0.0
0.7174999999999994,0.00010807078728348886,0.00010807078728348886,0.0
0.7225000000000001,0.14700328840236576,0.14700328840236576,0.0
0.7275000000000009,0.5972532059222015,0.5972532059222015,0.0
0.7324999999999999,0.2989237976261303,0.2989237976261303,0.0
0.7375000000000007,0.2859823208489325,0.2859823208489325,0.0
0.7424999999999997,0.021614157456697775,0.021614157456697775,0.0
0.7475000000000005,0.0005133362395965722,0.0005133362395965722,0.0
0.7524999999999995,0.2345676437988127,0.2345676437988127,0.0
0.7575000000000003,0.5342749546327484,0.5342749546327484,0.0
0.7625000000000011,0.31662038904380163,0.31662038904380163,0.0
0.7675000000000001,0.25018387256127683,0.25018387256127683,0.0
0.7725000000000009,0.014724644767375361,0.014724644767375361,0.0
0.7774999999999999,0.0005673716332383165,0.0005673716332383165,0.0
0.7825000000000006,0.3062996288582284,0.3062996288582284,0.0
0.7874999999999996,0.47880762305949764,0.47880762305949764,0.0
0.7925000000000004,0.32794080401174713,0.32794080401174713,0.0
0.7974999999999994,0.2252735560924326,0.2252735560924326,0.0
0.8025000000000002,0.011995857388467266,0.011995857388467266,0.0
0.807500000000001,0.000621407026880061,0.000621407026880061,0.0
0.8125,0.34623178475947763,0.34623178475947763,0.0
0.8175000000000008,0.44319829864958804,0.44319829864958804,0.0
0.8224999999999998,0.33842367037824556,0.33842367037824556,0.0
0.8275000000000006,0.2089278495158049,0.2089278495158049,0.0
0.8324999999999996,0.013481830713615237,0.013481830713615237,0.0
0.8375000000000004,0.0008105309046261666,0.0008105309046261666,0.0
0.8424999999999994,0.35371568677885923,0.35371568677885923,0.0
0.8475000000000001,0.4300406802978232,0.4300406802978232,0.0
0.8525000000000009,0.3428275549600477,0.3428275549600477,0.0
0.8574999999999999,0.20717169922244816,0.20717169922244816,0.0
0.8625000000000007,0.016318688879806822,0.016318688879806822,0.0
0.8674999999999997,0.0011887786601183776,0.0011887786601183776,0.0
0.8725000000000005,0.3316962638698483,0.3316962638698483,0.0
0.8774999999999995,0.4388214317646067,0.4388214317646067,0.0
0.8825000000000003,0.33996367909703523,0.33996367909703523,0.0
0.8875000000000011,0.2197349282441538,0.2197349282441538,0.0
0.8925000000000001,0.019479759407848872,0.019479759407848872,0.0
0.8975000000000009,0.0011077255696557609,0.0011077255696557609,0.0
0.9024999999999999,0.28690092254084215,0.28690092254084215,0.0
0.9075000000000006,0.4593278636516488,0.4593278636516488,0.0
0.9124999999999996,0.3389099889210212,0.3389099889210212,0.0
0.9175000000000004,0.24132206800403067,0.24132206800403067,0.0
0.9224999999999994,0.023316272356412728,0.023316272356412728,0.0
0.9275000000000002,0.000621407026880061,0.000621407026880061,0.0
0.932500000000001,0.22654338784301362,0.22654338784301362,0.0
0.9375,0.49218138298582936,0.49218138298582936,0.0
0.9425000000000008,0.31845759242762095,0.31845759242762095,0.0
0.9474999999999998,0.27855245422319264,0.27855245422319264,0.0
0.9525000000000006,0.0345286165370747,0.0345286165370747,0.0
0.9574999999999996,0.00043228314913395545,0.00043228314913395545,0.0
0.9625000000000004,0.1660237469642598,0.1660237469642598,0.0
0.9674999999999994,0.5088242842274867,0.5088242842274867,0.0
0.9725000000000001,0.3013824080368297,0.3013824080368297,0.0
0.9775000000000009,0.3204028665987237,0.3204028665987237,0.0
0.9824999999999999,0.05341398661486438,0.05341398661486438,0.0
0.9875000000000007,0.00045930084595482767,0.00045930084595482767,0.0
0.9924999999999997,0.09831739873115404,0.09831739873115404,0.0
0.9975000000000005,0.4752953224727842,0.4752953224727842,0.0
1.0024999999999995,0.3370727855372019,0.3370727855372019,0.0
1.0075000000000003,0.3538237575661427,0.3538237575661427,0.0
1.012500000000001,0.08183660367042192,0.08183660367042192,0.0
1.0175,0.004484937672264788,0.004484937672264788,0.0
1.0225000000000009,0.04738904022380987,0.04738904022380987,0.0
1.0274999999999999,0.3962145238780912,0.3962145238780912,0.0
1.0325000000000006,0.39162151541854295,0.39162151541854295,0.0
1.0374999999999996,0.3710610481378592,0.3710610481378592,0.0
1.0425000000000004,0.13541269646621154,0.13541269646621154,0.0
1.0474999999999994,0.009186016919096554,0.009186016919096554,0.0
1.0525000000000002,0.015210963310151057,0.015210963310151057,0.0
1.057500000000001,0.2734731272208687,0.2734731272208687,0.0
1.0625,0.47880762305949764,0.47880762305949764,0.0
1.0675000000000008,0.3503925100698919,0.3503925100698919,0.0
1.0724999999999998,0.21130540683604163,0.21130540683604163,0.0
1.0775000000000006,0.0216952105471604,0.0216952105471604,0.0
1.0824999999999996,0.0012698317505809942,0.0012698317505809942,0.0
1.0875000000000004,0.1602959952382349,0.1602959952382349,0.0
1.0924999999999994,0.4850757287219401,0.4850757287219401,0.0
1.0975000000000001,0.3606862525586442,0.3606862525586442,0.0
1.102500000000001,0.29052129391483905,0.29052129391483905,0.0
1.1075,0.05303573885937215,0.05303573885937215,0.0
1.1125000000000007,0.0,0.0,0.0
1.1174999999999997,0.056953304898398636,0.056953304898398636,0.0
1.1225000000000005,0.36965612790317376,0.36965612790317376,0.0
1.1274999999999995,0.46008435916263324,0.46008435916263324,0.0
1.1325000000000003,0.34301667883779374,0.34301667883779374,0.0
1.137500000000001,0.11733785729304798,0.11733785729304798,0.0
1.1425,0.003836512948563855,0.003836512948563855,0.0
1.1475000000000009,0.007970220562157303,0.007970220562157303,0.0
1.1524999999999999,0.21681701698749956,0.21681701698749956,0.0
1.1575000000000006,0.5132281688092889,0.5132281688092889,0.0
1.1624999999999996,0.3674676944606831,0.3674676944606831,0.0
1.1675000000000004,0.2221124855643905,0.2221124855643905,0.0
1.1724999999999994,0.023289254659591856,0.023289254659591856,0.0
1.1775000000000002,0.0,0.0,0.0
1.182500000000001,0.0741095423796525,0.0741095423796525,0.0
1.1875,0.3787340740349869,0.3787340740349869,0.0
1.1925000000000008,0.4765651542233653,0.4765651542233653,0.0
1.1974999999999998,0.3250499104519137,0.3250499104519137,0.0
1.2025000000000006,0.09642615995369291,0.09642615995369291,0.0
1.2074999999999996,0.0,0.0,0.0
1.2125000000000004,0.003998619129489088,0.003998619129489088,0.0
1.2174999999999994,0.1926902137264607,0.1926902137264607,0.0
1.2225000000000001,0.517010646364211,0.517010646364211,0.0
1.227500000000001,0.4048331691639495,0.4048331691639495,0.0
1.2325,0.20671239837649338,0.20671239837649338,0.0
1.2375000000000007,0.025639794283007743,0.025639794283007743,0.0
1.2424999999999997,0.0,0.0,0.0
1.2475000000000005,0.030692103588510846,0.030692103588510846,0.0
1.2524999999999995,0.31513441571865364,0.31513441571865364,0.0
1.2575000000000003,0.5316272203443029,0.5316272203443029,0.0
1.262500000000001,0.35476937695487315,0.35476937695487315,0.0
1.2675,0.11414976906818511,0.11414976906818511,0.0
1.2725000000000009,0.004511955369085659,0.004511955369085659,0.0
1.2774999999999999,0.0001891238777461055,0.0001891238777461055,0.0
1.2825000000000006,0.08086396658487055,0.08086396658487055,0.0
1.2874999999999996,0.41388409759894157,0.41388409759894157,0.0
1.2925000000000004,0.5157678323104509,0.5157678323104509,0.0
1.2974999999999994,0.27452681739688267,0.27452681739688267,0.0
1.3025000000000002,0.06546387939697337,0.06546387939697337,0.0
1.307500000000001,0.0001891238777461055,0.0001891238777461055,0.0
1.3125,0.0009726370855513997,0.0009726370855513997,0.0
1.3175000000000008,0.11749996347397329,0.11749996347397329,0.0
1.3224999999999998,0.4632994650843171,0.4632994650843171,0.0
1.3275000000000006,0.5232247166330116,0.5232247166330116,0.0
1.3324999999999996,0.19895831938890307,0.19895831938890307,0.0
1.3375000000000004,0.04674061550010895,0.04674061550010895,0.0
1.3424999999999994,0.0001891238777461055,0.0001891238777461055,0.0
1.3475000000000001,0.003377212102609027,0.003377212102609027,0.0
1.352500000000001,0.1286582722609935,0.1286582722609935,0.0
1.3575,0.46502859768085275,0.46502859768085275,0.0
1.3625000000000007,0.5323566981584663,0.5323566981584663,0.0
1.3674999999999997,0.17258904729173175,0.17258904729173175,0.0
1.3725000000000005,0.04860483658074913,0.04860483658074913,0.0
1.3774999999999995,0.00027017696820872214,0.00027017696820872214,0.0
1.3825000000000003,0.0038365129485638545,0.0038365129485638545,0.0
1.387500000000001,0.09899284115167584,0.09899284115167584,0.0
1.3925,0.41915254847901173,0.41915254847901173,0.0
1.3975000000000009,0.5523497938059118,0.5523497938059118,0.0
1.4024999999999999,0.2074959115842987,0.2074959115842987,0.0
1.4075000000000006,0.06727406508397181,0.06727406508397181,0.0
1.4124999999999996,0.0017831679901775662,0.0017831679901775662,0.0
1.4175000000000004,0.0017831679901775662,0.0017831679901775662,0.0
1.4224999999999994,0.048523783490286514,0.048523783490286514,0.0
1.4275000000000002,0.31224352215882034,0.31224352215882034,0.0
1.432500000000001,0.5355447863833294,0.5355447863833294,0.0
1.4375,0.33788331644182806,0.33788331644182806,0.0
1.4425000000000008,0.093454213303397,0.093454213303397,0.0
1.4474999999999998,0.021452051275772543,0.021452051275772543,0.0
1.4525000000000006,0.0,0.0,0.0
1.4574999999999996,0.004133707613593449,0.004133707613593449,0.0
1.4625000000000004,0.1421941383682505,0.1421941383682505,0.0
1.4674999999999994,0.408102310479275,0.408102310479275,0.0
1.4725000000000001,0.4265824151047516,0.4265824151047516,0.0
1.477500000000001,0.2675832693139185,0.2675832693139185,0.0
1.4825,0.0941296557239188,0.0941296557239188,0.0
1.4875000000000007,0.00815934443990341,0.00815934443990341,0.0
1.4924999999999997,0.0,0.0,0.0
1.4975000000000005,0.006322141056084099,0.006322141056084099,0.0
1.5024999999999995,0.09901985884849669,0.09901985884849669,0.0
1.5075000000000003,0.34706933336092466,0.34706933336092466,0.0
1.512500000000001,0.3931885418341535,0.3931885418341535,0.0
1.5175,0.2504000141358438,0.2504000141358438,0.0
1.5225000000000009,0.1954730364990105,0.1954730364990105,0.0
1.5274999999999999,0.058277172042621374,0.058277172042621374,0.0
1.5325000000000006,0.0011347432664766334,0.0011347432664766334,0.0
