omega,S,S_edge,S_cont,Sr,Sr_edge,Sr_cont
-1.4924999999999997,0.0,0.0,0.0
-1.4875000000000007,0.001277999891480328,0.001277999891480328,0.0
-1.4825,0.005123309299474235,0.005123309299474235,0.0
-1.4774999999999991,0.022178387497282487,0.022178387497282487,0.0
-1.4725000000000001,0.06757565797871647,0.06757565797871647,0.0
-1.4674999999999994,0.13370367006265876,0.13370367006265876,0.0
-1.4625000000000004,0.2821891618789883,0.2821891618789883,0.0
-1.4574999999999996,0.551213793902374,0.551213793902374,0.0
-1.4525000000000006,0.9070519406779987,0.9070519406779987,0.0
-1.4474999999999998,1.2725259804407105,1.2725259804407105,0.0
-1.442499999999999,1.5718154594517129,1.5718154594517129,0.0
-1.4375,1.6395833829008273,1.6395833829008273,0.0
-1.4324999999999992,1.5950795813700753,1.5950795813700753,0.0
-1.4275000000000002,1.5433149308983465,1.5433149308983465,0.0
-1.4224999999999994,1.4162500744312565,1.4162500744312565,0.0
-1.4175000000000004,1.3038539423823075,1.3038539423823075,0.0
-1.4124999999999996,1.186639863839813,1.186639863839813,0.0
-1.4075000000000006,1.0712353426657855,1.0712353426657855,0.0
-1.4024999999999999,0.9882897567886463,0.9882897567886463,0.0
-1.397499999999999,0.9106258164807224,0.9106258164807224,0.0
-1.3925,0.8586802102721457,0.8586802102721457,0.0
-1.3874999999999993,0.8110436125472331,0.8110436125472331,0.0
-1.3825000000000003,0.7730542175429639,0.7730542175429639,0.0
-1.3774999999999995,0.7420089989401893,0.7420089989401893,0.0
-1.3725000000000005,0.7122530899624483,0.7122530899624483,0.0
-1.3674999999999997,0.6868966673367943,0.6868966673367943,0.0
-1.362499999999999,0.6650915010467584,0.6650915010467584,0.0
-1.3575,0.6415220163224662,0.6415220163224662,0.0
-1.3524999999999991,0.6259711326871967,0.6259711326871967,0.0
-1.3475000000000001,0.6091761783611058,0.6091761783611058,0.0
-1.3424999999999994,0.593093737248849,0.593093737248849,0.0
-1.3375000000000004,0.5780291721563552,0.5780291721563552,0.0
-1.3324999999999996,0.563722359211907,0.563722359211907,0.0
-1.3275000000000006,0.5524126256589837,0.5524126256589837,0.0
-1.3224999999999998,0.539576078076416,0.539576078076416,0.0
-1.317499999999999,0.5297705390860316,0.5297705390860316,0.0
-1.3125,0.5213674070562094,0.5213674070562094,0.0
-1.3074999999999992,0.5104195849769797,0.5104195849769797,0.0
-1.3025000000000002,0.49994677170697277,0.49994677170697277,0.0
-1.2974999999999994,0.4899828964468474,0.4899828964468474,0.0
-1.2925000000000004,0.4819756050913778,0.4819756050913778,0.0
-1.2874999999999996,0.47572132243661114,0.47572132243661114,0.0
-1.2825000000000006,0.4687658363015635,0.4687658363015635,0.0
-1.2774999999999999,0.4587567221072263,0.4587567221072263,0.0
-1.272499999999999,0.4556126161795137,0.4556126161795137,0.0
-1.2675,0.4474469885543029,0.4474469885543029,0.0
-1.2624999999999993,0.4389533786560577,0.4389533786560577,0.0
-1.2575000000000003,0.43471222857371145,0.43471222857371145,0.0
-1.2524999999999995,0.43050500769202393,0.43050500769202393,0.0
-1.2475000000000005,0.4214459111161325,0.4214459111161325,0.0
-1.2424999999999997,0.4175666725074797,0.4175666725074797,0.0
-1.237499999999999,0.41599461954362343,0.41599461954362343,0.0
-1.2325,0.40842840779671774,0.40842840779671774,0.0
-1.2274999999999991,0.40094136418468257,0.40094136418468257,0.0
-1.2225000000000001,0.39897347054647386,0.39897347054647386,0.0
-1.2174999999999994,0.39536566554309144,0.39536566554309144,0.0
-1.2125000000000004,0.3889191174179251,0.3889191174179251,0.0
-1.2074999999999996,0.3840898611908269,0.3840898611908269,0.0
-1.2025000000000006,0.38334341877633393,0.38334341877633393,0.0
-1.1974999999999998,0.37647841050970954,0.37647841050970954,0.0
-1.192499999999999,0.3741825345984661,0.3741825345984661,0.0
-1.1875,0.3704390127924485,0.3704390127924485,0.0
-1.1824999999999992,0.36443354427584623,0.36443354427584623,0.0
-1.1775000000000002,0.365349632693633,0.365349632693633,0.0
-1.1724999999999994,0.3616174206211683,0.3616174206211683,0.0
-1.1675000000000004,0.35073745694325614,0.35073745694325614,0.0
-1.1624999999999996,0.3564828015881412,0.3564828015881412,0.0
-1.1575000000000006,0.35318035939068754,0.35318035939068754,0.0
-1.1524999999999999,0.3420063426403994,0.3420063426403994,0.0
-1.147499999999999,0.3504886428050918,0.3504886428050918,0.0
-1.1425,0.3343722724921762,0.3343722724921762,0.0
-1.1374999999999993,0.3403211923410138,0.3403211923410138,0.0
-1.1325000000000003,0.33956344019296797,0.33956344019296797,0.0
-1.1274999999999995,0.3248494768406148,0.3248494768406148,0.0
-1.1225000000000005,0.3413051391601181,0.3413051391601181,0.0
-1.1174999999999997,0.3194773534029762,0.3194773534029762,0.0
-1.112499999999999,0.3309680426927463,0.3309680426927463,0.0
-1.1075,0.32028034448523385,0.32028034448523385,0.0
-1.1024999999999991,0.3172945748272621,0.3172945748272621,0.0
-1.0975000000000001,0.3238655300215105,0.3238655300215105,0.0
-1.0924999999999994,0.3094456197415334,0.3094456197415334,0.0
-1.0875000000000004,0.32035951262010426,0.32035951262010426,0.0
-1.0824999999999996,0.3038473016328364,0.3038473016328364,0.0
-1.0775000000000006,0.3181767340443901,0.3181767340443901,0.0
-1.0724999999999998,0.2996513904847018,0.2996513904847018,0.0
-1.067499999999999,0.3110516019060484,0.3110516019060484,0.0
-1.0625,0.30060140810314734,0.30060140810314734,0.0
-1.0574999999999992,0.3010424877117113,0.3010424877117113,0.0
-1.0525000000000002,0.30005854089260703,0.30005854089260703,0.0
-1.0474999999999994,0.29453939091878045,0.29453939091878045,0.0
-1.0425000000000004,0.29866744366559744,0.29866744366559744,0.0
-1.0374999999999996,0.29042264790551636,0.29042264790551636,0.0
-1.0325000000000006,0.29473165638918014,0.29473165638918014,0.0
-1.0274999999999999,0.28830772773111973,0.28830772773111973,0.0
-1.022499999999999,0.28846606400086067,0.28846606400086067,0.0
-1.0175,0.28689401103700435,0.28689401103700435,0.0
-1.0124999999999993,0.2829808432276929,0.2829808432276929,0.0
-1.0075000000000003,0.2854576748757831,0.2854576748757831,0.0
-1.0024999999999995,0.2778462241946657,0.2778462241946657,0.0
-0.9975000000000005,0.28312786976388093,0.28312786976388093,0.0
-0.9924999999999997,0.2737521006485076,0.2737521006485076,0.0
-0.9874999999999989,0.28106949825724886,0.28106949825724886,0.0
-0.9824999999999999,0.27049489738526566,0.27049489738526566,0.0
-0.9774999999999991,0.27810634806638296,0.27810634806638296,0.0
-0.9725000000000001,0.2679954462700696,0.2679954462700696,0.0
-0.9674999999999994,0.27514319787551705,0.27514319787551705,0.0
-0.9625000000000004,0.2652698004838151,0.2652698004838151,0.0
-0.9574999999999996,0.26968059656945514,0.26968059656945514,0.0
-0.9525000000000006,0.26524718101670924,0.26524718101670924,0.0
-0.9474999999999998,0.2652245615496034,0.2652245615496034,0.0
-0.942499999999999,0.26511146421407417,0.26511146421407417,0.0
-0.9375,0.26070066812843407,0.26070066812843407,0.0
-0.9324999999999992,0.2641501368620757,0.2641501368620757,0.0
-0.9275000000000002,0.25750001353295676,0.25750001353295676,0.0
-0.9224999999999994,0.26019173011855257,0.26019173011855257,0.0
-0.9175000000000004,0.2573529869967688,0.2573529869967688,0.0
-0.9124999999999996,0.25519282788816045,0.25519282788816045,0.0
-0.9075000000000006,0.2552380668223721,0.2552380668223721,0.0
-0.9024999999999999,0.2516981202203072,0.2516981202203072,0.0
-0.8974999999999991,0.25703631445728686,0.25703631445728686,0.0
-0.8925000000000001,0.24643909411819787,0.24643909411819787,0.0
-0.8874999999999993,0.2523653944999297,0.2523653944999297,0.0
-0.8825000000000003,0.24799983734850126,0.24799983734850126,0.0
-0.8774999999999995,0.247445660404408,0.247445660404408,0.0
-0.8725000000000005,0.24993380178605115,0.24993380178605115,0.0
-0.8674999999999997,0.24215270510163991,0.24215270510163991,0.0
-0.8624999999999989,0.2497641557827573,0.2497641557827573,0.0
-0.8574999999999999,0.2374026170094121,0.2374026170094121,0.0
-0.8524999999999991,0.24557955436817563,0.24557955436817563,0.0
-0.8475000000000001,0.24260509444375683,0.24260509444375683,0.0
-0.8424999999999994,0.2375496435456001,0.2375496435456001,0.0
-0.8375000000000004,0.24641647465109204,0.24641647465109204,0.0
-0.8324999999999996,0.23018700700264713,0.23018700700264713,0.0
-0.8275000000000006,0.24209615643387528,0.24209615643387528,0.0
-0.8224999999999998,0.2343037500159112,0.2343037500159112,0.0
-0.817499999999999,0.23240371477902008,0.23240371477902008,0.0
-0.8125,0.24455036861485965,0.24455036861485965,0.0
-0.8074999999999992,0.22501845876896123,0.22501845876896123,0.0
-0.8025000000000002,0.2395627761180205,0.2395627761180205,0.0
-0.7974999999999994,0.22688456480519353,0.22688456480519353,0.0
-0.7925000000000004,0.228286971765756,0.228286971765756,0.0
-0.7874999999999996,0.24060327160488945,0.24060327160488945,0.0
-0.7825000000000006,0.21694330901217396,0.21694330901217396,0.0
-0.7774999999999999,0.23975504158842018,0.23975504158842018,0.0
-0.7724999999999991,0.22052849454845067,0.22052849454845067,0.0
-0.7675000000000001,0.22480357383145563,0.22480357383145563,0.0
-0.7624999999999993,0.23557044017383857,0.23557044017383857,0.0
-0.7575000000000003,0.21016877861397293,0.21016877861397293,0.0
-0.7524999999999995,0.23628295338767275,0.23628295338767275,0.0
-0.7475000000000005,0.2185040522424774,0.2185040522424774,0.0
-0.7424999999999997,0.2205058750813448,0.2205058750813448,0.0
-0.7374999999999989,0.2314423874270216,0.2314423874270216,0.0
-0.7324999999999999,0.20567881439346244,0.20567881439346244,0.0
-0.7274999999999991,0.23268645811784314,0.23268645811784314,0.0
-0.7225000000000001,0.21564268965358785,0.21564268965358785,0.0
-0.7174999999999994,0.21379920308446132,0.21379920308446132,0.0
-0.7125000000000004,0.22815125496312094,0.22815125496312094,0.0
-0.7074999999999996,0.20584846039675628,0.20584846039675628,0.0
-0.7025000000000006,0.22508631717027874,0.22508631717027874,0.0
-0.6974999999999998,0.21348253054497945,0.21348253054497945,0.0
-0.692499999999999,0.2061312037355794,0.2061312037355794,0.0
-0.6875,0.22844530803549692,0.22844530803549692,0.0
-0.6824999999999992,0.20202577045586828,0.20202577045586828,0.0
-0.6775000000000002,0.21659270727203334,0.21659270727203334,0.0
-0.6724999999999994,0.21723736208455,0.21723736208455,0.0
-0.6675000000000004,0.19793164690970994,0.19793164690970994,0.0
-0.6624999999999996,0.22463392782816183,0.22463392782816183,0.0
-0.6575000000000006,0.2063800178737437,0.2063800178737437,0.0
-0.6524999999999999,0.19796557611036872,0.19796557611036872,0.0
-0.6474999999999991,0.22662444093347633,0.22662444093347633,0.0
-0.6425000000000001,0.19364525789315204,0.19364525789315204,0.0
-0.6374999999999993,0.2090830441928923,0.2090830441928923,0.0
-0.6325000000000003,0.2208225476208267,0.2208225476208267,0.0
-0.6274999999999995,0.18459747105081345,0.18459747105081345,0.0
-0.6225000000000005,0.21711295501546782,0.21711295501546782,0.0
-0.6174999999999997,0.2106890263574074,0.2106890263574074,0.0
-0.6124999999999989,0.18396412597184975,0.18396412597184975,0.0
-0.6074999999999999,0.22419284821959778,0.22419284821959778,0.0
-0.6024999999999991,0.1968232930215235,0.1968232930215235,0.0
-0.5975000000000001,0.1890535060706652,0.1890535060706652,0.0
-0.5924999999999994,0.22481488356500862,0.22481488356500862,0.0
-0.5875000000000004,0.1857849930738704,0.1857849930738704,0.0
-0.5824999999999996,0.1947309923142327,0.1947309923142327,0.0
-0.5775000000000006,0.22099219362412048,0.22099219362412048,0.0
-0.5724999999999998,0.18132895805401864,0.18132895805401864,0.0
-0.567499999999999,0.20028407148871794,0.20028407148871794,0.0
-0.5625,0.21072295555806617,0.21072295555806617,0.0
-0.5574999999999992,0.18132895805401864,0.18132895805401864,0.0
-0.5525000000000002,0.20248946953153804,0.20248946953153804,0.0
-0.5474999999999994,0.20330377034734853,0.20330377034734853,0.0
-0.5425000000000004,0.18354566583039159,0.18354566583039159,0.0
-0.5374999999999996,0.2024781597979851,0.2024781597979851,0.0
-0.5325000000000006,0.19665364701822968,0.19665364701822968,0.0
-0.5274999999999999,0.18655405495546917,0.18655405495546917,0.0
-0.5224999999999991,0.20065729269596447,0.20065729269596447,0.0
-0.5175000000000001,0.1906029395674157,0.1906029395674157,0.0
-0.5124999999999993,0.19008269182398121,0.19008269182398121,0.0
-0.5075000000000003,0.1967780540873118,0.1967780540873118,0.0
-0.5024999999999995,0.18742490443904425,0.18742490443904425,0.0
-0.4975000000000005,0.19215237306416622,0.19215237306416622,0.0
-0.4924999999999997,0.1919601075937665,0.1919601075937665,0.0
-0.48749999999999893,0.18601118774492886,0.18601118774492886,0.0
-0.48249999999999993,0.19151902798520248,0.19151902798520248,0.0
-0.47749999999999915,0.18826182472196057,0.18826182472196057,0.0
-0.47250000000000014,0.18673501069231596,0.18673501069231596,0.0
-0.46749999999999936,0.1902184086266163,0.1902184086266163,0.0
-0.46250000000000036,0.18580761254097625,0.18580761254097625,0.0
-0.4574999999999996,0.18585285147518796,0.18585285147518796,0.0
-0.45250000000000057,0.189087435271324,0.189087435271324,0.0
-0.4474999999999998,0.1825730287448402,0.1825730287448402,0.0
-0.442499999999999,0.18561534707057656,0.18561534707057656,0.0
-0.4375,0.18709692216600948,0.18709692216600948,0.0
-0.4324999999999992,0.18165694032705343,0.18165694032705343,0.0
-0.4275000000000002,0.18445044451462544,0.18445044451462544,0.0
-0.42249999999999943,0.18569451520544702,0.18569451520544702,0.0
-0.4175000000000004,0.1811706217842777,0.1811706217842777,0.0
-0.41249999999999964,0.18224504647180542,0.18224504647180542,0.0
-0.40750000000000064,0.18367007289947376,0.18367007289947376,0.0
-0.40249999999999986,0.1820527810014057,0.1820527810014057,0.0
-0.3974999999999991,0.17775508225129485,0.17775508225129485,0.0
-0.39250000000000007,0.18308196675472174,0.18308196675472174,0.0
-0.3874999999999993,0.18222242700469954,0.18222242700469954,0.0
-0.3825000000000003,0.1731067817610434,0.1731067817610434,0.0
-0.3774999999999995,0.18322899329090975,0.18322899329090975,0.0
-0.3725000000000005,0.18183789606390016,0.18183789606390016,0.0
-0.3674999999999997,0.17128591465902274,0.17128591465902274,0.0
-0.36249999999999893,0.18232421460667586,0.18232421460667586,0.0
-0.35749999999999993,0.17965511748818597,0.17965511748818597,0.0
-0.35249999999999915,0.17178354293535136,0.17178354293535136,0.0
-0.34750000000000014,0.17907832107698687,0.17907832107698687,0.0
-0.34249999999999936,0.1774157902447072,0.1774157902447072,0.0
-0.33750000000000036,0.17401156044527727,0.17401156044527727,0.0
-0.3324999999999996,0.17628481688941486,0.17628481688941486,0.0
-0.32750000000000057,0.1757645691459804,0.1757645691459804,0.0
-0.3224999999999998,0.1766014894288967,0.1766014894288967,0.0
-0.317499999999999,0.17116150758994061,0.17116150758994061,0.0
-0.3125,0.17257522428405606,0.17257522428405606,0.0
-0.3074999999999992,0.1775288875802364,0.1775288875802364,0.0
-0.3025000000000002,0.1699174368991191,0.1699174368991191,0.0
-0.29749999999999943,0.1708109058498,0.1708109058498,0.0
-0.2925000000000004,0.17584373728085081,0.17584373728085081,0.0
-0.28749999999999964,0.1694424280898963,0.1694424280898963,0.0
-0.28250000000000064,0.16961207409319015,0.16961207409319015,0.0
-0.27749999999999986,0.17208890574128033,0.17208890574128033,0.0
-0.2724999999999991,0.17109364918862308,0.17109364918862308,0.0
-0.26750000000000007,0.17264308268537357,0.17264308268537357,0.0
-0.2624999999999993,0.16197800394496692,0.16197800394496692,0.0
-0.2575000000000003,0.17387584364264216,0.17387584364264216,0.0
-0.2524999999999995,0.17543658687294564,0.17543658687294564,0.0
-0.2475000000000005,0.15809876533631426,0.15809876533631426,0.0
-0.24249999999999972,0.17248474641563263,0.17248474641563263,0.0
-0.23749999999999893,0.17332166669854898,0.17332166669854898,0.0
-0.23249999999999993,0.1627923047607774,0.1627923047607774,0.0
-0.22749999999999915,0.1599422519054407,0.1599422519054407,0.0
-0.22250000000000014,0.17502943646504038,0.17502943646504038,0.0
-0.21749999999999936,0.1717835429353514,0.1717835429353514,0.0
-0.21250000000000036,0.14945812890188087,0.14945812890188087,0.0
-0.20749999999999957,0.17430561351765328,0.17430561351765328,0.0
-0.20250000000000057,0.17350262243539574,0.17350262243539574,0.0
-0.1974999999999998,0.1534504648460628,0.1534504648460628,0.0
-0.192499999999999,0.15883389801725425,0.15883389801725425,0.0
-0.1875,0.17970035642239768,0.17970035642239768,0.0
-0.18249999999999922,0.16244170302063682,0.16244170302063682,0.0
-0.1775000000000002,0.14725273085906082,0.14725273085906082,0.0
-0.17249999999999943,0.17489371966240527,0.17489371966240527,0.0
-0.16750000000000043,0.17128591465902274,0.17128591465902274,0.0
-0.16249999999999964,0.14758071313209561,0.14758071313209561,0.0
-0.15750000000000064,0.15777078306327946,0.15777078306327946,0.0
-0.15249999999999986,0.17959856882042136,0.17959856882042136,0.0
-0.14749999999999908,0.1561761106323173,0.1561761106323173,0.0
-0.14250000000000007,0.14589556283271007,0.14589556283271007,0.0
-0.1374999999999993,0.17152341906363414,0.17152341906363414,0.0
-0.13250000000000028,0.16967993249450766,0.16967993249450766,0.0
-0.1274999999999995,0.14540924428993432,0.14540924428993432,0.0
-0.1225000000000005,0.15594991596125882,0.15594991596125882,0.0
-0.11749999999999972,0.17455442765581758,0.17455442765581758,0.0
-0.11249999999999893,0.15506775674413079,0.15506775674413079,0.0
-0.10749999999999993,0.14422172226687743,0.14422172226687743,0.0
-0.10249999999999915,0.1675197733858993,0.1675197733858993,0.0
-0.09750000000000014,0.16630963189573653,0.16630963189573653,0.0
-0.09249999999999936,0.1457824654971808,0.1457824654971808,0.0
-0.08750000000000036,0.153857615253968,0.153857615253968,0.0
-0.08249999999999957,0.1681304989977572,0.1681304989977572,0.0
-0.07750000000000057,0.15757851759287977,0.15757851759287977,0.0
-0.07249999999999979,0.14205025342471614,0.14205025342471614,0.0
-0.067499999999999,0.16159347300416754,0.16159347300416754,0.0
-0.0625,0.16267920742524816,0.16267920742524816,0.0
-0.05749999999999922,0.14928848289858704,0.14928848289858704,0.0
-0.05250000000000021,0.14777297860249528,0.14777297860249528,0.0
-0.04749999999999943,0.1642512603891045,0.1642512603891045,0.0
-0.042500000000000426,0.1566511194415401,0.1566511194415401,0.0
-0.037499999999999645,0.14459494347412385,0.14459494347412385,0.0
-0.03250000000000064,0.15349570378027447,0.15349570378027447,0.0
-0.027499999999999858,0.16077917218835705,0.16077917218835705,0.0
-0.022499999999999076,0.14725273085906085,0.14725273085906085,0.0
-0.01750000000000007,0.1448550673458411,0.1448550673458411,0.0
-0.01249999999999929,0.16106191552718013,0.16106191552718013,0.0
-0.007500000000000284,0.15615349116521143,0.15615349116521143,0.0
-0.0024999999999995026,0.14216335076024536,0.14216335076024536,0.0
0.0024999999999995026,0.14769381046762484,0.14769381046762484,0.0
0.007500000000000284,0.16267920742524816,0.16267920742524816,0.0
0.012500000000001066,0.1483158458130356,0.1483158458130356,0.0
0.01750000000000007,0.13932460763846163,0.13932460763846163,0.0
0.022500000000000853,0.1530206949710517,0.1530206949710517,0.0
0.027499999999999858,0.16165002167193213,0.16165002167193213,0.0
0.03250000000000064,0.14016152792137793,0.14016152792137793,0.0
0.037499999999999645,0.13931329790490873,0.13931329790490873,0.0
0.042500000000000426,0.1579291193330204,0.1579291193330204,0.0
0.04749999999999943,0.15906009268831273,0.15906009268831273,0.0
0.05250000000000021,0.13314949311856553,0.13314949311856553,0.0
0.057500000000000995,0.14098713847074132,0.14098713847074132,0.0
0.0625,0.15976129616859397,0.15976129616859397,0.0
0.06750000000000078,0.15364273031646247,0.15364273031646247,0.0
0.07249999999999979,0.12887441383556056,0.12887441383556056,0.0
0.07750000000000057,0.14633664244127406,0.14633664244127406,0.0
0.08249999999999957,0.15979522536925272,0.15979522536925272,0.0
0.08750000000000036,0.147230111391955,0.147230111391955,0.0
0.09249999999999936,0.12557197163810693,0.12557197163810693,0.0
0.09750000000000014,0.1511772084019252,0.1511772084019252,0.0
0.10250000000000092,0.1579291193330204,0.1579291193330204,0.0
0.10749999999999993,0.14220858969445704,0.14220858969445704,0.0
0.11250000000000071,0.12359276826634534,0.12359276826634534,0.0
0.11749999999999972,0.15389154445462677,0.15389154445462677,0.0
0.1225000000000005,0.15453619926714343,0.15453619926714343,0.0
0.1274999999999995,0.1402746252569072,0.1402746252569072,0.0
0.13250000000000028,0.12307252052291089,0.12307252052291089,0.0
0.13750000000000107,0.15484156207307234,0.15484156207307234,0.0
0.14250000000000007,0.150917084530208,0.150917084530208,0.0
0.14750000000000085,0.13841982895422777,0.13841982895422777,0.0
0.15249999999999986,0.12337788332883981,0.12337788332883981,0.0
0.15750000000000064,0.15359749138225076,0.15359749138225076,0.0
0.16249999999999964,0.14732058926037842,0.14732058926037842,0.0
0.16750000000000043,0.13871388202660379,0.13871388202660379,0.0
0.17249999999999943,0.12401122840780351,0.12401122840780351,0.0
0.1775000000000002,0.15205936761905323,0.15205936761905323,0.0
0.182500000000001,0.1427062179707857,0.1427062179707857,0.0
0.1875,0.13766207680618192,0.13766207680618192,0.0
0.19250000000000078,0.12625055565128235,0.12625055565128235,0.0
0.1974999999999998,0.14997837664531533,0.14997837664531533,0.0
0.20250000000000057,0.13972044831281394,0.13972044831281394,0.0
0.20749999999999957,0.13490250181926866,0.13490250181926866,0.0
0.21250000000000036,0.12930418371057162,0.12930418371057162,0.0
0.21749999999999936,0.14712832378997867,0.14712832378997867,0.0
0.22250000000000014,0.1380013688127696,0.1380013688127696,0.0
0.22750000000000092,0.12897620143753682,0.12897620143753682,0.0
0.23249999999999993,0.13612395304298433,0.13612395304298433,0.0
0.2375000000000007,0.14268359850367984,0.14268359850367984,0.0
0.24249999999999972,0.1380579174805342,0.1380579174805342,0.0
0.2475000000000005,0.12119510475312564,0.12119510475312564,0.0
0.2524999999999995,0.14080618273389459,0.14080618273389459,0.0
0.2575000000000003,0.14026331552335425,0.14026331552335425,0.0
0.26250000000000107,0.1388156696285801,0.1388156696285801,0.0
0.26750000000000007,0.11453367169045384,0.11453367169045384,0.0
0.27250000000000085,0.13953949257596718,0.13953949257596718,0.0
0.27749999999999986,0.14527352748729924,0.14527352748729924,0.0
0.28250000000000064,0.13537751062849143,0.13537751062849143,0.0
0.28749999999999964,0.1117967161706464,0.1117967161706464,0.0
0.2925000000000004,0.1347894044837394,0.1347894044837394,0.0
0.29749999999999943,0.1508944650631021,0.1508944650631021,0.0
0.3025000000000002,0.13568287343442034,0.13568287343442034,0.0
0.307500000000001,0.10964786679559099,0.10964786679559099,0.0
0.3125,0.12187368876630102,0.12187368876630102,0.0
0.3175000000000008,0.15243258882629968,0.15243258882629968,0.0
0.3224999999999998,0.14245740383262137,0.14245740383262137,0.0
0.32750000000000057,0.11159314096669379,0.11159314096669379,0.0
0.3324999999999996,0.10987406146664942,0.10987406146664942,0.0
0.33750000000000036,0.14531876642151095,0.14531876642151095,0.0
0.34249999999999936,0.15426476566187325,0.15426476566187325,0.0
0.34750000000000014,0.11647894586155663,0.11647894586155663,0.0
0.3525000000000009,0.09885838098610218,0.09885838098610218,0.0
0.35749999999999993,0.1337602187304234,0.1337602187304234,0.0
0.3625000000000007,0.1610392960600743,0.1610392960600743,0.0
0.3674999999999997,0.13000538719085283,0.13000538719085283,0.0
0.3725000000000005,0.09372376195307502,0.09372376195307502,0.0
0.3774999999999995,0.1122377957792104,0.1122377957792104,0.0
0.3825000000000003,0.15424214619476742,0.15424214619476742,0.0
0.38750000000000107,0.15513561514544838,0.15513561514544838,0.0
0.39250000000000007,0.09922029245979574,0.09922029245979574,0.0
0.39750000000000085,0.0910885940352439,0.0910885940352439,0.0
0.40249999999999986,0.13924543950359117,0.13924543950359117,0.0
0.40750000000000064,0.166388800030607,0.166388800030607,0.0
0.41249999999999964,0.12236000730907674,0.12236000730907674,0.0
0.4175000000000004,0.083115231880433,0.083115231880433,0.0
0.42249999999999943,0.10794009702909954,0.10794009702909954,0.0
0.4275000000000002,0.15840412814224317,0.15840412814224317,0.0
0.432500000000001,0.1567076681093047,0.1567076681093047,0.0
0.4375,0.09471901850573226,0.09471901850573226,0.0
0.4425000000000008,0.07885146233098093,0.07885146233098093,0.0
0.4474999999999998,0.13295722764816584,0.13295722764816584,0.0
0.45250000000000057,0.16662630443521836,0.16662630443521836,0.0
0.4574999999999996,0.1322107852336729,0.1322107852336729,0.0
0.46250000000000036,0.07886277206453388,0.07886277206453388,0.0
0.46749999999999936,0.0883177093147777,0.0883177093147777,0.0
0.47250000000000014,0.15242127909274678,0.15242127909274678,0.0
0.4775000000000009,0.16281492422788324,0.16281492422788324,0.0
0.48249999999999993,0.11066574281535406,0.11066574281535406,0.0
0.4875000000000007,0.06928342774520786,0.06928342774520786,0.0
0.4924999999999997,0.10369894694675333,0.10369894694675333,0.0
0.4975000000000005,0.16319945516868262,0.16319945516868262,0.0
0.5024999999999995,0.14968432357293934,0.14968432357293934,0.0
0.5075000000000003,0.0957029653248366,0.0957029653248366,0.0
0.5125000000000011,0.06801673758728047,0.06801673758728047,0.0
0.5175000000000001,0.11773432628593108,0.11773432628593108,0.0
0.5225000000000009,0.1629845702311771,0.1629845702311771,0.0
0.5274999999999999,0.13772993520749946,0.13772993520749946,0.0
0.5325000000000006,0.08813675357793092,0.08813675357793092,0.0
0.5374999999999996,0.07018820642944172,0.07018820642944172,0.0
0.5425000000000004,0.1273589095394688,0.1273589095394688,0.0
0.5474999999999994,0.1550903762112367,0.1550903762112367,0.0
0.5525000000000002,0.13018634292769965,0.13018634292769965,0.0
0.557500000000001,0.08620278914038106,0.08620278914038106,0.0
0.5625,0.0737847016992713,0.0737847016992713,0.0
0.5675000000000008,0.13068397120402825,0.13068397120402825,0.0
0.5724999999999998,0.1452961469544051,0.1452961469544051,0.0
0.5775000000000006,0.12378503373674506,0.12378503373674506,0.0
0.5824999999999996,0.08964094814046972,0.08964094814046972,0.0
0.5875000000000004,0.07779965711055907,0.07779965711055907,0.0
0.5924999999999994,0.12804880328619717,0.12804880328619717,0.0
0.5975000000000001,0.13403165233569356,0.13403165233569356,0.0
0.6025000000000009,0.11756468028263727,0.11756468028263727,0.0
0.6074999999999999,0.09746728375909262,0.09746728375909262,0.0
0.6125000000000007,0.08322832921596224,0.08322832921596224,0.0
0.6174999999999997,0.12183975956564226,0.12183975956564226,0.0
0.6225000000000005,0.12480290975650815,0.12480290975650815,0.0
0.6274999999999995,0.11041692867718973,0.11041692867718973,0.0
0.6325000000000003,0.10354061067701244,0.10354061067701244,0.0
0.6375000000000011,0.08998024014705742,0.08998024014705742,0.0
0.6425000000000001,0.11525749463784092,0.11525749463784092,0.0
0.6475000000000009,0.11557416717732277,0.11557416717732277,0.0
0.6524999999999999,0.10399300001912935,0.10399300001912935,0.0
0.6575000000000006,0.104332292025717,0.104332292025717,0.0
0.6624999999999996,0.10027209768021761,0.10027209768021761,0.0
0.6675000000000004,0.11017942427257837,0.11017942427257837,0.0
0.6724999999999994,0.11102765428904761,0.11102765428904761,0.0
0.6775000000000002,0.09371245221952211,0.09371245221952211,0.0
0.682500000000001,0.10166319490722715,0.10166319490722715,0.0
0.6875,0.10602875205865554,0.10602875205865554,0.0
0.6925000000000008,0.11358365407200825,0.11358365407200825,0.0
0.6974999999999998,0.10641328299945493,0.10641328299945493,0.0
0.7025000000000006,0.08932427560098787,0.08932427560098787,0.0
0.7074999999999996,0.08912070039703526,0.08912070039703526,0.0
0.7125000000000004,0.10717103514750077,0.10717103514750077,0.0
0.7174999999999994,0.1134140080687144,0.1134140080687144,0.0
0.7225000000000001,0.11295030899304456,0.11295030899304456,0.0
0.7275000000000009,0.09072668256155035,0.09072668256155035,0.0
0.7324999999999999,0.0776187013737123,0.0776187013737123,0.0
0.7375000000000007,0.09411960262742734,0.09411960262742734,0.0
0.7424999999999997,0.11412652128254862,0.11412652128254862,0.0
0.7475000000000005,0.1182093350951539,0.1182093350951539,0.0
0.7524999999999995,0.09780657576568032,0.09780657576568032,0.0
0.7575000000000003,0.07850086059084031,0.07850086059084031,0.0
0.7625000000000011,0.07488174585390486,0.07488174585390486,0.0
0.7675000000000001,0.1023643983875084,0.1023643983875084,0.0
0.7725000000000009,0.11710098120696741,0.11710098120696741,0.0
0.7774999999999999,0.11343662753582028,0.11343662753582028,0.0
0.7825000000000006,0.08288903720937456,0.08288903720937456,0.0
0.7874999999999996,0.07382994063348301,0.07382994063348301,0.0
0.7925000000000004,0.07846693139018154,0.07846693139018154,0.0
0.7974999999999994,0.10303167266713087,0.10303167266713087,0.0
0.8025000000000002,0.11878613150635299,0.11878613150635299,0.0
0.807500000000001,0.10392514161781179,0.10392514161781179,0.0
0.8125,0.0720769319327799,0.0720769319327799,0.0
0.8175000000000008,0.07118346298209896,0.07118346298209896,0.0
0.8224999999999998,0.08326225841662101,0.08326225841662101,0.0
0.8275000000000006,0.10142569050261578,0.10142569050261578,0.0
0.8324999999999996,0.11879744123990592,0.11879744123990592,0.0
0.8375000000000004,0.09126954977209069,0.09126954977209069,0.0
0.8424999999999994,0.06710064916949367,0.06710064916949367,0.0
0.8475000000000001,0.06421666711349823,0.06421666711349823,0.0
0.8525000000000009,0.08592004580155797,0.08592004580155797,0.0
0.8574999999999999,0.09847385004530279,0.09847385004530279,0.0
0.8625000000000007,0.12062961807547948,0.12062961807547948,0.0
0.8674999999999997,0.09345232834780487,0.09345232834780487,0.0
0.8725000000000005,0.05280514595859868,0.05280514595859868,0.0
0.8774999999999995,0.05632247309355782,0.05632247309355782,0.0
0.8825000000000003,0.07177156912685097,0.07177156912685097,0.0
0.8875000000000011,0.09842861111109111,0.09842861111109111,0.0
0.8925000000000001,0.11539321144047603,0.11539321144047603,0.0
0.8975000000000009,0.12079926407877331,0.12079926407877331,0.0
0.9024999999999999,0.0553385262744535,0.0553385262744535,0.0
0.9075000000000006,0.03745783752728183,0.03745783752728183,0.0
0.9124999999999996,0.0445490404649647,0.0445490404649647,0.0
0.9175000000000004,0.07318528582096638,0.07318528582096638,0.0
0.9224999999999994,0.10151616837103916,0.10151616837103916,0.0
0.9275000000000002,0.13675729812194803,0.13675729812194803,0.0
0.932500000000001,0.11285983112462121,0.11285983112462121,0.0
0.9375,0.04700325264594905,0.04700325264594905,0.0
0.9425000000000008,0.023105785648622215,0.023105785648622215,0.0
0.9474999999999998,0.023196263517045602,0.023196263517045602,0.0
0.9525000000000006,0.052137871678976204,0.052137871678976204,0.0
0.9574999999999996,0.07819549778491139,0.07819549778491139,0.0
0.9625000000000004,0.14016152792137793,0.14016152792137793,0.0
0.9674999999999994,0.15545228768493022,0.15545228768493022,0.0
0.9725000000000001,0.06986022415640696,0.06986022415640696,0.0
0.9775000000000009,0.02044799826368525,0.02044799826368525,0.0
0.9824999999999999,0.007487043612035196,0.007487043612035196,0.0
0.9875000000000007,0.0065709551942484115,0.0065709551942484115,0.0
0.9924999999999997,0.02146587428344834,0.02146587428344834,0.0
0.9975000000000005,0.04452642099785887,0.04452642099785887,0.0
1.0024999999999995,0.11049609681206024,0.11049609681206024,0.0
1.0075000000000003,0.17062995011295323,0.17062995011295323,0.0
1.012500000000001,0.13053694466784027,0.13053694466784027,0.0
1.0175,0.06033742850484557,0.06033742850484557,0.0
1.0225000000000009,0.018977732901805225,0.018977732901805225,0.0
1.0274999999999999,0.0014024069605624836,0.0014024069605624836,0.0
