omega,S,S_edge,S_cont,Sr,Sr_edge,Sr_cont
-1.0425000000000004,0.0,0.0,0.0
-1.0374999999999996,0.055915322685652594,0.055915322685652594,0.0
-1.0325000000000006,1.088343199620173,1.088343199620173,0.0
-1.0274999999999999,3.8618819375600744,3.8618819375600744,0.0
-1.022499999999999,5.93503149603455,5.93503149603455,0.0
-1.0175,4.285423919294674,4.285423919294674,0.0
-1.0124999999999993,3.402797233179824,3.402797233179824,0.0
-1.0075000000000003,2.988468914379673,2.988468914379673,0.0
-1.0024999999999995,2.711968548477811,2.711968548477811,0.0
-0.9975000000000005,2.5152998218148483,2.5152998218148483,0.0
-0.9924999999999997,2.3602056756924306,2.3602056756924306,0.0
-0.9874999999999989,2.2348335093470952,2.2348335093470952,0.0
-0.9824999999999999,2.1351570576339998,2.1351570576339998,0.0
-0.9774999999999991,2.044015684842178,2.044015684842178,0.0
-0.9725000000000001,1.9700349477613244,1.9700349477613244,0.0
-0.9674999999999994,1.9032170419306549,1.9032170419306549,0.0
-0.9625000000000004,1.8409984277448412,1.8409984277448412,0.0
-0.9574999999999996,1.7901498656908994,1.7901498656908994,0.0
-0.9525000000000006,1.741774365373863,1.741774365373863,0.0
-0.9474999999999998,1.690654369714651,1.690654369714651,0.0
-0.942499999999999,1.6557751514374361,1.6557751514374361,0.0
-0.9375,1.6205340216865287,1.6205340216865287,0.0
-0.9324999999999992,1.582035688672378,1.582035688672378,0.0
-0.9275000000000002,1.5483326826846677,1.5483326826846677,0.0
-0.9224999999999994,1.5177662428023007,1.5177662428023007,0.0
-0.9175000000000004,1.49075859907792,1.49075859907792,0.0
-0.9124999999999996,1.46206203514297,1.46206203514297,0.0
-0.9075000000000006,1.4357178957870274,1.4357178957870274,0.0
-0.9024999999999999,1.410022181154786,1.410022181154786,0.0
-0.8974999999999991,1.3837685196672669,1.3837685196672669,0.0
-0.8925000000000001,1.3685380784826635,1.3685380784826635,0.0
-0.8874999999999993,1.343641585021495,1.343641585021495,0.0
-0.8825000000000003,1.3275666837316071,1.3275666837316071,0.0
-0.8774999999999995,1.2995788630993061,1.2995788630993061,0.0
-0.8725000000000005,1.28507224486209,1.28507224486209,0.0
-0.8674999999999997,1.2668711136642525,1.2668711136642525,0.0
-0.8624999999999989,1.2468905843874212,1.2468905843874212,0.0
-0.8574999999999999,1.2326403201107379,1.2326403201107379,0.0
-0.8524999999999991,1.212810587281279,1.212810587281279,0.0
-0.8475000000000001,1.2008071900704433,1.2008071900704433,0.0
-0.8424999999999994,1.182967970346299,1.182967970346299,0.0
-0.8375000000000004,1.1635906268589569,1.1635906268589569,0.0
-0.8324999999999996,1.1598961138983355,1.1598961138983355,0.0
-0.8275000000000006,1.129314594371231,1.129314594371231,0.0
-0.8224999999999998,1.1372766467924889,1.1372766467924889,0.0
-0.817499999999999,1.096501287423016,1.096501287423016,0.0
-0.8125,1.1114602950023496,1.1114602950023496,0.0
-0.8074999999999992,1.0681817146064962,1.0681817146064962,0.0
-0.8025000000000002,1.088916226120189,1.088916226120189,0.0
-0.7974999999999994,1.0464670261848836,1.0464670261848836,0.0
-0.7925000000000004,1.0547005122114117,1.0547005122114117,0.0
-0.7874999999999996,1.0362279474083036,1.0362279474083036,0.0
-0.7825000000000006,1.0119195600918875,1.0119195600918875,0.0
-0.7774999999999999,1.0288540011317977,1.0288540011317977,0.0
-0.7724999999999991,0.988711986841289,0.988711986841289,0.0
-0.7675000000000001,0.9867063940912371,0.9867063940912371,0.0
-0.7624999999999993,0.991848552946633,0.991848552946633,0.0
-0.7575000000000003,0.958039989445761,0.958039989445761,0.0
-0.7524999999999995,0.9546621490246213,0.9546621490246213,0.0
-0.7475000000000005,0.9539232464324969,0.9539232464324969,0.0
-0.7424999999999997,0.934229230405673,0.934229230405673,0.0
-0.7374999999999989,0.914625692247273,0.914625692247273,0.0
-0.7324999999999999,0.9200694439974134,0.9200694439974134,0.0
-0.7274999999999991,0.9197829307474058,0.9197829307474058,0.0
-0.7225000000000001,0.8966507557204935,0.8966507557204935,0.0
-0.7174999999999994,0.8721463330224929,0.8721463330224929,0.0
-0.7125000000000004,0.8608365994695697,0.8608365994695697,0.0
-0.7074999999999996,0.8704724924566606,0.8704724924566606,0.0
-0.7025000000000006,0.8759011645620636,0.8759011645620636,0.0
-0.6974999999999998,0.8578206705221235,0.8578206705221235,0.0
-0.692499999999999,0.8415648134953886,0.8415648134953886,0.0
-0.6875,0.8252335582449675,0.8252335582449675,0.0
-0.6824999999999992,0.8146325679946939,0.8146325679946939,0.0
-0.6775000000000002,0.808223718981371,0.808223718981371,0.0
-0.6724999999999994,0.7987687817311269,0.7987687817311269,0.0
-0.6675000000000004,0.7900225877835328,0.7900225877835328,0.0
-0.6624999999999996,0.7852272607570933,0.7852272607570933,0.0
-0.6575000000000006,0.7758929606647474,0.7758929606647474,0.0
-0.6524999999999999,0.7681721825592852,0.7681721825592852,0.0
-0.6474999999999991,0.7586418470853551,0.7586418470853551,0.0
-0.6425000000000001,0.7487043612035199,0.7487043612035199,0.0
-0.6374999999999993,0.7407724680717365,0.7407724680717365,0.0
-0.6325000000000003,0.7304881503609447,0.7304881503609447,0.0
-0.6274999999999995,0.7217570360580882,0.7217570360580882,0.0
-0.6225000000000005,0.7157251781631956,0.7157251781631956,0.0
-0.6174999999999997,0.7088790194524928,0.7088790194524928,0.0
-0.6124999999999989,0.7019876218075782,0.7019876218075782,0.0
-0.6074999999999999,0.6895619945440999,0.6895619945440999,0.0
-0.6024999999999991,0.6780562256095927,0.6780562256095927,0.0
-0.5975000000000001,0.663594846306588,0.663594846306588,0.0
-0.5924999999999994,0.6606844748723025,0.6606844748723025,0.0
-0.5875000000000004,0.6554669177932206,0.6554669177932206,0.0
-0.5824999999999996,0.6547883337800452,0.6547883337800452,0.0
-0.5775000000000006,0.642377786161304,0.642377786161304,0.0
-0.5724999999999998,0.6313394862136509,0.6313394862136509,0.0
-0.567499999999999,0.6185670271212161,0.6185670271212161,0.0
-0.5625,0.6194567261607129,0.6194567261607129,0.0
-0.5574999999999992,0.6041358071076861,0.6041358071076861,0.0
-0.5525000000000002,0.5921625691863247,0.5921625691863247,0.0
-0.5474999999999994,0.5905942861336527,0.5905942861336527,0.0
-0.5425000000000004,0.601315913541824,0.601315913541824,0.0
-0.5374999999999996,0.5688494384225656,0.5688494384225656,0.0
-0.5325000000000006,0.5446164493298353,0.5446164493298353,0.0
-0.5274999999999999,0.569920093198909,0.569920093198909,0.0
-0.5224999999999991,0.5705232789883982,0.5705232789883982,0.0
-0.5175000000000001,0.5226454069476898,0.5226454069476898,0.0
-0.5124999999999993,0.5282399551452024,0.5282399551452024,0.0
-0.5075000000000003,0.547074431422004,0.547074431422004,0.0
-0.5024999999999995,0.5104610540000071,0.5104610540000071,0.0
-0.4975000000000005,0.49910608151287206,0.49910608151287206,0.0
-0.4924999999999997,0.5220271415134633,0.5220271415134633,0.0
-0.48749999999999893,0.4794573044202601,0.4794573044202601,0.0
-0.48249999999999993,0.4942655155522209,0.4942655155522209,0.0
-0.47749999999999915,0.4779644195912743,0.4779644195912743,0.0
-0.47250000000000014,0.4652522790777886,0.4652522790777886,0.0
-0.46749999999999936,0.47348576510431656,0.47348576510431656,0.0
-0.46250000000000036,0.4478805283404984,0.4478805283404984,0.0
-0.4574999999999996,0.4519369527748135,0.4519369527748135,0.0
-0.45250000000000057,0.4434621924324897,0.4434621924324897,0.0
-0.4474999999999998,0.42031493776084006,0.42031493776084006,0.0
-0.442499999999999,0.4428137677087888,0.4428137677087888,0.0
-0.4375,0.3931263382996125,0.3931263382996125,0.0
-0.4324999999999992,0.4325746889322088,0.4325746889322088,0.0
-0.4275000000000002,0.37979593235190034,0.37979593235190034,0.0
-0.42249999999999943,0.41159890310272046,0.41159890310272046,0.0
-0.4175000000000004,0.3707481455095617,0.3707481455095617,0.0
-0.41249999999999964,0.3934128515496199,0.3934128515496199,0.0
-0.40750000000000064,0.35495975746968084,0.35495975746968084,0.0
-0.40249999999999986,0.38027848098349176,0.38027848098349176,0.0
-0.3974999999999991,0.33431572382441166,0.33431572382441166,0.0
-0.39250000000000007,0.3689084288516195,0.3689084288516195,0.0
-0.3874999999999993,0.3183011411134722,0.3183011411134722,0.0
-0.3825000000000003,0.35853363327240456,0.35853363327240456,0.0
-0.3774999999999995,0.29963254092878017,0.29963254092878017,0.0
-0.3725000000000005,0.33615544048235374,0.33615544048235374,0.0
-0.3674999999999997,0.2970991606129254,0.2970991606129254,0.0
-0.36249999999999893,0.30842397381058595,0.30842397381058595,0.0
-0.35749999999999993,0.30000953204721104,0.30000953204721104,0.0
-0.35249999999999915,0.27331856086231215,0.27331856086231215,0.0
-0.34750000000000014,0.2997984170208898,0.2997984170208898,0.0
-0.34249999999999936,0.2668644729147772,0.2668644729147772,0.0
-0.33750000000000036,0.26320011924363007,0.26320011924363007,0.0
-0.3324999999999996,0.2702272336911798,0.2702272336911798,0.0
-0.32750000000000057,0.24514978449316457,0.24514978449316457,0.0
-0.3224999999999998,0.2530967572696853,0.2530967572696853,0.0
-0.317499999999999,0.23967587345354963,0.23967587345354963,0.0
-0.3125,0.22298270672943496,0.22298270672943496,0.0
-0.3074999999999992,0.24664266932215043,0.24664266932215043,0.0
-0.3025000000000002,0.2157897161897758,0.2157897161897758,0.0
-0.29749999999999943,0.1902297183601692,0.1902297183601692,0.0
-0.2925000000000004,0.23733852851927886,0.23733852851927886,0.0
-0.28749999999999964,0.21120550418965758,0.21120550418965758,0.0
-0.28250000000000064,0.16866582638592884,0.16866582638592884,0.0
-0.27749999999999986,0.18392642686000663,0.18392642686000663,0.0
-0.2724999999999991,0.21886596371617092,0.21886596371617092,0.0
-0.26750000000000007,0.17239049863602487,0.17239049863602487,0.0
-0.2624999999999993,0.1512789960039015,0.1512789960039015,0.0
-0.2575000000000003,0.17291828620182798,0.17291828620182798,0.0
-0.2524999999999995,0.17697471063614312,0.17697471063614312,0.0
-0.2475000000000005,0.15174646499075564,0.15174646499075564,0.0
-0.24249999999999972,0.14844402279330202,0.14844402279330202,0.0
-0.23749999999999893,0.14962023508280606,0.14962023508280606,0.0
-0.23249999999999993,0.13475170537189626,0.13475170537189626,0.0
-0.22749999999999915,0.13066512164810665,0.13066512164810665,0.0
-0.22250000000000014,0.13371120988502733,0.13371120988502733,0.0
-0.21749999999999936,0.1342842363850421,0.1342842363850421,0.0
-0.21250000000000036,0.12304990105580502,0.12304990105580502,0.0
-0.20749999999999957,0.13330405947712207,0.13330405947712207,0.0
-0.20250000000000057,0.12306498070054224,0.12306498070054224,0.0
-0.1974999999999998,0.09020643481811587,0.09020643481811587,0.0
-0.192499999999999,0.0856976210416838,0.0856976210416838,0.0
-0.1875,0.08406901941006287,0.08406901941006287,0.0
-0.18249999999999922,0.09649464667354121,0.09649464667354121,0.0
-0.1775000000000002,0.11630929985826274,0.11630929985826274,0.0
-0.17249999999999943,0.10991553048967682,0.10991553048967682,0.0
-0.16750000000000043,0.10379319472636102,0.10379319472636102,0.0
-0.16249999999999964,0.08916593933124695,0.08916593933124695,0.0
-0.15750000000000064,0.06377181759374993,0.06377181759374993,0.0
-0.15249999999999986,0.04558576604064934,0.04558576604064934,0.0
-0.14749999999999908,0.054286721054031636,0.054286721054031636,0.0
-0.14250000000000007,0.057996313659390446,0.057996313659390446,0.0
-0.1374999999999993,0.07726809963357167,0.07726809963357167,0.0
-0.13250000000000028,0.07728317927830892,0.07728317927830892,0.0
-0.1274999999999995,0.06736077304121091,0.06736077304121091,0.0
-0.1225000000000005,0.06024318072523786,0.06024318072523786,0.0
-0.11749999999999972,0.06505358739641456,0.06505358739641456,0.0
-0.11249999999999893,0.05751376502779906,0.05751376502779906,0.0
-0.10749999999999993,0.051677942514490656,0.051677942514490656,0.0
-0.10249999999999915,0.05449783608035285,0.05449783608035285,0.0
-0.09750000000000014,0.05250732297503838,0.05250732297503838,0.0
-0.09249999999999936,0.03816658082993168,0.03816658082993168,0.0
-0.08750000000000036,0.036160988079879955,0.036160988079879955,0.0
-0.08249999999999957,0.031516457500812806,0.031516457500812806,0.0
-0.07750000000000057,0.027294156974388126,0.027294156974388126,0.0
-0.07249999999999979,0.027837024184928436,0.027837024184928436,0.0
-0.067499999999999,0.0267965286980595,0.0267965286980595,0.0
-0.0625,0.028726723224425068,0.028726723224425068,0.0
-0.05749999999999922,0.033341094514017754,0.033341094514017754,0.0
-0.05250000000000021,0.02898307718495799,0.02898307718495799,0.0
-0.04749999999999943,0.02249882994794866,0.02249882994794866,0.0
-0.042500000000000426,0.020628954000532013,0.020628954000532013,0.0
-0.037499999999999645,0.026540174737526567,0.026540174737526567,0.0
-0.03250000000000064,0.0248512545269567,0.0248512545269567,0.0
-0.027499999999999858,0.02515284742170132,0.02515284742170132,0.0
-0.022499999999999076,0.02245359101373697,0.02245359101373697,0.0
-0.01750000000000007,0.027852103829665662,0.027852103829665662,0.0
-0.01249999999999929,0.028741802869162298,0.028741802869162298,0.0
-0.007500000000000284,0.023825838684824987,0.023825838684824987,0.0
-0.0024999999999995026,0.023494086500605905,0.023494086500605905,0.0
0.0024999999999995026,0.021790086645298804,0.021790086645298804,0.0
0.007500000000000284,0.0198900514084077,0.0198900514084077,0.0
0.012500000000001066,0.016647927789903032,0.016647927789903032,0.0
0.01750000000000007,0.016135219868837175,0.016135219868837175,0.0
0.022500000000000853,0.014280423566157763,0.014280423566157763,0.0
0.027499999999999858,0.012636742289799585,0.012636742289799585,0.0
0.03250000000000064,0.01322484843455159,0.01322484843455159,0.0
0.037499999999999645,0.014959007579333158,0.014959007579333158,0.0
0.042500000000000426,0.012093875079259265,0.012093875079259265,0.0
0.04749999999999943,0.011505768934507256,0.011505768934507256,0.0
0.05250000000000021,0.007901733842309046,0.007901733842309046,0.0
0.057500000000000995,0.0053985128159287,0.0053985128159287,0.0
0.0625,0.007358866631768729,0.007358866631768729,0.0
0.06750000000000078,0.006740601197542259,0.006740601197542259,0.0
0.07249999999999979,0.004840565960651152,0.004840565960651152,0.0
0.07750000000000057,0.002759574986913274,0.002759574986913274,0.0
0.08249999999999957,0.003136566105344049,0.003136566105344049,0.0
0.08750000000000036,0.0005277875658030852,0.0005277875658030852,0.0
0.09249999999999936,0.0003166725394818511,0.0003166725394818511,0.0
0.09750000000000014,0.0005277875658030852,0.0005277875658030852,0.0
