omega,S,S_edge,S_cont
-1.5541566378640421,0,0,0
-1.5541209432061094,11.00162053484981,11.00162053484981,0.0
-1.5540145617329713,5.555478494229224,5.555478494229224,0.0
-1.5538389170400089,3.7414922070707517,3.7414922070707517,0.0
-1.5535953860212677,2.833875878899631,2.833875878899631,0.0
-1.553284832171133,2.2833902920771045,2.2833902920771045,0.0
-1.5529086907751022,1.9234804099587446,1.9234804099587446,0.0
-1.5524682569242418,1.6620553730430516,1.6620553730430516,0.0
-1.5519641429683024,1.4661660713634308,1.4661660713634308,0.0
-1.5513975006090195,1.3142470610733352,1.3142470610733352,0.0
-1.5507690766959863,1.1913606186274373,1.1913606186274373,0.0
-1.5500793392196965,1.090482038525455,1.090482038525455,0.0
-1.5493288419117948,1.0059349645320643,1.0059349645320643,0.0
-1.5485188098292555,0.9357778396143827,0.9357778396143827,0.0
-1.547650161187902,0.8746106616639241,0.8746106616639241,0.0
-1.5467232750834254,0.8217398234699356,0.8217398234699356,0.0
-1.545738946816705,0.7754094958653969,0.7754094958653969,0.0
-1.5446975842077344,0.7341244034848771,0.7341244034848771,0.0
-1.5435994611826245,0.6972623670698676,0.6972623670698676,0.0
-1.5424453685643649,0.6645876817150929,0.6645876817150929,0.0
-1.5412360014563904,0.6349465557263589,0.6349465557263589,0.0
-1.5399715356964894,0.6079027673008863,0.6079027673008863,0.0
-1.5386523938824124,0.5833736872181924,0.5833736872181924,0.0
-1.5372791105225256,0.5608933191410274,0.5608933191410274,0.0
-1.5358519068185097,0.5401101573228786,0.5401101573228786,0.0
-1.5343711914525855,0.5210676627576559,0.5210676627576559,0.0
-1.5328374151636412,0.5033744483253345,0.5033744483253345,0.0
-1.531250704203426,0.48687065875763236,0.48687065875763236,0.0
-1.5296112486474311,0.4714966814906054,0.4714966814906054,0.0
-1.5279194319846203,0.45719091630095576,0.45719091630095576,0.0
-1.526175377590285,0.44366989688013847,0.44366989688013847,0.0
-1.5243794610655037,0.43115790462460296,0.43115790462460296,0.0
-1.522531904891405,0.4192121086768662,0.4192121086768662,0.0
-1.5206328698716942,0.4080923591400984,0.4080923591400984,0.0
-1.5186827370220888,0.3975278798574841,0.3975278798574841,0.0
-1.51668148578729,0.38750714367955164,0.38750714367955164,0.0
-1.5146291908019218,0.3779962803415864,0.3779962803415864,0.0
-1.5125259484048152,0.3689582025484702,0.3689582025484702,0.0
-1.5103718546484441,0.3603576850764568,0.3603576850764568,0.0
-1.5081668585484969,0.3521181488436926,0.3521181488436926,0.0
-1.5059108814733264,0.34425273294638165,0.34425273294638165,0.0
-1.5036040630365628,0.3367658389543899,0.3367658389543899,0.0
-1.5012465794314296,0.3296130587825059,0.3296130587825059,0.0
-1.4988384525750418,0.3227488593793357,0.3227488593793357,0.0
-1.4963794524891614,0.3161147728411539,0.3161147728411539,0.0
-1.4938696165539251,0.30980501284705747,0.30980501284705747,0.0
-1.4913090468845598,0.30371131685776387,0.30371131685776387,0.0
-1.4886974964838968,0.29782663123096,0.29782663123096,0.0
-1.4860347271384775,0.29213897596588095,0.29213897596588095,0.0
-1.4833207673545443,0.2866961398211783,0.2866961398211783,0.0
-1.4805555269148805,0.2814037053067687,0.2814037053067687,0.0
-1.477738601545333,0.2762714787616895,0.2762714787616895,0.0
-1.4748700303265943,0.2713609540483267,0.2713609540483267,0.0
-1.4719496318562566,0.26655257616539924,0.26655257616539924,0.0
-1.4689771986557134,0.26194235086863965,0.26194235086863965,0.0
-1.4659528806885984,0.25748452426246704,0.25748452426246704,0.0
-1.4628763818341906,0.25313178158684047,0.25313178158684047,0.0
-1.4597473990037084,0.248918579136334,0.248918579136334,0.0
-1.456565823189036,0.24483170201918728,0.24483170201918728,0.0
-1.4533313634546712,0.24084513323322373,0.24084513323322373,0.0
-1.450043687311174,0.23696947221294828,0.23696947221294828,0.0
-1.4467024339644292,0.23318291092538218,0.23318291092538218,0.0
-1.4433075180290504,0.22953660974202658,0.22953660974202658,0.0
-1.4398585884641344,0.2259364412513088,0.2259364412513088,0.0
-1.4363552809390714,0.2224656565099179,0.2224656565099179,0.0
-1.4327974355214455,0.2190626999014561,0.2190626999014561,0.0
-1.4291843815409928,0.21571885944759434,0.21571885944759434,0.0
-1.4255157573041732,0.21247610362499098,0.21247610362499098,0.0
-1.4217912339399044,0.2092921854314397,0.2092921854314397,0.0
-1.418010229466027,0.20617538279212982,0.20617538279212982,0.0
-1.4141724909076137,0.20314957329993957,0.20314957329993957,0.0
-1.4102774294730671,0.20015167191360403,0.20015167191360403,0.0
-1.4063240585000758,0.19720110732529175,0.19720110732529175,0.0
-1.4023118927310745,0.1943283032759461,0.1943283032759461,0.0
-1.3982404864932265,0.19150410956563646,0.19150410956563646,0.0
-1.3941092475701866,0.18874001686749653,0.18874001686749653,0.0
-1.3899176941056595,0.1860323290777204,0.1860323290777204,0.0
-1.3856652865072114,0.18337664136657456,0.18337664136657456,0.0
-1.3813511721112555,0.1807486479161979,0.1807486479161979,0.0
-1.3769744706112612,0.17816946530585046,0.17816946530585046,0.0
-1.3725348456492783,0.17566115844858093,0.17566115844858093,0.0
-1.3680314952468602,0.17316288653649886,0.17316288653649886,0.0
-1.3634632058151646,0.17070252956282786,0.17070252956282786,0.0
-1.3588294476335463,0.16830414506281324,0.16830414506281324,0.0
-1.3541293809013824,0.16592009974077615,0.16592009974077615,0.0
-1.3493619323708423,0.16358016383598295,0.16358016383598295,0.0
-1.3445263439129427,0.16127694592106148,0.16127694592106148,0.0
-1.3396214036241392,0.15898722241675467,0.15898722241675467,0.0
-1.3346459046521022,0.15673513312581533,0.15673513312581533,0.0
-1.3295990434096285,0.1545228171419794,0.1545228171419794,0.0
-1.3244799522959008,0.1523432917342103,0.1523432917342103,0.0
-1.3192877378737657,0.1502010483608709,0.1502010483608709,0.0
-1.3140210783412074,0.14806709015400693,0.14806709015400693,0.0
-1.3086784118951942,0.14595784717254748,0.14595784717254748,0.0
-1.3032584883328246,0.14387601404642694,0.14387601404642694,0.0
-1.297759982240386,0.14181577081597876,0.14181577081597876,0.0
-1.292181310935569,0.1397708449587229,0.1397708449587229,0.0
-1.2865210705295689,0.13775782178305548,0.13775782178305548,0.0
-1.2807780148396284,0.1357689323282294,0.1357689323282294,0.0
-1.274950737651307,0.1338046069898302,0.1338046069898302,0.0
-1.2690375321342922,0.1318518464079012,0.1318518464079012,0.0
-1.2630364688220552,0.1299154777425457,0.1299154777425457,0.0
-1.256945532254827,0.127989673332777,0.127989673332777,0.0
-1.2507627369804064,0.12608387148749,0.12608387148749,0.0
-1.244486349282027,0.12420105357265353,0.12420105357265353,0.0
-1.2381145209261595,0.1223351403208021,0.1223351403208021,0.0
-1.231645256875636,0.12048803267752112,0.12048803267752112,0.0
-1.2250765668388737,0.11865982216913955,0.11865982216913955,0.0
-1.2184064491493642,0.11685160394384549,0.11685160394384549,0.0
-1.2116325479901895,0.11505183050023997,0.11505183050023997,0.0
-1.2047523995399056,0.11327055955523879,0.11327055955523879,0.0
-1.1977634630237755,0.11149811681438253,0.11149811681438253,0.0
-1.1906632076237909,0.10974670878513054,0.10974670878513054,0.0
-1.183449027460755,0.10800455951592956,0.10800455951592956,0.0
-1.1761174534630796,0.10626053598251485,0.10626053598251485,0.0
-1.168665768028252,0.10455078588507921,0.10455078588507921,0.0
-1.1610913699380485,0.1028455648402367,0.1028455648402367,0.0
-1.1533909535010176,0.1011569040069514,0.1011569040069514,0.0
-1.1455612014993641,0.09947608899362129,0.09947608899362129,0.0
-1.1375992913527289,0.09782658029495347,0.09782658029495347,0.0
-1.1295017363964224,0.09617156668582875,0.09617156668582875,0.0
-1.1212635627602987,0.09451569647276357,0.09451569647276357,0.0
-1.1128802436072782,0.09287039784192572,0.09287039784192572,0.0
-1.104348419685358,0.09125405206420831,0.09125405206420831,0.0
-1.0956638977201152,0.08963355571793499,0.08963355571793499,0.0
-1.0868214395576814,0.08802352986634453,0.08802352986634453,0.0
-1.0778164346801486,0.08642700296048615,0.08642700296048615,0.0
-1.0686432647868425,0.0848260785737471,0.0848260785737471,0.0
-1.0592952695508389,0.0832248151859803,0.0832248151859803,0.0
-1.0497674614916295,0.08165453646184757,0.08165453646184757,0.0
-1.04005485381028,0.08008819079296552,0.08008819079296552,0.0
-1.0301496480205068,0.0785104121641831,0.0785104121641831,0.0
-1.0200438101563374,0.07693999931571482,0.07693999931571482,0.0
-1.0097314613349302,0.0753974962084762,0.0753974962084762,0.0
-0.9992064656370776,0.07386265415965676,0.07386265415965676,0.0
-0.9884607614646436,0.07233236741918855,0.07233236741918855,0.0
-0.9774851591633953,0.07080111000944464,0.07080111000944464,0.0
-0.9662707732833029,0.06928505610599742,0.06928505610599742,0.0
-0.9548073620986874,0.06775889452408733,0.06775889452408733,0.0
-0.943084783302248,0.06625547765278543,0.06625547765278543,0.0
-0.9310930230013796,0.06475142673654889,0.06475142673654889,0.0
-0.9188213046507605,0.06326711766884832,0.06326711766884832,0.0
-0.9062593574124727,0.06179424429267179,0.06179424429267179,0.0
-0.8933950088283571,0.060327975236446445,0.060327975236446445,0.0
-0.8802159854072995,0.05887877212329595,0.05887877212329595,0.0
-0.8667078901621135,0.057424953964590256,0.057424953964590256,0.0
-0.8528557755459434,0.0559907656485418,0.0559907656485418,0.0
-0.8386462255903953,0.05457254079525987,0.05457254079525987,0.0
-0.8240642414912929,0.053167496881295774,0.053167496881295774,0.0
-0.8090922513914849,0.051766865262695805,0.051766865262695805,0.0
-0.7937115518887254,0.05037972793645137,0.05037972793645137,0.0
-0.777904782636808,0.04901395275047387,0.04901395275047387,0.0
-0.7616554682347381,0.047673109724041096,0.047673109724041096,0.0
-0.7449448008626762,0.04634526052353516,0.04634526052353516,0.0
-0.727750903502371,0.04503141247722652,0.04503141247722652,0.0
-0.7100540220020881,0.04374832502307328,0.04374832502307328,0.0
-0.6918371079848955,0.04249718085808102,0.04249718085808102,0.0
-0.6730815239574961,0.04127161153756194,0.04127161153756194,0.0
-0.6537684431271934,0.04007915377984764,0.04007915377984764,0.0
-0.6338780314141733,0.038910670989971675,0.038910670989971675,0.0
-0.6133883387709768,0.03776908164780548,0.03776908164780548,0.0
-0.5922792614085881,0.03666073340868594,0.03666073340868594,0.0
-0.5705363678449425,0.035598992464730986,0.035598992464730986,0.0
-0.5481447699334763,0.034567325543120093,0.034567325543120093,0.0
-0.5250832588537396,0.03356087322896045,0.03356087322896045,0.0
-0.5013351597411009,0.032597249114082016,0.032597249114082016,0.0
-0.47689018124097415,0.03167444617713469,0.03167444617713469,0.0
-0.45173595073560807,0.03078483092982138,0.03078483092982138,0.0
-0.4258563537386314,0.029923704801904958,0.029923704801904958,0.0
-0.39923652239292706,0.029096392357257493,0.029096392357257493,0.0
-0.3718609904418243,0.028294387947443194,0.028294387947443194,0.0
-0.3437150986427059,0.027525288902806276,0.027525288902806276,0.0
-0.3147823074212389,0.026776256077392094,0.026776256077392094,0.0
-0.28504573817419426,0.02605725273788268,0.02605725273788268,0.0
-0.2544891473698439,0.025358384739560626,0.025358384739560626,0.0
-0.22308710881197674,0.024673114434274755,0.024673114434274755,0.0
-0.1908157204953926,0.02401048622774983,0.02401048622774983,0.0
-0.1576499508811845,0.02336040912718956,0.02336040912718956,0.0
-0.1235628527523705,0.0227300555276698,0.0227300555276698,0.0
-0.08853019810688004,0.022116402928056562,0.022116402928056562,0.0
-0.05252140452085677,0.021514476940765536,0.021514476940765536,0.0
-0.015497393723967686,0.020920266303947582,0.020920266303947582,0.0
0.022587011553686934,0.020333219611317,0.020333219611317,0.0
0.06178487880771816,0.01974881623457624,0.01974881623457624,0.0
0.10215305954638867,0.019171491808693736,0.019171491808693736,0.0
0.14375693317459826,0.018593369747897777,0.018593369747897777,0.0
0.18666954207858216,0.018020145122268287,0.018020145122268287,0.0
0.23097404989927547,0.01744377097155494,0.01744377097155494,0.0
0.276763365081418,0.016870666866477865,0.016870666866477865,0.0
0.3241442894699859,0.016291937565638574,0.016291937565638574,0.0
0.3732453957849968,0.01570971291746139,0.01570971291746139,0.0
0.4242258132250202,0.015113575492706765,0.015113575492706765,0.0
0.47729879370207273,0.014496208556816702,0.014496208556816702,0.0
0.5327654856774091,0.013838682093353667,0.013838682093353667,0.0
0.5910190032878753,0.01314403328368306,0.01314403328368306,0.0
0.6525485503985478,0.01240640039070339,0.01240640039070339,0.0
0.7180430092404884,0.011604062920935018,0.011604062920935018,0.0
0.7886376874983851,0.010684769914015377,0.010684769914015377,0.0
0.8664717357258371,0.009559167770073632,0.009559167770073632,0.0
0.9568313173027838,0.007968942305295533,0.007968942305295533,0.0
1.0061100128503127,0,0,0
