omega,S,S_edge,S_cont,Sr,Sr_edge,Sr_cont
-1.5824999999999996,0.0,0.0,0.0
-1.5775000000000006,0.0012032299863248906,0.0012032299863248906,0.0
-1.5724999999999998,0.00666017642561036,0.00666017642561036,0.0
-1.567499999999999,0.03906884624004268,0.03906884624004268,0.0
-1.5625,0.18691219651797836,0.18691219651797836,0.0
-1.5574999999999992,0.48903602042105165,0.48903602042105165,0.0
-1.5525000000000002,0.7968681181756943,0.7968681181756943,0.0
-1.5474999999999994,0.9036916931757057,0.9036916931757057,0.0
-1.5425000000000004,0.777138916311151,0.777138916311151,0.0
-1.5374999999999996,0.6122649922581084,0.6122649922581084,0.0
-1.5325000000000006,0.5198864602793026,0.5198864602793026,0.0
-1.5274999999999999,0.464980845472515,0.464980845472515,0.0
-1.522499999999999,0.4262638576096753,0.4262638576096753,0.0
-1.5175,0.3963527539548473,0.3963527539548473,0.0
-1.5124999999999993,0.37184518966419394,0.37184518966419394,0.0
-1.5075000000000003,0.35209713824372896,0.35209713824372896,0.0
-1.5024999999999995,0.33596505996754567,0.33596505996754567,0.0
-1.4975000000000005,0.3202979374040937,0.3202979374040937,0.0
-1.4924999999999997,0.3077692659015777,0.3077692659015777,0.0
-1.4875000000000007,0.29551705455257765,0.29551705455257765,0.0
-1.4825,0.2861362588889585,0.2861362588889585,0.0
-1.4774999999999991,0.27641617121875167,0.27641617121875167,0.0
-1.4725000000000001,0.267767366643419,0.267767366643419,0.0
-1.4674999999999994,0.2605982522079271,0.2605982522079271,0.0
-1.4625000000000004,0.2524489608645152,0.2524489608645152,0.0
-1.4574999999999996,0.246200333076525,0.246200333076525,0.0
-1.4525000000000006,0.24018418314490056,0.24018418314490056,0.0
-1.4474999999999998,0.23392927217160325,0.23392927217160325,0.0
-1.442499999999999,0.22855086554865756,0.22855086554865756,0.0
-1.4375,0.22397356505237725,0.22397356505237725,0.0
-1.4324999999999992,0.21912294599523463,0.21912294599523463,0.0
-1.4275000000000002,0.2133706898465117,0.2133706898465117,0.0
-1.4224999999999994,0.21021967241496112,0.21021967241496112,0.0
-1.4175000000000004,0.20549471706396205,0.20549471706396205,0.0
-1.4124999999999996,0.20202011558909175,0.20202011558909175,0.0
-1.4075000000000006,0.1975370628724191,0.1975370628724191,0.0
-1.4024999999999999,0.19466564718703805,0.19466564718703805,0.0
-1.397499999999999,0.19091458555865182,0.19091458555865182,0.0
-1.3925,0.18681794873837074,0.18681794873837074,0.0
-1.3874999999999993,0.1841130374636299,0.1841130374636299,0.0
-1.3825000000000003,0.1812321970002881,0.1812321970002881,0.0
-1.3774999999999995,0.17897967506766416,0.17897967506766416,0.0
-1.3725000000000005,0.17532600281153923,0.17532600281153923,0.0
-1.3674999999999997,0.17251741897922998,0.17251741897922998,0.0
-1.362499999999999,0.16991303866940402,0.16991303866940402,0.0
-1.3575,0.1674908707334863,0.1674908707334863,0.0
-1.3524999999999991,0.16510954350206525,0.16510954350206525,0.0
-1.3475000000000001,0.1624423313391675,0.1624423313391675,0.0
-1.3424999999999994,0.1601709598506221,0.1601709598506221,0.0
-1.3375000000000004,0.15782104854573692,0.15782104854573692,0.0
-1.3324999999999996,0.15564706642945278,0.15564706642945278,0.0
-1.3275000000000006,0.15329087193926041,0.15329087193926041,0.0
-1.3224999999999998,0.15124883671442704,0.15124883671442704,0.0
-1.317499999999999,0.14929162449124062,0.14929162449124062,0.0
-1.3125,0.14709250963372777,0.14709250963372777,0.0
-1.3074999999999992,0.14546202304651468,0.14546202304651468,0.0
-1.3025000000000002,0.14350166923067462,0.14350166923067462,0.0
-1.2974999999999994,0.1416010056752528,0.1416010056752528,0.0
-1.2925000000000004,0.13986370493781766,0.13986370493781766,0.0
-1.2874999999999996,0.1375232184108933,0.1375232184108933,0.0
-1.2825000000000006,0.135204723032544,0.135204723032544,0.0
-1.2774999999999999,0.13451357264875424,0.13451357264875424,0.0
-1.272499999999999,0.13359308600125241,0.13359308600125241,0.0
-1.2675,0.13168928085317697,0.13168928085317697,0.0
-1.2624999999999993,0.1300870685998462,0.1300870685998462,0.0
-1.2575000000000003,0.12719366176588998,0.12719366176588998,0.0
-1.2524999999999995,0.12598100700160433,0.12598100700160433,0.0
-1.2475000000000005,0.12505423716879535,0.12505423716879535,0.0
-1.2424999999999997,0.12384472399716327,0.12384472399716327,0.0
-1.237499999999999,0.12231162678221147,0.12231162678221147,0.0
-1.2325,0.12031985703983554,0.12031985703983554,0.0
-1.2274999999999991,0.11929883942741884,0.11929883942741884,0.0
-1.2225000000000001,0.1173793263160755,0.1173793263160755,0.0
-1.2174999999999994,0.11674158300739675,0.11674158300739675,0.0
-1.2125000000000004,0.11570485743171213,0.11570485743171213,0.0
-1.2074999999999996,0.11399897262081286,0.11399897262081286,0.0
-1.2025000000000006,0.11162707016735256,0.11162707016735256,0.0
-1.1974999999999998,0.11195065421067231,0.11195065421067231,0.0
-1.192499999999999,0.1105086631826746,0.1105086631826746,0.0
-1.1875,0.10838494654884791,0.10838494654884791,0.0
-1.1824999999999992,0.10807078728348894,0.10807078728348894,0.0
-1.1775000000000002,0.10631149539747865,0.10631149539747865,0.0
-1.1724999999999994,0.10486322118417375,0.10486322118417375,0.0
-1.1675000000000004,0.1052716282291404,0.1052716282291404,0.0
-1.1624999999999996,0.10228083202292293,0.10228083202292293,0.0
-1.1575000000000006,0.10237193820987703,0.10237193820987703,0.0
-1.1524999999999999,0.1011530002602842,0.1011530002602842,0.0
-1.147499999999999,0.09929003581670545,0.09929003581670545,0.0
-1.1425,0.099186363259137,0.099186363259137,0.0
-1.1374999999999993,0.09787317752993646,0.09787317752993646,0.0
-1.1325000000000003,0.09701238114285285,0.09701238114285285,0.0
-1.1274999999999995,0.09532220429522154,0.09532220429522154,0.0
-1.1225000000000005,0.09511485918008461,0.09511485918008461,0.0
-1.1174999999999997,0.09333985933080638,0.09333985933080638,0.0
-1.112499999999999,0.09278379743112097,0.09278379743112097,0.0
-1.1075,0.09274295672662432,0.09274295672662432,0.0
-1.1024999999999991,0.08927778002971477,0.08927778002971477,0.0
-1.0975000000000001,0.0919198594513838,0.0919198594513838,0.0
-1.0924999999999994,0.08765357662780884,0.08765357662780884,0.0
-1.0875000000000004,0.08928720480767553,0.08928720480767553,0.0
-1.0824999999999996,0.0865917183108955,0.0865917183108955,0.0
-1.0775000000000006,0.08629955019411165,0.08629955019411165,0.0
-1.0724999999999998,0.08592255907568087,0.08592255907568087,0.0
-1.067499999999999,0.08442087778726494,0.08442087778726494,0.0
-1.0625,0.08424180700601032,0.08424180700601032,0.0
-1.0574999999999992,0.08234114345058849,0.08234114345058849,0.0
-1.0525000000000002,0.0824699487493857,0.0824699487493857,0.0
-1.0474999999999994,0.08086773649605487,0.08086773649605487,0.0
-1.0425000000000004,0.08043419670985949,0.08043419670985949,0.0
-1.0374999999999996,0.08027397548452642,0.08027397548452642,0.0
-1.0325000000000006,0.07832618803930076,0.07832618803930076,0.0
-1.0274999999999999,0.07875344464018895,0.07875344464018895,0.0
-1.022499999999999,0.07657003774594405,0.07657003774594405,0.0
-1.0175,0.07691561293783894,0.07691561293783894,0.0
-1.0124999999999993,0.07607680769933046,0.07607680769933046,0.0
-1.0075000000000003,0.07413844503206554,0.07413844503206554,0.0
-1.0024999999999995,0.07611136521851994,0.07611136521851994,0.0
-0.9975000000000005,0.07173198505941576,0.07173198505941576,0.0
-0.9924999999999997,0.07520972812693966,0.07520972812693966,0.0
-0.9874999999999989,0.0698124719480724,0.0698124719480724,0.0
-0.9824999999999999,0.07329649820090349,0.07329649820090349,0.0
-0.9774999999999991,0.06994756043217676,0.06994756043217676,0.0
-0.9725000000000001,0.07038110021837214,0.07038110021837214,0.0
-0.9674999999999994,0.06979990557745804,0.06979990557745804,0.0
-0.9625000000000004,0.0685778260352116,0.0685778260352116,0.0
-0.9574999999999996,0.06854012692336854,0.06854012692336854,0.0
-0.9525000000000006,0.06740287038276904,0.06740287038276904,0.0
-0.9474999999999998,0.06552733956857591,0.06552733956857591,0.0
-0.942499999999999,0.06788039246611467,0.06788039246611467,0.0
-0.9375,0.06433039276755823,0.06433039276755823,0.0
-0.9324999999999992,0.06576924220290234,0.06576924220290234,0.0
-0.9275000000000002,0.06452831310473438,0.06452831310473438,0.0
-0.9224999999999994,0.06161919830751022,0.06161919830751022,0.0
-0.9175000000000004,0.06635986162177722,0.06635986162177722,0.0
-0.9124999999999996,0.05960857900921276,0.05960857900921276,0.0
-0.9075000000000006,0.06356698575273588,0.06356698575273588,0.0
-0.9024999999999999,0.061779419532843306,0.061779419532843306,0.0
-0.8974999999999991,0.058546720692299395,0.058546720692299395,0.0
-0.8925000000000001,0.06320570259757308,0.06320570259757308,0.0
-0.8874999999999993,0.058355083540430425,0.058355083540430425,0.0
-0.8825000000000003,0.05759795971091528,0.05759795971091528,0.0
-0.8774999999999995,0.06137729567318379,0.06137729567318379,0.0
-0.8725000000000005,0.056580083691152194,0.056580083691152194,0.0
-0.8674999999999997,0.05717384470268065,0.05717384470268065,0.0
-0.8624999999999989,0.05889229588419428,0.05889229588419428,0.0
-0.8574999999999999,0.054940172325978316,0.054940172325978316,0.0
-0.8524999999999991,0.05603658816208116,0.05603658816208116,0.0
-0.8475000000000001,0.056353889020093716,0.056353889020093716,0.0
-0.8424999999999994,0.054321278573221124,0.054321278573221124,0.0
-0.8375000000000004,0.054428092723443185,0.054428092723443185,0.0
-0.8324999999999996,0.05415791575523446,0.05415791575523446,0.0
-0.8275000000000006,0.05360185385554907,0.05360185385554907,0.0
-0.8224999999999998,0.052763048617040606,0.052763048617040606,0.0
-0.817499999999999,0.05280388932153726,0.05280388932153726,0.0
-0.8125,0.05233893360880598,0.05233893360880598,0.0
-0.8074999999999992,0.05144043810987928,0.05144043810987928,0.0
-0.8025000000000002,0.051050880620834155,0.051050880620834155,0.0
-0.7974999999999994,0.05140273899803621,0.05140273899803621,0.0
-0.7925000000000004,0.04992304885819541,0.04992304885819541,0.0
-0.7874999999999996,0.04933871262462772,0.04933871262462772,0.0
-0.7825000000000006,0.050331455903162084,0.050331455903162084,0.0
-0.7774999999999999,0.04921619051113771,0.04921619051113771,0.0
-0.7724999999999991,0.04742234110593794,0.04742234110593794,0.0
-0.7675000000000001,0.049043402915190264,0.049043402915190264,0.0
-0.7624999999999993,0.048166898564838724,0.048166898564838724,0.0
-0.7575000000000003,0.04616256245184844,0.04616256245184844,0.0
-0.7524999999999995,0.04708933228465742,0.04708933228465742,0.0
-0.7475000000000005,0.04831769501221103,0.04831769501221103,0.0
-0.7424999999999997,0.04476141212834738,0.04476141212834738,0.0
-0.7374999999999989,0.04465773957077891,0.04465773957077891,0.0
-0.7324999999999999,0.048031810080734365,0.048031810080734365,0.0
-0.7274999999999991,0.044532075864635326,0.044532075864635326,0.0
-0.7225000000000001,0.042483757454494786,0.042483757454494786,0.0
-0.7174999999999994,0.04559707577420227,0.04559707577420227,0.0
-0.7125000000000004,0.0463259252698351,0.0463259252698351,0.0
-0.7074999999999996,0.04039145674720397,0.04039145674720397,0.0
-0.7025000000000006,0.04357389010529043,0.04357389010529043,0.0
-0.6974999999999998,0.04508499617166713,0.04508499617166713,0.0
-0.692499999999999,0.04196225307399887,0.04196225307399887,0.0
-0.6875,0.04008043907449858,0.04008043907449858,0.0
-0.6824999999999992,0.04379065999838813,0.04379065999838813,0.0
-0.6775000000000002,0.04253088134429864,0.04253088134429864,0.0
-0.6724999999999994,0.039492961248277295,0.039492961248277295,0.0
-0.6675000000000004,0.04073703193909886,0.04073703193909886,0.0
-0.6624999999999996,0.041849155738469646,0.041849155738469646,0.0
-0.6575000000000006,0.04074017353175244,0.04074017353175244,0.0
-0.6524999999999999,0.03832114718848831,0.03832114718848831,0.0
-0.6474999999999991,0.04048884611946526,0.04048884611946526,0.0
-0.6425000000000001,0.0398008373283291,0.0398008373283291,0.0
-0.6374999999999993,0.03950238602623806,0.03950238602623806,0.0
-0.6325000000000003,0.037878182624332145,0.037878182624332145,0.0
-0.6274999999999995,0.03865101441711523,0.03865101441711523,0.0
-0.6225000000000005,0.038679288750997534,0.038679288750997534,0.0
-0.6174999999999997,0.03900601438697088,0.03900601438697088,0.0
-0.6124999999999989,0.03652101459798134,0.03652101459798134,0.0
-0.6074999999999999,0.03660897919228186,0.03660897919228186,0.0
-0.6024999999999991,0.0379849967745542,0.0379849967745542,0.0
-0.5975000000000001,0.038116943666004974,0.038116943666004974,0.0
-0.5924999999999994,0.03627597037100134,0.03627597037100134,0.0
-0.5875000000000004,0.034755439526663885,0.034755439526663885,0.0
-0.5824999999999996,0.03664353671147135,0.03664353671147135,0.0
-0.5775000000000006,0.03741636850425444,0.03741636850425444,0.0
-0.5724999999999998,0.035723050063969544,0.035723050063969544,0.0
-0.567499999999999,0.03439729796415465,0.03439729796415465,0.0
-0.5625,0.03389778473223387,0.03389778473223387,0.0
-0.5574999999999992,0.0367849083808829,0.0367849083808829,0.0
-0.5525000000000002,0.03478685545319978,0.03478685545319978,0.0
-0.5474999999999994,0.034786855453199775,0.034786855453199775,0.0
-0.5425000000000004,0.03312495293945077,0.03312495293945077,0.0
-0.5374999999999996,0.033995174104495145,0.033995174104495145,0.0
-0.5325000000000006,0.034695749266245676,0.034695749266245676,0.0
-0.5274999999999999,0.03380039535997258,0.03380039535997258,0.0
-0.5224999999999991,0.03397632454857361,0.03397632454857361,0.0
-0.5175000000000001,0.03156672298327024,0.03156672298327024,0.0
-0.5124999999999993,0.033470528131345656,0.033470528131345656,0.0
-0.5075000000000003,0.03278251934020949,0.03278251934020949,0.0
-0.5024999999999995,0.03300871401126795,0.03300871401126795,0.0
-0.4975000000000005,0.03352393520645669,0.03352393520645669,0.0
-0.4924999999999997,0.03106092656604229,0.03106092656604229,0.0
-0.48749999999999893,0.03159185572449896,0.03159185572449896,0.0
-0.48249999999999993,0.03136880264609409,0.03136880264609409,0.0
-0.47749999999999915,0.032625439707530006,0.032625439707530006,0.0
-0.47250000000000014,0.03250291759404,0.03250291759404,0.0
-0.46749999999999936,0.031020085861545622,0.031020085861545622,0.0
-0.46250000000000036,0.029628360316005336,0.029628360316005336,0.0
-0.4574999999999996,0.03059597085331099,0.03059597085331099,0.0
-0.45250000000000057,0.031098625677885367,0.031098625677885367,0.0
-0.4474999999999998,0.032581457410379745,0.032581457410379745,0.0
-0.442499999999999,0.030643094743114847,0.030643094743114847,0.0
-0.4375,0.02836544006926224,0.02836544006926224,0.0
-0.4324999999999992,0.02930477627268559,0.02930477627268559,0.0
-0.4275000000000002,0.03011844876996535,0.03011844876996535,0.0
-0.42249999999999943,0.03140021857262998,0.03140021857262998,0.0
-0.4175000000000004,0.030884997377441253,0.030884997377441253,0.0
-0.41249999999999964,0.0281612365467789,0.0281612365467789,0.0
-0.40750000000000064,0.028076413545131983,0.028076413545131983,0.0
-0.40249999999999986,0.02863875863012455,0.02863875863012455,0.0
-0.3974999999999991,0.029914245247482006,0.029914245247482006,0.0
-0.39250000000000007,0.030266103624684067,0.030266103624684067,0.0
-0.3874999999999993,0.028905794005679688,0.028905794005679688,0.0
-0.3825000000000003,0.027517210052792996,0.027517210052792996,0.0
-0.3774999999999995,0.027086811859251197,0.027086811859251197,0.0
-0.3725000000000005,0.02878013029953609,0.02878013029953609,0.0
-0.3674999999999997,0.0287487143730002,0.0287487143730002,0.0
-0.36249999999999893,0.027997873728792234,0.027997873728792234,0.0
-0.35749999999999993,0.02826176751169378,0.02826176751169378,0.0
-0.35249999999999915,0.027617741017707868,0.027617741017707868,0.0
-0.34750000000000014,0.027052254340061706,0.027052254340061706,0.0
-0.34249999999999936,0.027975882580217108,0.027975882580217108,0.0
-0.33750000000000036,0.025673095165135787,0.025673095165135787,0.0
-0.3324999999999996,0.027199909194780422,0.027199909194780422,0.0
-0.32750000000000057,0.028509953331327373,0.028509953331327373,0.0
-0.3224999999999998,0.028415705551719673,0.028415705551719673,0.0
-0.317499999999999,0.027052254340061702,0.027052254340061702,0.0
-0.3125,0.024972520003385262,0.024972520003385262,0.0
-0.3074999999999992,0.02321008652472139,0.02321008652472139,0.0
-0.3025000000000002,0.02681663489104247,0.02681663489104247,0.0
-0.29749999999999943,0.028789555077496858,0.028789555077496858,0.0
-0.2925000000000004,0.03003048417566483,0.03003048417566483,0.0
-0.28749999999999964,0.02677265259389221,0.02677265259389221,0.0
-0.28250000000000064,0.02177437868203085,0.02177437868203085,0.0
-0.27749999999999986,0.021422520304828795,0.021422520304828795,0.0
-0.2724999999999991,0.02514216600667911,0.02514216600667911,0.0
-0.26750000000000007,0.02907544000897353,0.02907544000897353,0.0
-0.2624999999999993,0.032352121146667696,0.032352121146667696,0.0
-0.2575000000000003,0.02640194466076862,0.02640194466076862,0.0
-0.2524999999999995,0.020568007103052368,0.020568007103052368,0.0
-0.2475000000000005,0.019185706335472865,0.019185706335472865,0.0
-0.24249999999999972,0.022286458284565987,0.022286458284565987,0.0
-0.23749999999999893,0.027850218874073508,0.027850218874073508,0.0
-0.23249999999999993,0.03386008562039079,0.03386008562039079,0.0
-0.22749999999999915,0.028186369288007627,0.028186369288007627,0.0
-0.22250000000000014,0.020797343366764424,0.020797343366764424,0.0
-0.21749999999999936,0.017618051601331557,0.017618051601331557,0.0
-0.21250000000000036,0.018805573624388495,0.018805573624388495,0.0
-0.20749999999999957,0.02481544037070577,0.02481544037070577,0.0
-0.20250000000000057,0.032364687517282054,0.032364687517282054,0.0
-0.1974999999999998,0.03160756368776691,0.03160756368776691,0.0
-0.192499999999999,0.024259378471020374,0.024259378471020374,0.0
-0.1875,0.017093405628182057,0.017093405628182057,0.0
-0.18249999999999922,0.016559334877071796,0.016559334877071796,0.0
-0.1775000000000002,0.020065352278478003,0.020065352278478003,0.0
-0.17249999999999943,0.028029289655328127,0.028029289655328127,0.0
-0.16750000000000043,0.0324715016675041,0.0324715016675041,0.0
-0.16249999999999964,0.02927964353145687,0.02927964353145687,0.0
-0.15750000000000064,0.020454909767523136,0.020454909767523136,0.0
-0.15249999999999986,0.01556659159853742,0.01556659159853742,0.0
-0.14749999999999908,0.016986591477960004,0.016986591477960004,0.0
-0.14250000000000007,0.02196601583389983,0.02196601583389983,0.0
-0.1374999999999993,0.02718105963885889,0.02718105963885889,0.0
-0.13250000000000028,0.031554156612655884,0.031554156612655884,0.0
-0.1274999999999995,0.026643847295095033,0.026643847295095033,0.0
-0.1225000000000005,0.019572122231864407,0.019572122231864407,0.0
-0.11749999999999972,0.01555088363526947,0.01555088363526947,0.0
-0.11249999999999893,0.01787880379157951,0.01787880379157951,0.0
-0.10749999999999993,0.022355573322944963,0.022355573322944963,0.0
-0.10249999999999915,0.025707652684325275,0.025707652684325275,0.0
-0.09750000000000014,0.028937209932215577,0.028937209932215577,0.0
-0.09249999999999936,0.024730617369058846,0.024730617369058846,0.0
-0.08750000000000036,0.019770042569040563,0.019770042569040563,0.0
-0.08249999999999957,0.017728007344207198,0.017728007344207198,0.0
-0.07750000000000057,0.01785681264300438,0.01785681264300438,0.0
-0.07249999999999979,0.02224247598741573,0.02224247598741573,0.0
-0.067499999999999,0.02381013072155704,0.02381013072155704,0.0
-0.0625,0.02441017491839269,0.02441017491839269,0.0
-0.05749999999999922,0.02376929001706037,0.02376929001706037,0.0
-0.05250000000000021,0.020813051330032376,0.020813051330032376,0.0
-0.04749999999999943,0.01978260893965492,0.01978260893965492,0.0
-0.042500000000000426,0.018968936442375166,0.018968936442375166,0.0
-0.037499999999999645,0.02137225482237136,0.02137225482237136,0.0
-0.03250000000000064,0.022192210504958294,0.022192210504958294,0.0
-0.027499999999999858,0.02131256456195315,0.02131256456195315,0.0
-0.022499999999999076,0.021124069002737764,0.021124069002737764,0.0
-0.01750000000000007,0.020530307991209296,0.020530307991209296,0.0
-0.01249999999999929,0.02190946716613521,0.02190946716613521,0.0
-0.007500000000000284,0.020681104438581604,0.020681104438581604,0.0
-0.0024999999999995026,0.021548184010972388,0.021548184010972388,0.0
0.0024999999999995026,0.021023538037822892,0.021023538037822892,0.0
0.007500000000000284,0.020109334575628256,0.020109334575628256,0.0
0.012500000000001066,0.017322741891894117,0.017322741891894117,0.0
0.01750000000000007,0.019311370041616455,0.019311370041616455,0.0
0.022500000000000853,0.020627697363470577,0.020627697363470577,0.0
0.027499999999999858,0.02256920162338907,0.02256920162338907,0.0
0.03250000000000064,0.022430971546631116,0.022430971546631116,0.0
0.037499999999999645,0.022757697182604456,0.022757697182604456,0.0
0.042500000000000426,0.018833847958270804,0.018833847958270804,0.0
0.04749999999999943,0.017765706456050277,0.017765706456050277,0.0
0.05250000000000021,0.016047255274536657,0.016047255274536657,0.0
0.057500000000000995,0.01780340556789335,0.01780340556789335,0.0
0.0625,0.020392077914451346,0.020392077914451346,0.0
0.06750000000000078,0.022430971546631116,0.022430971546631116,0.0
0.07249999999999979,0.022807962665061892,0.022807962665061892,0.0
0.07750000000000057,0.023068714855309844,0.023068714855309844,0.0
0.08249999999999957,0.018500839136990285,0.018500839136990285,0.0
0.08750000000000036,0.01659075080360769,0.01659075080360769,0.0
0.09249999999999936,0.016000131384732816,0.016000131384732816,0.0
0.09750000000000014,0.016078671201072557,0.016078671201072557,0.0
0.10250000000000092,0.01859194532394439,0.01859194532394439,0.0
0.10749999999999993,0.021331414117874693,0.021331414117874693,0.0
0.11250000000000071,0.022823670628329837,0.022823670628329837,0.0
0.11749999999999972,0.021865484868984954,0.021865484868984954,0.0
0.1225000000000005,0.020121900946242617,0.020121900946242617,0.0
0.1274999999999995,0.017740573714821555,0.017740573714821555,0.0
0.13250000000000028,0.015663980970798706,0.015663980970798706,0.0
0.13750000000000107,0.015422078336472292,0.015422078336472292,0.0
0.14250000000000007,0.01676982158486231,0.01676982158486231,0.0
0.14750000000000085,0.018906104589303373,0.018906104589303373,0.0
0.15249999999999986,0.02057429028835955,0.02057429028835955,0.0
0.15750000000000064,0.02041721065568006,0.02041721065568006,0.0
0.16249999999999964,0.02101097166720853,0.02101097166720853,0.0
0.16750000000000043,0.019443316933067223,0.019443316933067223,0.0
0.17249999999999943,0.016942609180809746,0.016942609180809746,0.0
0.1775000000000002,0.015858759715321268,0.015858759715321268,0.0
0.182500000000001,0.016336281798666925,0.016336281798666925,0.0
0.1875,0.016009556162693582,0.016009556162693582,0.0
0.19250000000000078,0.019119732889747474,0.019119732889747474,0.0
0.1974999999999998,0.017910219718115405,0.017910219718115405,0.0
0.20250000000000057,0.01890924618195696,0.01890924618195696,0.0
0.20749999999999957,0.019631812492282612,0.019631812492282612,0.0
0.21250000000000036,0.018984644405643115,0.018984644405643115,0.0
0.21749999999999936,0.017332166669854883,0.017332166669854883,0.0
0.22250000000000014,0.017165662259214627,0.017165662259214627,0.0
0.22750000000000092,0.01615092783210512,0.01615092783210512,0.0
0.23249999999999993,0.015959290680236143,0.015959290680236143,0.0
0.2375000000000007,0.01741070648619463,0.01741070648619463,0.0
0.24249999999999972,0.01749238789518796,0.01749238789518796,0.0
0.2475000000000005,0.016106945534954863,0.016106945534954863,0.0
0.2524999999999995,0.018654777177016187,0.018654777177016187,0.0
0.2575000000000003,0.018268361280624645,0.018268361280624645,0.0
0.26250000000000107,0.01693318440284898,0.01693318440284898,0.0
0.26750000000000007,0.017973051571187202,0.017973051571187202,0.0
0.27250000000000085,0.016549910099111022,0.016549910099111022,0.0
0.27749999999999986,0.0164650870974641,0.0164650870974641,0.0
0.28250000000000064,0.016848361401202057,0.016848361401202057,0.0
0.28749999999999964,0.015491193374851265,0.015491193374851265,0.0
0.2925000000000004,0.01546291904096896,0.01546291904096896,0.0
0.29749999999999943,0.01687349414243077,0.01687349414243077,0.0
0.3025000000000002,0.017932210866690532,0.017932210866690532,0.0
0.307500000000001,0.01615406942475871,0.01615406942475871,0.0
0.3125,0.016612741952182826,0.016612741952182826,0.0
0.3175000000000008,0.0172976091506654,0.0172976091506654,0.0
0.3224999999999998,0.017891370162193866,0.017891370162193866,0.0
0.32750000000000057,0.016326857020706145,0.016326857020706145,0.0
0.3324999999999996,0.015126768627034848,0.015126768627034848,0.0
0.33750000000000036,0.013565397078200722,0.013565397078200722,0.0
0.34249999999999936,0.015057653588655873,0.015057653588655873,0.0
0.34750000000000014,0.018353184282271565,0.018353184282271565,0.0
0.3525000000000009,0.015962432272889734,0.015962432272889734,0.0
0.35749999999999993,0.014906857141283564,0.014906857141283564,0.0
0.3625000000000007,0.015425219929125879,0.015425219929125879,0.0
0.3674999999999997,0.017476679931920015,0.017476679931920015,0.0
0.3725000000000005,0.018503980729643876,0.018503980729643876,0.0
0.3774999999999995,0.016857786179162823,0.016857786179162823,0.0
0.3825000000000003,0.012896237842986095,0.012896237842986095,0.0
0.38750000000000107,0.012569512207012757,0.012569512207012757,0.0
0.39250000000000007,0.014206281979533044,0.014206281979533044,0.0
0.39750000000000085,0.016911193254273853,0.016911193254273853,0.0
0.40249999999999986,0.015959290680236143,0.015959290680236143,0.0
0.40750000000000064,0.014589556283270994,0.014589556283270994,0.0
0.41249999999999964,0.015233582777256904,0.015233582777256904,0.0
0.4175000000000004,0.016044113681883066,0.016044113681883066,0.0
0.42249999999999943,0.018280927651239003,0.018280927651239003,0.0
0.4275000000000002,0.01684521980854847,0.01684521980854847,0.0
0.432500000000001,0.013292078517338412,0.013292078517338412,0.0
0.4375,0.013731901488840985,0.013731901488840985,0.0
0.4425000000000008,0.012871105101757378,0.012871105101757378,0.0
0.4474999999999998,0.013078450216894303,0.013078450216894303,0.0
0.45250000000000057,0.014262830647297659,0.014262830647297659,0.0
0.4574999999999996,0.014630396987767661,0.014630396987767661,0.0
0.46250000000000036,0.015349821705439725,0.015349821705439725,0.0
0.46749999999999936,0.015368671261361265,0.015368671261361265,0.0
0.47250000000000014,0.017175087037175393,0.017175087037175393,0.0
0.4775000000000009,0.016527918950535896,0.016527918950535896,0.0
0.48249999999999993,0.0142502642766833,0.0142502642766833,0.0
0.4875000000000007,0.014630396987767665,0.014630396987767665,0.0
0.4924999999999997,0.014652388136342787,0.014652388136342787,0.0
0.4975000000000005,0.011730706968504284,0.011730706968504284,0.0
0.5024999999999995,0.011309733552923251,0.011309733552923251,0.0
0.5075000000000003,0.011551636187249666,0.011551636187249666,0.0
0.5125000000000011,0.013433450186749948,0.013433450186749948,0.0
0.5175000000000001,0.01532468896421101,0.01532468896421101,0.0
0.5225000000000009,0.015494334967504854,0.015494334967504854,0.0
0.5274999999999999,0.01571424645325614,0.01571424645325614,0.0
0.5325000000000006,0.016125795090876405,0.016125795090876405,0.0
0.5374999999999996,0.015019954476812796,0.015019954476812796,0.0
0.5425000000000004,0.01499796332823767,0.01499796332823767,0.0
0.5474999999999994,0.013851282009677394,0.013851282009677394,0.0
0.5525000000000002,0.012299335238804035,0.012299335238804035,0.0
0.557500000000001,0.010477211499721957,0.010477211499721957,0.0
0.5625,0.010276149569892212,0.010276149569892212,0.0
0.5675000000000008,0.011215485773315558,0.011215485773315558,0.0
0.5724999999999998,0.013477432483900207,0.013477432483900207,0.0
0.5775000000000006,0.013182122774462766,0.013182122774462766,0.0
0.5824999999999996,0.014247122684029709,0.014247122684029709,0.0
0.5875000000000004,0.016198051721908968,0.016198051721908968,0.0
0.5924999999999994,0.015431503114433054,0.015431503114433054,0.0
0.5975000000000001,0.015717388045909733,0.015717388045909733,0.0
0.6025000000000009,0.014454467799166634,0.014454467799166634,0.0
0.6074999999999999,0.011733848561157875,0.011733848561157875,0.0
0.6125000000000007,0.01105526454798248,0.01105526454798248,0.0
0.6174999999999997,0.010945308805106838,0.010945308805106838,0.0
0.6225000000000005,0.010945308805106838,0.010945308805106838,0.0
0.6274999999999995,0.012349600721261471,0.012349600721261471,0.0
0.6325000000000003,0.010986149509603504,0.010986149509603504,0.0
0.6375000000000011,0.011655308744818129,0.011655308744818129,0.0
0.6425000000000001,0.012283627275536085,0.012283627275536085,0.0
0.6475000000000009,0.013879556343559704,0.013879556343559704,0.0
0.6524999999999999,0.0137256183035338,0.0137256183035338,0.0
0.6575000000000006,0.014721503174721767,0.014721503174721767,0.0
0.6624999999999996,0.014284821795872782,0.014284821795872782,0.0
0.6675000000000004,0.012500397168633782,0.012500397168633782,0.0
0.6724999999999994,0.01089190172999581,0.01089190172999581,0.0
0.6775000000000002,0.01001539737964426,0.01001539737964426,0.0
0.682500000000001,0.012220795422464292,0.012220795422464292,0.0
0.6875,0.014265972239951246,0.014265972239951246,0.0
0.6925000000000008,0.011074114103904017,0.011074114103904017,0.0
0.6974999999999998,0.010075087640062463,0.010075087640062463,0.0
0.7025000000000006,0.0121265476428566,0.0121265476428566,0.0
0.7074999999999996,0.011573627335824795,0.011573627335824795,0.0
0.7125000000000004,0.010913892878570936,0.010913892878570936,0.0
0.7174999999999994,0.010665707058937345,0.010665707058937345,0.0
0.7225000000000001,0.010637432725055037,0.010637432725055037,0.0
0.7275000000000009,0.011890928193837365,0.011890928193837365,0.0
0.7324999999999999,0.010313848681735288,0.010313848681735288,0.0
0.7375000000000007,0.010499202648297084,0.010499202648297084,0.0
0.7424999999999997,0.01313499888465892,0.01313499888465892,0.0
0.7475000000000005,0.014325662500369452,0.014325662500369452,0.0
0.7524999999999995,0.013122432514044564,0.013122432514044564,0.0
0.7575000000000003,0.011900352971798133,0.011900352971798133,0.0
0.7625000000000011,0.011693007856661206,0.011693007856661206,0.0
0.7675000000000001,0.010961016768374784,0.010961016768374784,0.0
0.7725000000000009,0.01088876013734222,0.01088876013734222,0.0
0.7774999999999999,0.010649999095669395,0.010649999095669395,0.0
0.7825000000000006,0.009581857593448867,0.009581857593448867,0.0
0.7874999999999996,0.008259247086287565,0.008259247086287565,0.0
0.7925000000000004,0.007216238325295752,0.007216238325295752,0.0
0.7974999999999994,0.006691592352146258,0.006691592352146258,0.0
0.8025000000000002,0.007115707360380878,0.007115707360380878,0.0
0.807500000000001,0.009145176214599888,0.009145176214599888,0.0
0.8125,0.01196946801017711,0.01196946801017711,0.0
0.8175000000000008,0.014394777538748429,0.014394777538748429,0.0
0.8224999999999998,0.016113228720262045,0.016113228720262045,0.0
0.8275000000000006,0.014620972209806895,0.014620972209806895,0.0
0.8324999999999996,0.012962211288711483,0.012962211288711483,0.0
0.8375000000000004,0.011231193736583506,0.011231193736583506,0.0
0.8424999999999994,0.011595618484399923,0.011595618484399923,0.0
0.8475000000000001,0.011696149449314797,0.011696149449314797,0.0
0.8525000000000009,0.008359778051202436,0.008359778051202436,0.0
0.8574999999999999,0.005931326929977527,0.005931326929977527,0.0
0.8625000000000007,0.004275707601535708,0.004275707601535708,0.0
0.8674999999999997,0.00408092885701314,0.00408092885701314,0.0
0.8725000000000005,0.003703937738582365,0.003703937738582365,0.0
0.8774999999999995,0.004008672225980576,0.004008672225980576,0.0
0.8825000000000003,0.006371149901480097,0.006371149901480097,0.0
0.8875000000000011,0.007065441877923443,0.007065441877923443,0.0
0.8925000000000001,0.009889733673500666,0.009889733673500666,0.0
0.8975000000000009,0.01469008724818587,0.01469008724818587,0.0
0.9024999999999999,0.018255794910010285,0.018255794910010285,0.0
0.9075000000000006,0.016669290619947437,0.016669290619947437,0.0
0.9124999999999996,0.014872299622094078,0.014872299622094078,0.0
0.9175000000000004,0.0163425649839741,0.0163425649839741,0.0
0.9224999999999994,0.015450352670354602,0.015450352670354602,0.0
0.9275000000000002,0.011872078637915826,0.011872078637915826,0.0
0.932500000000001,0.00802362763726833,0.00802362763726833,0.0
0.9375,0.0041374775247777565,0.0041374775247777565,0.0
0.9425000000000008,0.002164557338323367,0.002164557338323367,0.0
0.9474999999999998,0.00023247785636564463,0.00023247785636564463,0.0
0.9525000000000006,9.424777960769377e-5,9.424777960769377e-5,0.0
0.9574999999999996,0.00030787608005179967,0.00030787608005179967,0.0
0.9625000000000004,0.0007728317927830889,0.0007728317927830889,0.0
0.9674999999999994,0.0013069025438933537,0.0013069025438933537,0.0
0.9725000000000001,0.0017215927741672063,0.0017215927741672063,0.0
0.9775000000000009,0.002601238717172348,0.002601238717172348,0.0
0.9824999999999999,0.004743804906920586,0.004743804906920586,0.0
0.9875000000000007,0.007901105523778327,0.007901105523778327,0.0
0.9924999999999997,0.010266724791931442,0.010266724791931442,0.0
0.9975000000000005,0.014243981091376116,0.014243981091376116,0.0
1.0024999999999995,0.016681856990561798,0.016681856990561798,0.0
1.0075000000000003,0.021010971667208535,0.021010971667208535,0.0
1.012500000000001,0.02790990913449172,0.02790990913449172,0.0
1.0175,0.03243066096300744,0.03243066096300744,0.0
1.0225000000000009,0.014294246573833557,0.014294246573833557,0.0
1.0274999999999999,0.0006471680866394973,0.0006471680866394973,0.0
