omega,S,S_edge,S_cont
-1.0432125623767508,0,0,0
-1.0423402587212787,1.7107076200966156,1.7107076200966156,0.0
-1.0405950510860196,1.709531111105887,1.709531111105887,0.0
-1.0388489329106112,1.7089237874711067,1.7089237874711067,0.0
-1.0371022926397655,1.708509229095532,1.708509229095532,0.0
-1.0353552785485236,1.7081925153435202,1.7081925153435202,0.0
-1.0336079714582005,1.7079362856299478,1.7079362856299478,0.0
-1.0318604218939973,1.7077185194462416,1.7077185194462416,0.0
-1.0301126649646737,1.707531026791742,1.707531026791742,0.0
-1.0283647265344462,1.7073638876358157,1.7073638876358157,0.0
-1.0266166259493708,1.7072142574888636,1.7072142574888636,0.0
-1.02486837867714,1.7070773854740044,1.7070773854740044,0.0
-1.023119996932053,1.706951654056717,1.706951654056717,0.0
-1.0213714910044769,1.7068349134680403,1.7068349134680403,0.0
-1.0196228693573666,1.7067257374521878,1.7067257374521878,0.0
-1.0178741394223563,1.7066235325899044,1.7066235325899044,0.0
-1.0161253072991911,1.7065262875650729,1.7065262875650729,0.0
-1.0143763781260944,1.706434133010446,1.706434133010446,0.0
-1.0126273569935949,1.7063468419064296,1.7063468419064296,0.0
-1.0108782480582539,1.706262815977267,1.706262815977267,0.0
-1.0091290546642329,1.7061820660826517,1.7061820660826517,0.0
-1.0073797802951288,1.706104851452403,1.706104851452403,0.0
-1.005630428108661,1.7060302753912957,1.7060302753912957,0.0
-1.0038810009779708,1.7059586778670652,1.7059586778670652,0.0
-1.0021315014398477,1.7058890615764746,1.7058890615764746,0.0
-1.000381931580061,1.705821543041652,1.705821543041652,0.0
-0.998632293018797,1.7057550969751654,1.7057550969751654,0.0
-0.9968825873060172,1.7056906109243157,1.7056906109243157,0.0
-0.9951328165913325,1.7056283657333295,1.7056283657333295,0.0
-0.9933829823950788,1.7055668529552055,1.7055668529552055,0.0
-0.9916330860775122,1.7055072682468513,1.7055072682468513,0.0
-0.9898831291667562,1.7054487426619052,1.7054487426619052,0.0
-0.9881331127109569,1.7053912090050403,1.7053912090050403,0.0
-0.986383038047125,1.7053352970011089,1.7053352970011089,0.0
-0.9846329064902335,1.7052803334997961,1.7052803334997961,0.0
-0.9828827186690186,1.705225653913297,1.705225653913297,0.0
-0.9811324753454358,1.7051721821233894,1.7051721821233894,0.0
-0.9793821775211855,1.705119461128809,1.705119461128809,0.0
-0.977631825994175,1.70506755050254,1.70506755050254,0.0
-0.9758814215645766,1.7050163947999173,1.7050163947999173,0.0
-0.9741309646699654,1.7049653428428646,1.7049653428428646,0.0
-0.9723804557459097,1.7049150417061996,1.7049150417061996,0.0
-0.97062989543432,1.7048652461089326,1.7048652461089326,0.0
-0.9688792841207212,1.704815701746197,1.704815701746197,0.0
-0.9671286223243958,1.7047669232743108,1.7047669232743108,0.0
-0.9653779107312397,1.7047187203599699,1.7047187203599699,0.0
-0.9636271497266908,1.704670698008795,1.704670698008795,0.0
-0.9618763396470232,1.7046231553317897,1.7046231553317897,0.0
-0.9601254807854904,1.704575709359883,1.704575709359883,0.0
-0.9583745735554088,1.7045289767063467,1.7045289767063467,0.0
-0.9566236183794838,1.7044823589378162,1.7044823589378162,0.0
-0.9548726155205434,1.7044361430718584,1.7044361430718584,0.0
-0.9531215652918648,1.704390140231499,1.704390140231499,0.0
-0.9513704679758992,1.7043444791787234,1.7043444791787234,0.0
-0.949619323730972,1.704298789461665,1.704298789461665,0.0
-0.9478681324977473,1.7042530178138389,1.7042530178138389,0.0
-0.9461168944532525,1.7042076775424777,1.7042076775424777,0.0
-0.9443656099729194,1.7041626414383848,1.7041626414383848,0.0
-0.9426142792306156,1.7041176443318642,1.7041176443318642,0.0
-0.9408629021526246,1.7040724695369684,1.7040724695369684,0.0
-0.9391114789566514,1.7040279008140717,1.7040279008140717,0.0
-0.9373600097662376,1.7039829711581098,1.7039829711581098,0.0
-0.9356084944353307,1.7039381229494959,1.7039381229494959,0.0
-0.9338569329729973,1.7038932156676256,1.7038932156676256,0.0
-0.9321053254921451,1.7038485918382773,1.7038485918382773,0.0
-0.9303536720307637,1.7038037631787855,1.7038037631787855,0.0
-0.9286019726410594,1.70375924558783,1.70375924558783,0.0
-0.9268502273148995,1.7037144058109979,1.7037144058109979,0.0
-0.9250984359515295,1.7036696969175908,1.7036696969175908,0.0
-0.9233465986442756,1.7036250433679456,1.7036250433679456,0.0
-0.9215947151662336,1.7035798978741103,1.7035798978741103,0.0
-0.9198427851544739,1.7035345432325175,1.7035345432325175,0.0
-0.9180908084976119,1.7034891859340942,1.7034891859340942,0.0
-0.9163387852916032,1.7034440227098289,1.7034440227098289,0.0
-0.9145867154389855,1.7033984807243734,1.7033984807243734,0.0
-0.9128345986712962,1.7033528003344747,1.7033528003344747,0.0
-0.9110824348504043,1.7033069946709691,1.7033069946709691,0.0
-0.9093302238275391,1.7032610299630024,1.7032610299630024,0.0
-0.9075779654157345,1.7032148657731843,1.7032148657731843,0.0
-0.9058256592748357,1.7031682448135517,1.7031682448135517,0.0
-0.9040733052862392,1.7031218551133833,1.7031218551133833,0.0
-0.9023209033781217,1.7030750996443398,1.7030750996443398,0.0
-0.9005684531258678,1.7030278897482496,1.7030278897482496,0.0
-0.8988159540584435,1.7029802240013228,1.7029802240013228,0.0
-0.8970634059551293,1.7029325904297843,1.7029325904297843,0.0
-0.8953108085699931,1.7028844521110016,1.7028844521110016,0.0
-0.8935581614367677,1.7028359178782664,1.7028359178782664,0.0
-0.8918054642691968,1.7027872288228,1.7027872288228,0.0
-0.8900527166989929,1.7027379845828485,1.7027379845828485,0.0
-0.88829991839282,1.7026886535239085,1.7026886535239085,0.0
-0.8865470690701136,1.7026388699373765,1.7026388699373765,0.0
-0.8847941682002483,1.702588513845668,1.702588513845668,0.0
-0.8830412153127543,1.7025378222493208,1.7025378222493208,0.0
-0.8812882101699377,1.7024870104536882,1.7024870104536882,0.0
-0.8795351522385801,1.7024352892740078,1.7024352892740078,0.0
-0.8777820410730774,1.7023836181910115,1.7023836181910115,0.0
-0.8760288762483546,1.7023310778057386,1.7023310778057386,0.0
-0.8742756570698471,1.7022780643013444,1.7022780643013444,0.0
-0.8725223829627168,1.7022244142466358,1.7022244142466358,0.0
-0.8707690533874201,1.7021703598000903,1.7021703598000903,0.0
-0.8690156677986167,1.70211565776213,1.70211565776213,0.0
-0.8672622256222041,1.7020604956803465,1.7020604956803465,0.0
-0.8655087261069164,1.7020043423198268,1.7020043423198268,0.0
-0.8637551683780857,1.7019474896294498,1.7019474896294498,0.0
-0.8620015515970982,1.7018897159972923,1.7018897159972923,0.0
-0.8602478750985131,1.7018315794490686,1.7018315794490686,0.0
-0.8584941384190146,1.7017729145260778,1.7017729145260778,0.0
-0.8567403408639196,1.7017134378746848,1.7017134378746848,0.0
-0.8549864816722271,1.7016533044237516,1.7016533044237516,0.0
-0.8532325599498238,1.7015921012881865,1.7015921012881865,0.0
-0.8514785746860838,1.7015300156422417,1.7015300156422417,0.0
-0.8497245248344141,1.7014667909736574,1.7014667909736574,0.0
-0.8479704095082792,1.7014029947133187,1.7014029947133187,0.0
-0.8462162277803992,1.7013379808238762,1.7013379808238762,0.0
-0.8444619784770018,1.7012719176136726,1.7012719176136726,0.0
-0.8427076604117997,1.701204613040252,1.701204613040252,0.0
-0.8409532724667013,1.701136391920383,1.701136391920383,0.0
-0.839198813572156,1.7010670241049182,1.7010670241049182,0.0
-0.8374442829342833,1.7009972747342195,1.7009972747342195,0.0
-0.8356896793703319,1.7009256251726503,1.7009256251726503,0.0
-0.833935001376383,1.7008529718829324,1.7008529718829324,0.0
-0.8321802479059957,1.700779306011184,1.700779306011184,0.0
-0.8304254174862824,1.7007038103646512,1.7007038103646512,0.0
-0.8286705085225691,1.700627066779743,1.700627066779743,0.0
-0.8269155195473759,1.700548740792234,1.700548740792234,0.0
-0.8251604488914539,1.7004687766370263,1.7004687766370263,0.0
-0.8234052948484629,1.7003871591091717,1.7003871591091717,0.0
-0.8216500554505897,1.7003033977860058,1.7003033977860058,0.0
-0.8198947285891043,1.7002177111747612,1.7002177111747612,0.0
-0.8181393128053525,1.7001311411799407,1.7001311411799407,0.0
-0.8163838063409463,1.7000420663464837,1.7000420663464837,0.0
-0.8146282068495942,1.699950970507849,1.699950970507849,0.0
-0.8128725124242647,1.6998582218798903,1.6998582218798903,0.0
-0.8111167211833054,1.699763502619098,1.699763502619098,0.0
-0.8093608308497096,1.6996663663675864,1.6996663663675864,0.0
-0.8076048394639099,1.6995678753822474,1.6995678753822474,0.0
-0.8058487445465741,1.6994659628561566,1.6994659628561566,0.0
-0.8040925439090192,1.6993632595143868,1.6993632595143868,0.0
-0.802336234800433,1.6992560487699602,1.6992560487699602,0.0
-0.8005798133170905,1.6991458181541428,1.6991458181541428,0.0
-0.7988232765950707,1.6990330946792471,1.6990330946792471,0.0
-0.7970666219131488,1.698917629579595,1.698917629579595,0.0
-0.7953098452314789,1.6987971235847468,1.6987971235847468,0.0
-0.7935529429612388,1.6986747510149787,1.6986747510149787,0.0
-0.7917959124572833,1.698549165437322,1.698549165437322,0.0
-0.7900387493460588,1.6984183741930041,1.6984183741930041,0.0
-0.788281449119042,1.6982841125960804,1.6982841125960804,0.0
-0.7865240080579461,1.6981461767585873,1.6981461767585873,0.0
-0.7847664224992226,1.6980048797422842,1.6980048797422842,0.0
-0.7830086875085862,1.6978574572218212,1.6978574572218212,0.0
-0.7812507971655973,1.6977047732055788,1.6977047732055788,0.0
-0.7794927464399668,1.6975476888375,1.6975476888375,0.0
-0.7777345298466626,1.6973844704570187,1.6973844704570187,0.0
-0.7759761398013258,1.6972128049949615,1.6972128049949615,0.0
-0.7742175697382611,1.6970369796459592,1.6970369796459592,0.0
-0.7724588134760931,1.6968534574023297,1.6968534574023297,0.0
-0.7706998629326913,1.6966621153831956,1.6966621153831956,0.0
-0.7689407104224972,1.696463851584869,1.696463851584869,0.0
-0.767181348569016,1.6962583743177246,1.6962583743177246,0.0
-0.76542176914758,1.6960443503329903,1.6960443503329903,0.0
-0.7636619627676131,1.6958208773859864,1.6958208773859864,0.0
-0.761901919048695,1.6955869643927581,1.6955869643927581,0.0
-0.7601416259888887,1.6953404951567863,1.6953404951567863,0.0
-0.7583810712257176,1.6950829106562342,1.6950829106562342,0.0
-0.756620241038801,1.6948101777319586,1.6948101777319586,0.0
-0.7548591210114282,1.6945250131097747,1.6945250131097747,0.0
-0.7530976976474191,1.6942264989340825,1.6942264989340825,0.0
-0.7513359548785155,1.6939106338267806,1.6939106338267806,0.0
-0.7495738727319108,1.6935739464378012,1.6935739464378012,0.0
-0.7478114318239117,1.6932210828427077,1.6932210828427077,0.0
-0.7460486109338389,1.6928439164377498,1.6928439164377498,0.0
-0.7442853849044482,1.6924430666326744,1.6924430666326744,0.0
-0.7425217290100066,1.6920188085126584,1.6920188085126584,0.0
-0.740757613248127,1.691560818267737,1.691560818267737,0.0
-0.7389930047671975,1.6910740437621283,1.6910740437621283,0.0
-0.7372278677728012,1.6905480089199207,1.6905480089199207,0.0
-0.7354621613326107,1.6899834726527618,1.6899834726527618,0.0
-0.7336958408362918,1.689372793199994,1.689372793199994,0.0
-0.7319288527057379,1.6887066464514202,1.6887066464514202,0.0
-0.7301611376868835,1.687983742966263,1.687983742966263,0.0
-0.7283926299204257,1.6871930487988303,1.6871930487988303,0.0
-0.7266232522420613,1.686324380847285,1.686324380847285,0.0
-0.7248529147778784,1.6853641512586885,1.6853641512586885,0.0
-0.7230815079561037,1.68428903968274,1.68428903968274,0.0
-0.7213089021027618,1.6830849277403188,1.6830849277403188,0.0
-0.7195349524560464,1.6817383122470158,1.6817383122470158,0.0
-0.7177594842193447,1.680207092714952,1.680207092714952,0.0
-0.7159822742456824,1.6784437002005914,1.6784437002005914,0.0
-0.7142030399256785,1.676386082531418,1.676386082531418,0.0
-0.7124214296263582,1.67397013617298,1.67397013617298,0.0
-0.710637005545631,1.6711037670183964,1.6711037670183964,0.0
-0.7088492026496266,1.6676493164707273,1.6676493164707273,0.0
-0.7070572490479387,1.6633721328464017,1.6633721328464017,0.0
-0.7052600018335464,1.6578418572299212,1.6578418572299212,0.0
-0.7034558292959894,1.6506301866648263,1.6506301866648263,0.0
-0.7016421541049095,1.6405226999177223,1.6405226999177223,0.0
-0.6998146765803215,1.6258086734551513,1.6258086734551513,0.0
-0.6979651744631081,1.6017399452907781,1.6017399452907781,0.0
-0.6960747660091755,1.5564422115806198,1.5564422115806198,0.0
-0.6940783886517143,1.4381586094905268,1.4381586094905268,0.0
-0.6930407725636092,0,0,0
