omega,S,S_edge,S_cont,Sr,Sr_edge,Sr_cont
-1.5975000000000001,0.0,0.0,0.0
-1.5924999999999994,0.9700565813457592,0.9700565813457592,0.0
-1.5875000000000004,0.0038371412670945744,0.0038371412670945744,0.0
-1.5824999999999996,0.0,0.0,0.0
-1.5775000000000006,0.9738937226128579,0.9738937226128579,0.0
-1.5724999999999998,0.0,0.0,0.0
-1.567499999999999,0.0,0.0,0.0
-1.5625,0.9738937226128409,0.9738937226128409,0.0
-1.5574999999999992,0.0,0.0,0.0
-1.5525000000000002,0.9738937226128307,0.9738937226128307,0.0
-1.5474999999999994,0.0,0.0,0.0
-1.5425000000000004,0.0,0.0,0.0
-1.5374999999999996,0.9738937226128211,0.9738937226128211,0.0
-1.5325000000000006,0.0,0.0,0.0
-1.5274999999999999,0.0,0.0,0.0
-1.522499999999999,0.9738937226128147,0.9738937226128147,0.0
-1.5175,0.0,0.0,0.0
-1.5124999999999993,0.9738937226128108,0.9738937226128108,0.0
-1.5075000000000003,0.0,0.0,0.0
-1.5024999999999995,0.0,0.0,0.0
-1.4975000000000005,0.9738937226128135,0.9738937226128135,0.0
-1.4924999999999997,0.0,0.0,0.0
-1.4875000000000007,0.0,0.0,0.0
-1.4825,0.9738937226128126,0.9738937226128126,0.0
-1.4774999999999991,0.0,0.0,0.0
-1.4725000000000001,0.9738937226128216,0.9738937226128216,0.0
-1.4674999999999994,0.0,0.0,0.0
-1.4625000000000004,0.0,0.0,0.0
-1.4574999999999996,0.9738937226128203,0.9738937226128203,0.0
-1.4525000000000006,0.0,0.0,0.0
-1.4474999999999998,0.0,0.0,0.0
-1.442499999999999,0.9738937226128275,0.9738937226128275,0.0
-1.4375,0.0,0.0,0.0
-1.4324999999999992,0.9738937226128292,0.9738937226128292,0.0
-1.4275000000000002,0.0,0.0,0.0
-1.4224999999999994,0.0,0.0,0.0
-1.4175000000000004,0.9738937226128302,0.9738937226128302,0.0
-1.4124999999999996,0.0,0.0,0.0
-1.4075000000000006,0.9738937226128341,0.9738937226128341,0.0
-1.4024999999999999,0.0,0.0,0.0
-1.397499999999999,0.0,0.0,0.0
-1.3925,0.9738937226128381,0.9738937226128381,0.0
-1.3874999999999993,0.0,0.0,0.0
-1.3825000000000003,0.0,0.0,0.0
-1.3774999999999995,0.9738937226128421,0.9738937226128421,0.0
-1.3725000000000005,0.0,0.0,0.0
-1.3674999999999997,0.9738937226128456,0.9738937226128456,0.0
-1.362499999999999,0.0,0.0,0.0
-1.3575,0.0,0.0,0.0
-1.3524999999999991,0.9738937226128483,0.9738937226128483,0.0
-1.3475000000000001,0.0,0.0,0.0
-1.3424999999999994,0.0,0.0,0.0
-1.3375000000000004,0.9738937226128508,0.9738937226128508,0.0
-1.3324999999999996,0.0,0.0,0.0
-1.3275000000000006,0.9738937226128525,0.9738937226128525,0.0
-1.3224999999999998,0.0,0.0,0.0
-1.317499999999999,0.0,0.0,0.0
-1.3125,0.9738937226128542,0.9738937226128542,0.0
-1.3074999999999992,0.0,0.0,0.0
-1.3025000000000002,0.0,0.0,0.0
-1.2974999999999994,0.9738937226128552,0.9738937226128552,0.0
-1.2925000000000004,0.0,0.0,0.0
-1.2874999999999996,0.9738937226128558,0.9738937226128558,0.0
-1.2825000000000006,0.0,0.0,0.0
-1.2774999999999999,0.0,0.0,0.0
-1.272499999999999,0.9738937226128561,0.9738937226128561,0.0
-1.2675,0.0,0.0,0.0
-1.2624999999999993,0.0,0.0,0.0
-1.2575000000000003,0.9738937226128577,0.9738937226128577,0.0
-1.2524999999999995,0.0,0.0,0.0
-1.2475000000000005,0.9738937226128622,0.9738937226128622,0.0
-1.2424999999999997,0.0,0.0,0.0
-1.237499999999999,0.0,0.0,0.0
-1.2325,0.973893722612866,0.973893722612866,0.0
-1.2274999999999991,0.0,0.0,0.0
-1.2225000000000001,0.16486072936389978,0.16486072936389978,0.0
-1.2174999999999994,0.8090329932489693,0.8090329932489693,0.0
-1.2125000000000004,0.0,0.0,0.0
-1.2074999999999996,0.9738937226128711,0.9738937226128711,0.0
-1.2025000000000006,0.0,0.0,0.0
-1.1974999999999998,0.0,0.0,0.0
-1.192499999999999,0.9738937226128696,0.9738937226128696,0.0
-1.1875,0.0,0.0,0.0
-1.1824999999999992,0.9738937226128693,0.9738937226128693,0.0
-1.1775000000000002,0.0,0.0,0.0
-1.1724999999999994,0.0,0.0,0.0
-1.1675000000000004,0.9738937226128754,0.9738937226128754,0.0
-1.1624999999999996,0.0,0.0,0.0
-1.1575000000000006,0.0,0.0,0.0
-1.1524999999999999,0.9738937226128789,0.9738937226128789,0.0
-1.147499999999999,0.0,0.0,0.0
-1.1425,0.9738937226128802,0.9738937226128802,0.0
-1.1374999999999993,0.0,0.0,0.0
-1.1325000000000003,0.0,0.0,0.0
-1.1274999999999995,0.9738937226128773,0.9738937226128773,0.0
-1.1225000000000005,0.0,0.0,0.0
-1.1174999999999997,0.0,0.0,0.0
-1.112499999999999,0.9738937226128802,0.9738937226128802,0.0
-1.1075,0.0,0.0,0.0
-1.1024999999999991,0.9738937226128862,0.9738937226128862,0.0
-1.0975000000000001,0.0,0.0,0.0
-1.0924999999999994,0.0,0.0,0.0
-1.0875000000000004,0.9738937226128879,0.9738937226128879,0.0
-1.0824999999999996,0.0,0.0,0.0
-1.0775000000000006,0.0,0.0,0.0
-1.0724999999999998,0.9738937226128838,0.9738937226128838,0.0
-1.067499999999999,0.0,0.0,0.0
-1.0625,0.9738937226128879,0.9738937226128879,0.0
-1.0574999999999992,0.0,0.0,0.0
-1.0525000000000002,0.0,0.0,0.0
-1.0474999999999994,0.973893722612894,0.973893722612894,0.0
-1.0425000000000004,0.0,0.0,0.0
-1.0374999999999996,0.0,0.0,0.0
-1.0325000000000006,0.9738937226128949,0.9738937226128949,0.0
-1.0274999999999999,0.0,0.0,0.0
-1.022499999999999,0.9738937226128919,0.9738937226128919,0.0
-1.0175,0.0,0.0,0.0
-1.0124999999999993,0.0,0.0,0.0
-1.0075000000000003,0.9738937226128976,0.9738937226128976,0.0
-1.0024999999999995,0.0,0.0,0.0
-0.9975000000000005,0.9017671535161917,0.9017671535161917,0.0
-0.9924999999999997,0.07212656909670945,0.07212656909670945,0.0
-0.9874999999999989,0.0,0.0,0.0
-0.9824999999999999,0.9738937226128958,0.9738937226128958,0.0
-0.9774999999999991,0.0,0.0,0.0
-0.9725000000000001,0.0,0.0,0.0
-0.9674999999999994,0.9738937226129024,0.9738937226129024,0.0
-0.9625000000000004,0.0,0.0,0.0
-0.9574999999999996,0.973893722612907,0.973893722612907,0.0
-0.9525000000000006,0.0,0.0,0.0
-0.9474999999999998,0.0,0.0,0.0
-0.942499999999999,0.9738937226129021,0.9738937226129021,0.0
-0.9375,0.0,0.0,0.0
-0.9324999999999992,0.0,0.0,0.0
-0.9275000000000002,0.973893722612907,0.973893722612907,0.0
-0.9224999999999994,0.0,0.0,0.0
-0.9175000000000004,0.9738937226129125,0.9738937226129125,0.0
-0.9124999999999996,0.0,0.0,0.0
-0.9075000000000006,0.0,0.0,0.0
-0.9024999999999999,0.973893722612907,0.973893722612907,0.0
-0.8974999999999991,0.0,0.0,0.0
-0.8925000000000001,0.0,0.0,0.0
-0.8874999999999993,0.9738937226129124,0.9738937226129124,0.0
-0.8825000000000003,0.0,0.0,0.0
-0.8774999999999995,0.9738937226129177,0.9738937226129177,0.0
-0.8725000000000005,0.0,0.0,0.0
-0.8674999999999997,0.0,0.0,0.0
-0.8624999999999989,0.9738937226129134,0.9738937226129134,0.0
-0.8574999999999999,0.0,0.0,0.0
-0.8524999999999991,0.0,0.0,0.0
-0.8475000000000001,0.9738937226129191,0.9738937226129191,0.0
-0.8424999999999994,0.0,0.0,0.0
-0.8375000000000004,0.9738937226129211,0.9738937226129211,0.0
-0.8324999999999996,0.0,0.0,0.0
-0.8275000000000006,0.0,0.0,0.0
-0.8224999999999998,0.9738937226129212,0.9738937226129212,0.0
-0.817499999999999,0.0,0.0,0.0
-0.8125,0.0,0.0,0.0
-0.8074999999999992,0.9738937226129264,0.9738937226129264,0.0
-0.8025000000000002,0.0,0.0,0.0
-0.7974999999999994,0.9738937226129207,0.9738937226129207,0.0
-0.7925000000000004,0.0,0.0,0.0
-0.7874999999999996,0.0,0.0,0.0
-0.7825000000000006,0.9738937226129285,0.9738937226129285,0.0
-0.7774999999999999,0.0,0.0,0.0
-0.7724999999999991,0.9738742447384796,0.9738742447384796,0.0
-0.7675000000000001,1.947787445225672e-5,1.947787445225672e-5,0.0
-0.7624999999999993,0.0,0.0,0.0
-0.7575000000000003,0.9738937226129257,0.9738937226129257,0.0
-0.7524999999999995,0.0,0.0,0.0
-0.7475000000000005,0.0,0.0,0.0
-0.7424999999999997,0.9738937226129365,0.9738937226129365,0.0
-0.7374999999999989,0.0,0.0,0.0
-0.7324999999999999,0.973893722612931,0.973893722612931,0.0
-0.7274999999999991,0.0,0.0,0.0
-0.7225000000000001,0.0,0.0,0.0
-0.7174999999999994,0.9738937226129372,0.9738937226129372,0.0
-0.7125000000000004,0.0,0.0,0.0
-0.7074999999999996,0.0,0.0,0.0
-0.7025000000000006,0.9738937226129418,0.9738937226129418,0.0
-0.6974999999999998,0.0,0.0,0.0
-0.692499999999999,0.973893722612934,0.973893722612934,0.0
-0.6875,0.0,0.0,0.0
-0.6824999999999992,0.0,0.0,0.0
-0.6775000000000002,0.9738937226129465,0.9738937226129465,0.0
-0.6724999999999994,0.0,0.0,0.0
-0.6675000000000004,0.0,0.0,0.0
-0.6624999999999996,0.9738937226129382,0.9738937226129382,0.0
-0.6575000000000006,0.0,0.0,0.0
-0.6524999999999999,0.9738937226129473,0.9738937226129473,0.0
-0.6474999999999991,0.0,0.0,0.0
-0.6425000000000001,0.0,0.0,0.0
-0.6374999999999993,0.97389372261295,0.97389372261295,0.0
-0.6325000000000003,0.0,0.0,0.0
-0.6274999999999995,0.0,0.0,0.0
-0.6225000000000005,0.9738937226129422,0.9738937226129422,0.0
-0.6174999999999997,0.0,0.0,0.0
-0.6124999999999989,0.9738937226129573,0.9738937226129573,0.0
-0.6074999999999999,0.0,0.0,0.0
-0.6024999999999991,0.0,0.0,0.0
-0.5975000000000001,0.9738937226129443,0.9738937226129443,0.0
-0.5924999999999994,0.0,0.0,0.0
-0.5875000000000004,0.0,0.0,0.0
-0.5824999999999996,0.973893722612959,0.973893722612959,0.0
-0.5775000000000006,0.0,0.0,0.0
-0.5724999999999998,0.9738937226129535,0.9738937226129535,0.0
-0.567499999999999,0.0,0.0,0.0
-0.5625,0.0,0.0,0.0
-0.5574999999999992,0.9738937226129533,0.9738937226129533,0.0
-0.5525000000000002,0.0,0.0,0.0
-0.5474999999999994,0.9738937226129643,0.9738937226129643,0.0
-0.5425000000000004,0.0,0.0,0.0
-0.5374999999999996,0.0,0.0,0.0
-0.5325000000000006,0.9738937226129457,0.9738937226129457,0.0
-0.5274999999999999,0.0,0.0,0.0
-0.5224999999999991,0.0,0.0,0.0
-0.5175000000000001,0.9738937226129711,0.9738937226129711,0.0
-0.5124999999999993,0.0,0.0,0.0
-0.5075000000000003,0.9738937226129434,0.9738937226129434,0.0
-0.5024999999999995,0.0,0.0,0.0
-0.4975000000000005,0.0,0.0,0.0
-0.4924999999999997,0.9738937226129656,0.9738937226129656,0.0
-0.48749999999999893,0.0,0.0,0.0
-0.48249999999999993,0.0,0.0,0.0
-0.47749999999999915,0.9738937226129474,0.9738937226129474,0.0
-0.47250000000000014,0.0,0.0,0.0
-0.46749999999999936,0.9738937226129516,0.9738937226129516,0.0
-0.46250000000000036,0.0,0.0,0.0
-0.4574999999999996,0.0,0.0,0.0
-0.45250000000000057,0.9738937226129563,0.9738937226129563,0.0
-0.4474999999999998,0.0,0.0,0.0
-0.442499999999999,0.0,0.0,0.0
-0.4375,0.9738937226129464,0.9738937226129464,0.0
-0.4324999999999992,0.0,0.0,0.0
-0.4275000000000002,0.9738937226129628,0.9738937226129628,0.0
-0.42249999999999943,0.0,0.0,0.0
-0.4175000000000004,0.0,0.0,0.0
-0.41249999999999964,0.9738937226129418,0.9738937226129418,0.0
-0.40750000000000064,0.0,0.0,0.0
-0.40249999999999986,0.0,0.0,0.0
-0.3974999999999991,0.9738937226129573,0.9738937226129573,0.0
-0.39250000000000007,0.0,0.0,0.0
-0.3874999999999993,0.9738937226129393,0.9738937226129393,0.0
-0.3825000000000003,0.0,0.0,0.0
-0.3774999999999995,0.0,0.0,0.0
-0.3725000000000005,0.9738937226129502,0.9738937226129502,0.0
-0.3674999999999997,0.0,0.0,0.0
-0.36249999999999893,0.0,0.0,0.0
-0.35749999999999993,0.9738937226129362,0.9738937226129362,0.0
-0.35249999999999915,0.0,0.0,0.0
-0.34750000000000014,0.9738937226129457,0.9738937226129457,0.0
-0.34249999999999936,0.0,0.0,0.0
-0.33750000000000036,0.0,0.0,0.0
-0.3324999999999996,0.9738937226129357,0.9738937226129357,0.0
-0.32750000000000057,0.0,0.0,0.0
-0.3224999999999998,0.9738937226129409,0.9738937226129409,0.0
-0.317499999999999,0.0,0.0,0.0
-0.3125,0.0,0.0,0.0
-0.3074999999999992,0.973893722612935,0.973893722612935,0.0
-0.3025000000000002,0.0,0.0,0.0
-0.29749999999999943,0.0,0.0,0.0
-0.2925000000000004,0.9738937226129403,0.9738937226129403,0.0
-0.28749999999999964,0.0,0.0,0.0
-0.28250000000000064,0.9738937226129264,0.9738937226129264,0.0
-0.27749999999999986,0.0,0.0,0.0
-0.2724999999999991,0.0,0.0,0.0
-0.26750000000000007,0.973893722612938,0.973893722612938,0.0
-0.2624999999999993,0.0,0.0,0.0
-0.2575000000000003,0.0,0.0,0.0
-0.2524999999999995,0.9738937226129174,0.9738937226129174,0.0
-0.2475000000000005,0.0,0.0,0.0
-0.24249999999999972,0.9738937226129368,0.9738937226129368,0.0
-0.23749999999999893,0.0,0.0,0.0
-0.23249999999999993,0.0,0.0,0.0
-0.22749999999999915,0.9738937226129106,0.9738937226129106,0.0
-0.22250000000000014,0.0,0.0,0.0
-0.21749999999999936,0.0,0.0,0.0
-0.21250000000000036,0.973893722612932,0.973893722612932,0.0
-0.20749999999999957,0.0,0.0,0.0
-0.20250000000000057,0.9738937226129011,0.9738937226129011,0.0
-0.1974999999999998,0.0,0.0,0.0
-0.192499999999999,0.0,0.0,0.0
-0.1875,0.9738937226129288,0.9738937226129288,0.0
-0.18249999999999922,0.0,0.0,0.0
-0.1775000000000002,0.0,0.0,0.0
-0.17249999999999943,0.9738937226128938,0.9738937226128938,0.0
-0.16750000000000043,0.0,0.0,0.0
-0.16249999999999964,0.9738937226129266,0.9738937226129266,0.0
-0.15750000000000064,0.0,0.0,0.0
-0.15249999999999986,0.0,0.0,0.0
-0.14749999999999908,0.9738937226128846,0.9738937226128846,0.0
-0.14250000000000007,0.0,0.0,0.0
-0.1374999999999993,0.0,0.0,0.0
-0.13250000000000028,0.9738937226129238,0.9738937226129238,0.0
-0.1274999999999995,0.0,0.0,0.0
-0.1225000000000005,0.9738937226128771,0.9738937226128771,0.0
-0.11749999999999972,0.0,0.0,0.0
-0.11249999999999893,0.0,0.0,0.0
-0.10749999999999993,0.9738937226129224,0.9738937226129224,0.0
-0.10249999999999915,0.0,0.0,0.0
-0.09750000000000014,0.9738937226128697,0.9738937226128697,0.0
-0.09249999999999936,0.0,0.0,0.0
-0.08750000000000036,0.0,0.0,0.0
-0.08249999999999957,0.9738937226129198,0.9738937226129198,0.0
-0.07750000000000057,0.0,0.0,0.0
-0.07249999999999979,0.0,0.0,0.0
-0.067499999999999,0.9738937226128628,0.9738937226128628,0.0
-0.0625,0.0,0.0,0.0
-0.05749999999999922,0.9738937226129167,0.9738937226129167,0.0
-0.05250000000000021,0.0,0.0,0.0
-0.04749999999999943,0.0,0.0,0.0
-0.042500000000000426,0.9738937226128532,0.9738937226128532,0.0
-0.037499999999999645,0.0,0.0,0.0
-0.03250000000000064,0.0,0.0,0.0
-0.027499999999999858,0.9738937226129146,0.9738937226129146,0.0
-0.022499999999999076,0.0,0.0,0.0
-0.01750000000000007,0.973893722612845,0.973893722612845,0.0
-0.01249999999999929,0.0,0.0,0.0
-0.007500000000000284,0.0,0.0,0.0
-0.0024999999999995026,0.9738937226129132,0.9738937226129132,0.0
0.0024999999999995026,0.0,0.0,0.0
0.007500000000000284,0.0,0.0,0.0
0.012500000000001066,0.9738937226128366,0.9738937226128366,0.0
0.01750000000000007,0.0,0.0,0.0
0.022500000000000853,0.9738937226129106,0.9738937226129106,0.0
0.027499999999999858,0.0,0.0,0.0
0.03250000000000064,0.0,0.0,0.0
0.037499999999999645,0.9738937226128268,0.9738937226128268,0.0
0.042500000000000426,0.0,0.0,0.0
0.04749999999999943,0.0,0.0,0.0
0.05250000000000021,0.9738937226129096,0.9738937226129096,0.0
0.057500000000000995,0.0,0.0,0.0
0.0625,0.9738937226128213,0.9738937226128213,0.0
0.06750000000000078,0.0,0.0,0.0
0.07249999999999979,0.0,0.0,0.0
0.07750000000000057,0.9738937226128962,0.9738937226128962,0.0
0.08249999999999957,0.0,0.0,0.0
0.08750000000000036,0.0,0.0,0.0
0.09249999999999936,0.9738937226128166,0.9738937226128166,0.0
0.09750000000000014,0.0,0.0,0.0
0.10250000000000092,0.9738937226128787,0.9738937226128787,0.0
0.10749999999999993,0.0,0.0,0.0
0.11250000000000071,0.0,0.0,0.0
0.11749999999999972,0.9738937226128203,0.9738937226128203,0.0
0.1225000000000005,0.0,0.0,0.0
0.1274999999999995,0.9738937226128591,0.9738937226128591,0.0
0.13250000000000028,0.0,0.0,0.0
0.13750000000000107,0.0,0.0,0.0
0.14250000000000007,0.9738937226128255,0.9738937226128255,0.0
0.14750000000000085,0.0,0.0,0.0
0.15249999999999986,0.0,0.0,0.0
0.15750000000000064,0.9738937226128362,0.9738937226128362,0.0
0.16249999999999964,0.0,0.0,0.0
0.16750000000000043,0.9738937226128351,0.9738937226128351,0.0
0.17249999999999943,0.0,0.0,0.0
0.1775000000000002,0.0,0.0,0.0
0.182500000000001,0.973893722612814,0.973893722612814,0.0
0.1875,0.0,0.0,0.0
0.19250000000000078,0.0,0.0,0.0
0.1974999999999998,0.9738937226128508,0.9738937226128508,0.0
0.20250000000000057,0.0,0.0,0.0
0.20749999999999957,0.9738937226127925,0.9738937226127925,0.0
0.21250000000000036,0.0,0.0,0.0
0.21749999999999936,0.0,0.0,0.0
0.22250000000000014,0.9738937226128709,0.9738937226128709,0.0
0.22750000000000092,0.0,0.0,0.0
0.23249999999999993,0.0,0.0,0.0
0.2375000000000007,0.9738937226127741,0.9738937226127741,0.0
0.24249999999999972,0.0,0.0,0.0
0.2475000000000005,0.973893722612878,0.973893722612878,0.0
0.2524999999999995,0.0,0.0,0.0
0.2575000000000003,0.0,0.0,0.0
0.26250000000000107,0.973893722612762,0.973893722612762,0.0
0.26750000000000007,0.0,0.0,0.0
0.27250000000000085,0.0,0.0,0.0
0.27749999999999986,0.9738937226128515,0.9738937226128515,0.0
0.28250000000000064,0.0,0.0,0.0
0.28749999999999964,0.9738937226127758,0.9738937226127758,0.0
0.2925000000000004,0.0,0.0,0.0
0.29749999999999943,0.0,0.0,0.0
0.3025000000000002,0.9738937226128171,0.9738937226128171,0.0
0.307500000000001,0.0,0.0,0.0
0.3125,0.0,0.0,0.0
0.3175000000000008,0.9738937226127974,0.9738937226127974,0.0
0.3224999999999998,0.0,0.0,0.0
0.32750000000000057,0.9738937226127824,0.9738937226127824,0.0
0.3324999999999996,0.0,0.0,0.0
0.33750000000000036,0.0,0.0,0.0
0.34249999999999936,0.9738937226128268,0.9738937226128268,0.0
0.34750000000000014,0.0,0.0,0.0
0.3525000000000009,0.9738937226127533,0.9738937226127533,0.0
0.35749999999999993,0.0,0.0,0.0
0.3625000000000007,0.0,0.0,0.0
0.3674999999999997,0.9738937226128552,0.9738937226128552,0.0
0.3725000000000005,0.0,0.0,0.0
0.3774999999999995,0.0,0.0,0.0
0.3825000000000003,0.9738937226127352,0.9738937226127352,0.0
0.38750000000000107,0.0,0.0,0.0
0.39250000000000007,0.9738937226128246,0.9738937226128246,0.0
0.39750000000000085,0.0,0.0,0.0
0.40249999999999986,0.0,0.0,0.0
0.40750000000000064,0.973893722612755,0.973893722612755,0.0
0.41249999999999964,0.0,0.0,0.0
0.4175000000000004,0.0,0.0,0.0
0.42249999999999943,0.9738937226127795,0.9738937226127795,0.0
0.4275000000000002,0.0,0.0,0.0
0.432500000000001,0.9738937226127922,0.9738937226127922,0.0
0.4375,0.0,0.0,0.0
0.4425000000000008,0.0,0.0,0.0
0.4474999999999998,0.9738937226127392,0.9738937226127392,0.0
0.45250000000000057,0.0,0.0,0.0
0.4574999999999996,0.0,0.0,0.0
0.46250000000000036,0.9738937226128327,0.9738937226128327,0.0
0.46749999999999936,0.0,0.0,0.0
0.47250000000000014,0.9738937226127198,0.9738937226127198,0.0
0.4775000000000009,0.0,0.0,0.0
0.48249999999999993,0.0,0.0,0.0
0.4875000000000007,0.9738937226128008,0.9738937226128008,0.0
0.4924999999999997,0.0,0.0,0.0
0.4975000000000005,0.0,0.0,0.0
0.5024999999999995,0.9738937226127432,0.9738937226127432,0.0
0.5075000000000003,0.0,0.0,0.0
0.5125000000000011,0.9738937226127488,0.9738937226127488,0.0
0.5175000000000001,0.0,0.0,0.0
0.5225000000000009,0.0,0.0,0.0
0.5274999999999999,0.9738937226127925,0.9738937226127925,0.0
0.5325000000000006,0.0,0.0,0.0
0.5374999999999996,0.0,0.0,0.0
0.5425000000000004,0.9738937226127106,0.9738937226127106,0.0
0.5474999999999994,0.0,0.0,0.0
0.5525000000000002,0.9738937226128129,0.9738937226128129,0.0
0.557500000000001,0.0,0.0,0.0
0.5625,0.0,0.0,0.0
0.5675000000000008,0.9738937226127161,0.9738937226127161,0.0
0.5724999999999998,0.0,0.0,0.0
0.5775000000000006,0.9738937226127463,0.9738937226127463,0.0
0.5824999999999996,0.0,0.0,0.0
0.5875000000000004,0.0,0.0,0.0
0.5924999999999994,0.9738937226127703,0.9738937226127703,0.0
0.5975000000000001,0.0,0.0,0.0
0.6025000000000009,0.0,0.0,0.0
0.6074999999999999,0.9738937226127026,0.9738937226127026,0.0
0.6125000000000007,0.0,0.0,0.0
0.6174999999999997,0.9738937226128006,0.9738937226128006,0.0
0.6225000000000005,0.0,0.0,0.0
0.6274999999999995,0.0,0.0,0.0
0.6325000000000003,0.9738937226127081,0.9738937226127081,0.0
0.6375000000000011,0.0,0.0,0.0
0.6425000000000001,0.0,0.0,0.0
0.6475000000000009,0.9738937226127266,0.9738937226127266,0.0
0.6524999999999999,0.0,0.0,0.0
0.6575000000000006,0.973893722612771,0.973893722612771,0.0
0.6624999999999996,0.0,0.0,0.0
0.6675000000000004,0.0,0.0,0.0
0.6724999999999994,0.9738937226126922,0.9738937226126922,0.0
0.6775000000000002,0.0,0.0,0.0
0.682500000000001,0.0,0.0,0.0
0.6875,0.9738937226127664,0.9738937226127664,0.0
0.6925000000000008,0.0,0.0,0.0
0.6974999999999998,0.9738937226127189,0.9738937226127189,0.0
0.7025000000000006,0.0,0.0,0.0
0.7074999999999996,0.0,0.0,0.0
0.7125000000000004,0.9738937226126917,0.9738937226126917,0.0
0.7174999999999994,0.0,0.0,0.0
0.7225000000000001,0.0,0.0,0.0
0.7275000000000009,0.9738937226127783,0.9738937226127783,0.0
0.7324999999999999,0.0,0.0,0.0
0.7375000000000007,0.9738937226126874,0.9738937226126874,0.0
0.7424999999999997,0.0,0.0,0.0
0.7475000000000005,0.0,0.0,0.0
0.7524999999999995,0.9738937226127031,0.9738937226127031,0.0
0.7575000000000003,0.0,0.0,0.0
0.7625000000000011,0.0,0.0,0.0
0.7675000000000001,0.9738937226127691,0.9738937226127691,0.0
0.7725000000000009,0.0,0.0,0.0
0.7774999999999999,0.973893722612679,0.973893722612679,0.0
0.7825000000000006,0.0,0.0,0.0
0.7874999999999996,0.0,0.0,0.0
0.7925000000000004,0.9738937226127117,0.9738937226127117,0.0
0.7974999999999994,0.0,0.0,0.0
0.8025000000000002,0.973893722612745,0.973893722612745,0.0
0.807500000000001,0.0,0.0,0.0
0.8125,0.0,0.0,0.0
0.8175000000000008,0.9738937226126725,0.9738937226126725,0.0
0.8224999999999998,0.0,0.0,0.0
0.8275000000000006,0.0,0.0,0.0
0.8324999999999996,0.9738937226127061,0.9738937226127061,0.0
0.8375000000000004,0.0,0.0,0.0
0.8424999999999994,0.9738937226127404,0.9738937226127404,0.0
0.8475000000000001,0.0,0.0,0.0
0.8525000000000009,0.0,0.0,0.0
0.8574999999999999,0.9738937226126643,0.9738937226126643,0.0
0.8625000000000007,0.0,0.0,0.0
0.8674999999999997,0.0,0.0,0.0
0.8725000000000005,0.9738937226126836,0.9738937226126836,0.0
0.8774999999999995,0.0,0.0,0.0
0.8825000000000003,0.9738937226127339,0.9738937226127339,0.0
0.8875000000000011,0.0,0.0,0.0
0.8925000000000001,0.0,0.0,0.0
0.8975000000000009,0.9738937226126554,0.9738937226126554,0.0
0.9024999999999999,0.0,0.0,0.0
0.9075000000000006,0.0,0.0,0.0
0.9124999999999996,0.9738937226126643,0.9738937226126643,0.0
0.9175000000000004,0.0,0.0,0.0
0.9224999999999994,0.9738937226127284,0.9738937226127284,0.0
0.9275000000000002,0.0,0.0,0.0
0.932500000000001,0.0,0.0,0.0
0.9375,0.9738937226126895,0.9738937226126895,0.0
0.9425000000000008,0.0,0.0,0.0
0.9474999999999998,0.0,0.0,0.0
0.9525000000000006,0.9738937226126398,0.9738937226126398,0.0
0.9574999999999996,0.0,0.0,0.0
0.9625000000000004,0.9738937226126593,0.9738937226126593,0.0
0.9674999999999994,0.0,0.0,0.0
0.9725000000000001,0.0,0.0,0.0
0.9775000000000009,0.9738937226127004,0.9738937226127004,0.0
0.9824999999999999,0.0,0.0,0.0
0.9875000000000007,0.0,0.0,0.0
0.9924999999999997,0.9738937226126815,0.9738937226126815,0.0
0.9975000000000005,0.0,0.0,0.0
1.0024999999999995,0.973893722612636,0.973893722612636,0.0
1.0075000000000003,0.0,0.0,0.0
1.012500000000001,0.0,0.0,0.0
1.0175,0.9738937226126229,0.9738937226126229,0.0
1.0225000000000009,0.0,0.0,0.0
1.0274999999999999,0.9738937226126176,0.9738937226126176,0.0
1.0325000000000006,0.0,0.0,0.0
1.0374999999999996,0.0,0.0,0.0
1.0425000000000004,0.9738937226126096,0.9738937226126096,0.0
