omega,S,S_edge,S_cont,Sr,Sr_edge,Sr_cont
-1.6075,0.0,0.0,0.0
-1.6024999999999991,0.00039269908169872416,0.00039269908169872416,0.0
-1.5975000000000001,0.008639379797371933,0.008639379797371933,0.0
-1.5924999999999994,0.020027653166634934,0.020027653166634934,0.0
-1.5875000000000004,0.06224280444924778,0.06224280444924778,0.0
-1.5824999999999996,0.1429424657383356,0.1429424657383356,0.0
-1.5775000000000006,0.34596789097657593,0.34596789097657593,0.0
-1.5724999999999998,0.5717698629533423,0.5717698629533423,0.0
-1.567499999999999,0.6424556976591127,0.6424556976591127,0.0
-1.5625,0.8971210521407353,0.8971210521407353,0.0
-1.5574999999999992,1.1186033342188155,1.1186033342188155,0.0
-1.5525000000000002,1.0288715940506574,1.0288715940506574,0.0
-1.5474999999999994,1.1284208112612837,1.1284208112612837,0.0
-1.5425000000000004,0.8260425183532661,0.8260425183532661,0.0
-1.5374999999999996,0.6090762757147211,0.6090762757147211,0.0
-1.5325000000000006,0.6159485096444488,0.6159485096444488,0.0
-1.5274999999999999,0.5179700887606171,0.5179700887606171,0.0
-1.522499999999999,0.7689048019661019,0.7689048019661019,0.0
-1.5175,0.45081854579013525,0.45081854579013525,0.0
-1.5124999999999993,0.2014546289114455,0.2014546289114455,0.0
-1.5075000000000003,0.48792860901066476,0.48792860901066476,0.0
-1.5024999999999995,0.9448339905671304,0.9448339905671304,0.0
-1.4975000000000005,0.3504839304161112,0.3504839304161112,0.0
-1.4924999999999997,0.051247230161683505,0.051247230161683505,0.0
-1.4875000000000007,0.23660119672348126,0.23660119672348126,0.0
-1.4825,0.8596182898385072,0.8596182898385072,0.0
-1.4774999999999991,0.765174160689964,0.765174160689964,0.0
-1.4725000000000001,0.09090983741325465,0.09090983741325465,0.0
-1.4674999999999994,0.0029452431127404313,0.0029452431127404313,0.0
-1.4625000000000004,0.1975276380944582,0.1975276380944582,0.0
-1.4574999999999996,0.9532770208236528,0.9532770208236528,0.0
-1.4525000000000006,0.7133378819057324,0.7133378819057324,0.0
-1.4474999999999998,0.09640762455703676,0.09640762455703676,0.0
-1.442499999999999,0.0,0.0,0.0
-1.4375,0.060082959499904796,0.060082959499904796,0.0
-1.4324999999999992,0.7616398689546755,0.7616398689546755,0.0
-1.4275000000000002,0.9348201639838128,0.9348201639838128,0.0
-1.4224999999999994,0.2067560665143782,0.2067560665143782,0.0
-1.4175000000000004,0.00019634954084936208,0.00019634954084936208,0.0
-1.4124999999999996,0.0,0.0,0.0
-1.4075000000000006,0.2525055095322796,0.2525055095322796,0.0
-1.4024999999999999,1.0437941591552087,1.0437941591552087,0.0
-1.397499999999999,0.5809982913732625,0.5809982913732625,0.0
-1.3925,0.08619744843286997,0.08619744843286997,0.0
-1.3874999999999993,0.0,0.0,0.0
-1.3825000000000003,0.00019634954084936208,0.00019634954084936208,0.0
-1.3774999999999995,0.45985062466920607,0.45985062466920607,0.0
-1.3725000000000005,1.0646072104852413,1.0646072104852413,0.0
-1.3674999999999997,0.3930917807804228,0.3930917807804228,0.0
-1.362499999999999,0.04574944301790137,0.04574944301790137,0.0
-1.3575,0.0,0.0,0.0
-1.3524999999999991,0.0,0.0,0.0
-1.3475000000000001,0.5110978548308895,0.5110978548308895,0.0
-1.3424999999999994,1.0638218123218435,1.0638218123218435,0.0
-1.3375000000000004,0.3744385743997333,0.3744385743997333,0.0
-1.3324999999999996,0.014137166941154067,0.014137166941154067,0.0
-1.3275000000000006,0.0,0.0,0.0
-1.3224999999999998,0.0,0.0,0.0
-1.317499999999999,0.42882739721500684,0.42882739721500684,0.0
-1.3125,1.0514517912483339,1.0514517912483339,0.0
-1.3074999999999992,0.48066367599923826,0.48066367599923826,0.0
-1.3025000000000002,0.002552544031041707,0.002552544031041707,0.0
-1.2974999999999994,0.0,0.0,0.0
-1.2925000000000004,0.0,0.0,0.0
-1.2874999999999996,0.24111723616301664,0.24111723616301664,0.0
-1.2825000000000006,1.074817386609408,1.074817386609408,0.0
-1.2774999999999999,0.6387250563829746,0.6387250563829746,0.0
-1.272499999999999,0.008835729338221293,0.008835729338221293,0.0
-1.2675,0.0,0.0,0.0
-1.2624999999999993,0.0,0.0,0.0
-1.2575000000000003,0.0496764338348886,0.0496764338348886,0.0
-1.2524999999999995,0.9866564427680444,0.9866564427680444,0.0
-1.2475000000000005,0.8888743714250621,0.8888743714250621,0.0
-1.2424999999999997,0.03828816046562561,0.03828816046562561,0.0
-1.237499999999999,0.0,0.0,0.0
-1.2325,0.0,0.0,0.0
-1.2274999999999991,0.004123340357836604,0.004123340357836604,0.0
-1.2225000000000001,0.6532549224058276,0.6532549224058276,0.0
-1.2174999999999994,1.1286171608021334,1.1286171608021334,0.0
-1.2125000000000004,0.17749998492782326,0.17749998492782326,0.0
-1.2074999999999996,0.0,0.0,0.0
-1.2025000000000006,0.0,0.0,0.0
-1.1974999999999998,0.0,0.0,0.0
-1.192499999999999,0.2615375884113503,0.2615375884113503,0.0
-1.1875,1.1800607405046661,1.1800607405046661,0.0
-1.1824999999999992,0.5218970795776045,0.5218970795776045,0.0
-1.1775000000000002,0.0,0.0,0.0
-1.1724999999999994,0.0,0.0,0.0
-1.1675000000000004,0.0,0.0,0.0
-1.1624999999999996,0.025132741228718346,0.025132741228718346,0.0
-1.1575000000000006,0.9678068868465056,0.9678068868465056,0.0
-1.1524999999999999,0.9674141877648069,0.9674141877648069,0.0
-1.147499999999999,0.003141592653589793,0.003141592653589793,0.0
-1.1425,0.0,0.0,0.0
-1.1374999999999993,0.0,0.0,0.0
-1.1325000000000003,0.0,0.0,0.0
-1.1274999999999995,0.3137665662772806,0.3137665662772806,0.0
-1.1225000000000005,1.3049390484848604,1.3049390484848604,0.0
-1.1174999999999997,0.3447897937314798,0.3447897937314798,0.0
-1.112499999999999,0.0,0.0,0.0
-1.1075,0.0,0.0,0.0
-1.1024999999999991,0.0,0.0,0.0
-1.0975000000000001,0.030237829290801765,0.030237829290801765,0.0
-1.0924999999999994,1.0703013471698728,1.0703013471698728,0.0
-1.0875000000000004,0.8629562320329461,0.8629562320329461,0.0
-1.0824999999999996,0.0,0.0,0.0
-1.0775000000000006,0.0,0.0,0.0
-1.0724999999999998,0.0,0.0,0.0
-1.067499999999999,0.0,0.0,0.0
-1.0625,0.23503040039668643,0.23503040039668643,0.0
-1.0574999999999992,1.4455253197330036,1.4455253197330036,0.0
-1.0525000000000002,0.28293968836393074,0.28293968836393074,0.0
-1.0474999999999994,0.0,0.0,0.0
-1.0425000000000004,0.0,0.0,0.0
-1.0374999999999996,0.0,0.0,0.0
-1.0325000000000006,0.014137166941154067,0.014137166941154067,0.0
-1.0274999999999999,0.9483682823024189,0.9483682823024189,0.0
-1.022499999999999,0.9962775702696633,0.9962775702696633,0.0
-1.0175,0.00471238898038469,0.00471238898038469,0.0
-1.0124999999999993,0.0,0.0,0.0
-1.0075000000000003,0.0,0.0,0.0
-1.0024999999999995,0.0,0.0,0.0
-0.9975000000000005,0.11663162726452107,0.11663162726452107,0.0
-0.9924999999999997,1.4844025288211777,1.4844025288211777,0.0
-0.9874999999999989,0.3624612524079223,0.3624612524079223,0.0
-0.9824999999999999,0.0,0.0,0.0
-0.9774999999999991,0.0,0.0,0.0
-0.9725000000000001,0.0,0.0,0.0
-0.9674999999999994,0.0013744467859455347,0.0013744467859455347,0.0
-0.9625000000000004,0.4849833658979243,0.4849833658979243,0.0
-0.9574999999999996,1.4158765390647503,1.4158765390647503,0.0
-0.9525000000000006,0.06126105674500097,0.06126105674500097,0.0
-0.9474999999999998,0.0,0.0,0.0
-0.942499999999999,0.0,0.0,0.0
-0.9375,0.0,0.0,0.0
-0.9324999999999992,0.02140209995258047,0.02140209995258047,0.0
-0.9275000000000002,1.309651437465245,1.309651437465245,0.0
-0.9224999999999994,0.6324418710757952,0.6324418710757952,0.0
-0.9175000000000004,0.0,0.0,0.0
-0.9124999999999996,0.0,0.0,0.0
-0.9075000000000006,0.0,0.0,0.0
-0.9024999999999999,0.0,0.0,0.0
-0.8974999999999991,0.13175054190992194,0.13175054190992194,0.0
-0.8925000000000001,1.653852182574177,1.653852182574177,0.0
-0.8874999999999993,0.177892684009522,0.177892684009522,0.0
-0.8825000000000003,0.0,0.0,0.0
-0.8774999999999995,0.0,0.0,0.0
-0.8725000000000005,0.0,0.0,0.0
-0.8674999999999997,0.0,0.0,0.0
-0.8624999999999989,0.47241699528356523,0.47241699528356523,0.0
-0.8574999999999999,1.4431691252428116,1.4431691252428116,0.0
-0.8524999999999991,0.04790928796724435,0.04790928796724435,0.0
-0.8475000000000001,0.0,0.0,0.0
-0.8424999999999994,0.0,0.0,0.0
-0.8375000000000004,0.0,0.0,0.0
-0.8324999999999996,0.009817477042468102,0.009817477042468102,0.0
-0.8275000000000006,1.2049971321925352,1.2049971321925352,0.0
-0.8224999999999998,0.7486807992586176,0.7486807992586176,0.0
-0.817499999999999,0.0,0.0,0.0
-0.8125,0.0,0.0,0.0
-0.8074999999999992,0.0,0.0,0.0
-0.8025000000000002,0.0,0.0,0.0
-0.7974999999999994,0.03926990816987242,0.03926990816987242,0.0
-0.7925000000000004,1.6813411182930875,1.6813411182930875,0.0
-0.7874999999999996,0.24288438203066082,0.24288438203066082,0.0
-0.7825000000000006,0.0,0.0,0.0
-0.7774999999999999,0.0,0.0,0.0
-0.7724999999999991,0.0,0.0,0.0
-0.7675000000000001,0.0,0.0,0.0
-0.7624999999999993,0.18240872344905737,0.18240872344905737,0.0
-0.7575000000000003,1.6882133522228153,1.6882133522228153,0.0
-0.7524999999999995,0.09287333282174827,0.09287333282174827,0.0
-0.7475000000000005,0.0,0.0,0.0
-0.7424999999999997,0.0,0.0,0.0
-0.7374999999999989,0.0,0.0,0.0
-0.7324999999999999,0.0,0.0,0.0
-0.7274999999999991,0.6251769380643689,0.6251769380643689,0.0
-0.7225000000000001,1.3365513245616079,1.3365513245616079,0.0
-0.7174999999999994,0.0017671458676442589,0.0017671458676442589,0.0
-0.7125000000000004,0.0,0.0,0.0
-0.7074999999999996,0.0,0.0,0.0
-0.7025000000000006,0.0,0.0,0.0
-0.6974999999999998,0.00039269908169872416,0.00039269908169872416,0.0
-0.692499999999999,1.2087277734686732,1.2087277734686732,0.0
-0.6875,0.7543749359432491,0.7543749359432491,0.0
-0.6824999999999992,0.0,0.0,0.0
-0.6775000000000002,0.0,0.0,0.0
-0.6724999999999994,0.0,0.0,0.0
-0.6675000000000004,0.0,0.0,0.0
-0.6624999999999996,0.01237002107350981,0.01237002107350981,0.0
-0.6575000000000006,1.5605861506707304,1.5605861506707304,0.0
-0.6524999999999999,0.3905392367493812,0.3905392367493812,0.0
-0.6474999999999991,0.0,0.0,0.0
-0.6425000000000001,0.0,0.0,0.0
-0.6374999999999993,0.0,0.0,0.0
-0.6325000000000003,0.0,0.0,0.0
-0.6274999999999995,0.03887720908817369,0.03887720908817369,0.0
-0.6225000000000005,1.7339627952407166,1.7339627952407166,0.0
-0.6174999999999997,0.19065540416473054,0.19065540416473054,0.0
-0.6124999999999989,0.0,0.0,0.0
-0.6074999999999999,0.0,0.0,0.0
-0.6024999999999991,0.0,0.0,0.0
-0.5975000000000001,0.0,0.0,0.0
-0.5924999999999994,0.16984235283469817,0.16984235283469817,0.0
-0.5875000000000004,1.736908038353457,1.736908038353457,0.0
-0.5824999999999996,0.056745017305465634,0.056745017305465634,0.0
-0.5775000000000006,0.0,0.0,0.0
-0.5724999999999998,0.0,0.0,0.0
-0.567499999999999,0.0,0.0,0.0
-0.5625,0.0,0.0,0.0
-0.5574999999999992,0.4649557127312895,0.4649557127312895,0.0
-0.5525000000000002,1.4983433462214824,1.4983433462214824,0.0
-0.5474999999999994,0.00019634954084936208,0.00019634954084936208,0.0
-0.5425000000000004,0.0,0.0,0.0
-0.5374999999999996,0.0,0.0,0.0
-0.5325000000000006,0.0,0.0,0.0
-0.5274999999999999,0.0,0.0,0.0
-0.5224999999999991,0.8727737090754146,0.8727737090754146,0.0
-0.5175000000000001,1.0907216994182065,1.0907216994182065,0.0
-0.5124999999999993,0.0,0.0,0.0
-0.5075000000000003,0.0,0.0,0.0
-0.5024999999999995,0.0,0.0,0.0
-0.4975000000000005,0.0,0.0,0.0
-0.4924999999999997,0.0,0.0,0.0
-0.48749999999999893,1.1686724671354034,1.1686724671354034,0.0
-0.48249999999999993,0.7948229413582178,0.7948229413582178,0.0
-0.47749999999999915,0.0,0.0,0.0
-0.47250000000000014,0.0,0.0,0.0
-0.46749999999999936,0.0,0.0,0.0
-0.46250000000000036,0.0,0.0,0.0
-0.4574999999999996,0.0,0.0,0.0
-0.45250000000000057,1.3893693510500864,1.3893693510500864,0.0
-0.4474999999999998,0.5741260574435348,0.5741260574435348,0.0
-0.442499999999999,0.0,0.0,0.0
-0.4375,0.0,0.0,0.0
-0.4324999999999992,0.0,0.0,0.0
-0.4275000000000002,0.0,0.0,0.0
-0.42249999999999943,0.0011780972450961724,0.0011780972450961724,0.0
-0.4175000000000004,1.5947509707785192,1.5947509707785192,0.0
-0.41249999999999964,0.3675663404700058,0.3675663404700058,0.0
-0.40750000000000064,0.0,0.0,0.0
-0.40249999999999986,0.0,0.0,0.0
-0.3974999999999991,0.0,0.0,0.0
-0.39250000000000007,0.0,0.0,0.0
-0.3874999999999993,0.011191923828413637,0.011191923828413637,0.0
-0.3825000000000003,1.7441729713648841,1.7441729713648841,0.0
-0.3774999999999995,0.2081305133003238,0.2081305133003238,0.0
-0.3725000000000005,0.0,0.0,0.0
-0.3674999999999997,0.0,0.0,0.0
-0.36249999999999893,0.0,0.0,0.0
-0.35749999999999993,0.0,0.0,0.0
-0.35249999999999915,0.03063052837250048,0.03063052837250048,0.0
-0.34750000000000014,1.8356718574006863,1.8356718574006863,0.0
-0.34249999999999936,0.09719302272043422,0.09719302272043422,0.0
-0.33750000000000036,0.0,0.0,0.0
-0.3324999999999996,0.0,0.0,0.0
-0.32750000000000057,0.0,0.0,0.0
-0.3224999999999998,0.0,0.0,0.0
-0.317499999999999,0.06204645490839841,0.06204645490839841,0.0
-0.3125,1.8582520545983632,1.8582520545983632,0.0
-0.3074999999999992,0.04319689898685966,0.04319689898685966,0.0
-0.3025000000000002,0.0,0.0,0.0
-0.29749999999999943,0.0,0.0,0.0
-0.2925000000000004,0.0,0.0,0.0
-0.28749999999999964,0.0,0.0,0.0
-0.28250000000000064,0.10524335389525806,0.10524335389525806,0.0
-0.27749999999999986,1.8415623436261674,1.8415623436261674,0.0
-0.2724999999999991,0.01668971097219578,0.01668971097219578,0.0
-0.26750000000000007,0.0,0.0,0.0
-0.2624999999999993,0.0,0.0,0.0
-0.2575000000000003,0.0,0.0,0.0
-0.2524999999999995,0.0,0.0,0.0
-0.2475000000000005,0.15943582716968202,0.15943582716968202,0.0
-0.24249999999999972,1.8011143382111992,1.8011143382111992,0.0
-0.23749999999999893,0.002945243112740431,0.002945243112740431,0.0
-0.23249999999999993,0.0,0.0,0.0
-0.22749999999999915,0.0,0.0,0.0
-0.22250000000000014,0.0,0.0,0.0
-0.21749999999999936,0.0,0.0,0.0
-0.21250000000000036,0.19634954084936207,0.19634954084936207,0.0
-0.20749999999999957,1.7663604694808617,1.7663604694808617,0.0
-0.20250000000000057,0.0007853981633974483,0.0007853981633974483,0.0
-0.1974999999999998,0.0,0.0,0.0
-0.192499999999999,0.0,0.0,0.0
-0.1875,0.0,0.0,0.0
-0.18249999999999922,0.0,0.0,0.0
-0.1775000000000002,0.22324942794572467,0.22324942794572467,0.0
-0.17249999999999943,1.7402459805478963,1.7402459805478963,0.0
-0.16750000000000043,0.0,0.0,0.0
-0.16249999999999964,0.0,0.0,0.0
-0.15750000000000064,0.0,0.0,0.0
-0.15249999999999986,0.0,0.0,0.0
-0.14749999999999908,0.0,0.0,0.0
-0.14250000000000007,0.24445517835745578,0.24445517835745578,0.0
-0.1374999999999993,1.7190402301361651,1.7190402301361651,0.0
-0.13250000000000028,0.0,0.0,0.0
-0.1274999999999995,0.0,0.0,0.0
-0.1225000000000005,0.0,0.0,0.0
-0.11749999999999972,0.0,0.0,0.0
-0.11249999999999893,0.0,0.0,0.0
-0.10749999999999993,0.24857851871529238,0.24857851871529238,0.0
-0.10249999999999915,1.7149168897783287,1.7149168897783287,0.0
-0.09750000000000014,0.0,0.0,0.0
-0.09249999999999936,0.0,0.0,0.0
-0.08750000000000036,0.0,0.0,0.0
-0.08249999999999957,0.0,0.0,0.0
-0.07750000000000057,0.0,0.0,0.0
-0.07249999999999979,0.24150993524471534,0.24150993524471534,0.0
-0.067499999999999,1.721985473248906,1.721985473248906,0.0
-0.0625,0.0,0.0,0.0
-0.05749999999999922,0.0,0.0,0.0
-0.05250000000000021,0.0,0.0,0.0
-0.04749999999999943,0.0,0.0,0.0
-0.042500000000000426,0.0,0.0,0.0
-0.037499999999999645,0.22069688391468298,0.22069688391468298,0.0
-0.03250000000000064,1.7427985245789381,1.7427985245789381,0.0
-0.027499999999999858,0.0,0.0,0.0
-0.022499999999999076,0.0,0.0,0.0
-0.01750000000000007,0.0,0.0,0.0
-0.01249999999999929,0.0,0.0,0.0
-0.007500000000000284,0.0,0.0,0.0
-0.0024999999999995026,0.18829920967453825,0.18829920967453825,0.0
0.0024999999999995026,1.7751961988190832,1.7751961988190832,0.0
0.007500000000000284,0.0,0.0,0.0
0.012500000000001066,0.0,0.0,0.0
0.01750000000000007,0.0,0.0,0.0
0.022500000000000853,0.0,0.0,0.0
0.027499999999999858,0.0,0.0,0.0
0.03250000000000064,0.12821625017463345,0.12821625017463345,0.0
0.037499999999999645,1.8352791583189878,1.8352791583189878,0.0
0.042500000000000426,0.0,0.0,0.0
0.04749999999999943,0.0,0.0,0.0
0.05250000000000021,0.0,0.0,0.0
0.057500000000000995,0.0,0.0,0.0
0.0625,0.0,0.0,0.0
0.06750000000000078,0.06400995031689202,0.06400995031689202,0.0
0.07249999999999979,1.8994854581767289,1.8994854581767289,0.0
0.07750000000000057,0.0,0.0,0.0
0.08249999999999957,0.0,0.0,0.0
0.08750000000000036,0.0,0.0,0.0
0.09249999999999936,0.0,0.0,0.0
0.09750000000000014,0.0,0.0,0.0
0.10250000000000092,0.020420352248333655,0.020420352248333655,0.0
0.10749999999999993,1.942486007622739,1.942486007622739,0.0
0.11250000000000071,0.0005890486225480862,0.0005890486225480862,0.0
0.11749999999999972,0.0,0.0,0.0
0.1225000000000005,0.0,0.0,0.0
0.1274999999999995,0.0,0.0,0.0
0.13250000000000028,0.0,0.0,0.0
0.13750000000000107,0.004516039439535329,0.004516039439535329,0.0
0.14250000000000007,1.9548560286962495,1.9548560286962495,0.0
0.14750000000000085,0.004123340357836604,0.004123340357836604,0.0
0.15249999999999986,0.0,0.0,0.0
0.15750000000000064,0.0,0.0,0.0
0.16249999999999964,0.0,0.0,0.0
0.16750000000000043,0.0,0.0,0.0
0.17249999999999943,0.0,0.0,0.0
0.1775000000000002,1.9314904333351752,1.9314904333351752,0.0
0.182500000000001,0.032004975158446025,0.032004975158446025,0.0
0.1875,0.0,0.0,0.0
0.19250000000000078,0.0,0.0,0.0
0.1974999999999998,0.0,0.0,0.0
0.20250000000000057,0.0,0.0,0.0
0.20749999999999957,0.0,0.0,0.0
0.21250000000000036,1.8674804830182834,1.8674804830182834,0.0
0.21749999999999936,0.09601492547533806,0.09601492547533806,0.0
0.22250000000000014,0.0,0.0,0.0
0.22750000000000092,0.0,0.0,0.0
0.23249999999999993,0.0,0.0,0.0
0.2375000000000007,0.0,0.0,0.0
0.24249999999999972,0.0,0.0,0.0
0.2475000000000005,1.644623754154257,1.644623754154257,0.0
0.2524999999999995,0.31887165433936404,0.31887165433936404,0.0
0.2575000000000003,0.0,0.0,0.0
0.26250000000000107,0.0,0.0,0.0
0.26750000000000007,0.0,0.0,0.0
0.27250000000000085,0.0,0.0,0.0
0.27749999999999986,0.0,0.0,0.0
0.28250000000000064,1.2892310852169118,1.2892310852169118,0.0
0.28749999999999964,0.6742643232767097,0.6742643232767097,0.0
0.2925000000000004,0.0,0.0,0.0
0.29749999999999943,0.0,0.0,0.0
0.3025000000000002,0.0,0.0,0.0
0.307500000000001,0.0,0.0,0.0
0.3125,0.0,0.0,0.0
0.3175000000000008,0.7873616588059422,0.7873616588059422,0.0
0.3224999999999998,1.176133749687679,1.176133749687679,0.0
0.32750000000000057,0.0,0.0,0.0
0.3324999999999996,0.0,0.0,0.0
0.33750000000000036,0.0,0.0,0.0
0.34249999999999936,0.0,0.0,0.0
0.34750000000000014,0.0,0.0,0.0
0.3525000000000009,0.28333238744562944,0.28333238744562944,0.0
0.35749999999999993,1.6801630210479916,1.6801630210479916,0.0
0.3625000000000007,0.0,0.0,0.0
0.3674999999999997,0.0,0.0,0.0
0.3725000000000005,0.0,0.0,0.0
0.3774999999999995,0.0,0.0,0.0
0.3825000000000003,0.0,0.0,0.0
0.38750000000000107,0.06342090169434395,0.06342090169434395,0.0
0.39250000000000007,1.900074506799277,1.900074506799277,0.0
0.39750000000000085,0.0,0.0,0.0
0.40249999999999986,0.0,0.0,0.0
0.40750000000000064,0.0,0.0,0.0
0.41249999999999964,0.0,0.0,0.0
0.4175000000000004,0.0,0.0,0.0
0.42249999999999943,0.0005890486225480862,0.0005890486225480862,0.0
0.4275000000000002,1.935417424152162,1.935417424152162,0.0
0.432500000000001,0.02748893571891069,0.02748893571891069,0.0
0.4375,0.0,0.0,0.0
0.4425000000000008,0.0,0.0,0.0
0.4474999999999998,0.0,0.0,0.0
0.45250000000000057,0.0,0.0,0.0
0.4574999999999996,0.0,0.0,0.0
0.46250000000000036,1.725912464065893,1.725912464065893,0.0
0.46749999999999936,0.2375829444277281,0.2375829444277281,0.0
0.47250000000000014,0.0,0.0,0.0
0.4775000000000009,0.0,0.0,0.0
0.48249999999999993,0.0,0.0,0.0
0.4875000000000007,0.0,0.0,0.0
0.4924999999999997,0.0,0.0,0.0
0.4975000000000005,1.2179562018885934,1.2179562018885934,0.0
0.5024999999999995,0.7455392066050279,0.7455392066050279,0.0
0.5075000000000003,0.0,0.0,0.0
0.5125000000000011,0.0,0.0,0.0
0.5175000000000001,0.0,0.0,0.0
0.5225000000000009,0.0,0.0,0.0
0.5274999999999999,0.0,0.0,0.0
0.5325000000000006,0.4997095814616267,0.4997095814616267,0.0
0.5374999999999996,1.4637858270319948,1.4637858270319948,0.0
0.5425000000000004,0.0,0.0,0.0
0.5474999999999994,0.0,0.0,0.0
0.5525000000000002,0.0,0.0,0.0
0.557500000000001,0.0,0.0,0.0
0.5625,0.0,0.0,0.0
0.5675000000000008,0.02670353755551324,0.02670353755551324,0.0
0.5724999999999998,1.9226547039969542,1.9226547039969542,0.0
0.5775000000000006,0.014137166941154071,0.014137166941154071,0.0
0.5824999999999996,0.0,0.0,0.0
0.5875000000000004,0.0,0.0,0.0
0.5924999999999994,0.0,0.0,0.0
0.5975000000000001,0.0,0.0,0.0
0.6025000000000009,0.0,0.0,0.0
0.6074999999999999,1.7011724219188735,1.7011724219188735,0.0
0.6125000000000007,0.26232298657474773,0.26232298657474773,0.0
0.6174999999999997,0.0,0.0,0.0
0.6225000000000005,0.0,0.0,0.0
0.6274999999999995,0.0,0.0,0.0
0.6325000000000003,0.0,0.0,0.0
0.6375000000000011,0.0,0.0,0.0
0.6425000000000001,0.9458157382713773,0.9458157382713773,0.0
0.6475000000000009,1.0176796702222437,1.0176796702222437,0.0
0.6524999999999999,0.0,0.0,0.0
0.6575000000000006,0.0,0.0,0.0
0.6624999999999996,0.0,0.0,0.0
0.6675000000000004,0.0,0.0,0.0
0.6724999999999994,0.0,0.0,0.0
0.6775000000000002,0.26291203519729583,0.26291203519729583,0.0
0.682500000000001,1.687427954059418,1.687427954059418,0.0
0.6875,0.013155419236907257,0.013155419236907257,0.0
0.6925000000000008,0.0,0.0,0.0
0.6974999999999998,0.0,0.0,0.0
0.7025000000000006,0.0,0.0,0.0
0.7074999999999996,0.0,0.0,0.0
0.7125000000000004,0.006086835766330225,0.006086835766330225,0.0
0.7174999999999994,1.5694218800089514,1.5694218800089514,0.0
0.7225000000000001,0.3879866927183395,0.3879866927183395,0.0
0.7275000000000009,0.0,0.0,0.0
0.7324999999999999,0.0,0.0,0.0
0.7375000000000007,0.0,0.0,0.0
0.7424999999999997,0.0,0.0,0.0
0.7475000000000005,0.0,0.0,0.0
0.7524999999999995,0.7323837873681206,0.7323837873681206,0.0
0.7575000000000003,1.2311116211255004,1.2311116211255004,0.0
0.7625000000000011,0.0,0.0,0.0
0.7675000000000001,0.0,0.0,0.0
0.7725000000000009,0.0,0.0,0.0
0.7774999999999999,0.0,0.0,0.0
0.7825000000000006,0.0,0.0,0.0
0.7874999999999996,0.08776824475966484,0.08776824475966484,0.0
0.7925000000000004,1.6937111393665976,1.6937111393665976,0.0
0.7974999999999994,0.1820160243673586,0.1820160243673586,0.0
0.8025000000000002,0.0,0.0,0.0
0.807500000000001,0.0,0.0,0.0
0.8125,0.0,0.0,0.0
0.8175000000000008,0.0,0.0,0.0
0.8224999999999998,0.0,0.0,0.0
0.8275000000000006,0.8423395302437634,0.8423395302437634,0.0
0.8324999999999996,1.1211558782498576,1.1211558782498576,0.0
0.8375000000000004,0.0,0.0,0.0
0.8424999999999994,0.0,0.0,0.0
0.8475000000000001,0.0,0.0,0.0
0.8525000000000009,0.0,0.0,0.0
0.8574999999999999,0.0,0.0,0.0
0.8625000000000007,0.05006913291658733,0.05006913291658733,0.0
0.8674999999999997,1.6454091523176544,1.6454091523176544,0.0
0.8725000000000005,0.26801712325937915,0.26801712325937915,0.0
0.8774999999999995,0.0,0.0,0.0
0.8825000000000003,0.0,0.0,0.0
0.8875000000000011,0.0,0.0,0.0
0.8925000000000001,0.0,0.0,0.0
0.8975000000000009,0.0,0.0,0.0
0.9024999999999999,0.3273146845958866,0.3273146845958866,0.0
0.9075000000000006,1.6002487579223013,1.6002487579223013,0.0
0.9124999999999996,0.035931965975433265,0.035931965975433265,0.0
0.9175000000000004,0.0,0.0,0.0
0.9224999999999994,0.0,0.0,0.0
0.9275000000000002,0.0,0.0,0.0
0.932500000000001,0.0,0.0,0.0
0.9375,0.0,0.0,0.0
0.9425000000000008,0.841554132080366,0.841554132080366,0.0
0.9474999999999998,1.121941276413255,1.121941276413255,0.0
0.9525000000000006,0.0,0.0,0.0
0.9574999999999996,0.0,0.0,0.0
0.9625000000000004,0.0,0.0,0.0
0.9674999999999994,0.0,0.0,0.0
0.9725000000000001,0.0,0.0,0.0
0.9775000000000009,0.0,0.0,0.0
0.9824999999999999,0.8285950623843081,0.8285950623843081,0.0
0.9875000000000007,1.134900346109313,1.134900346109313,0.0
0.9924999999999997,0.0,0.0,0.0
0.9975000000000005,0.0,0.0,0.0
1.0024999999999995,0.0,0.0,0.0
1.0075000000000003,0.0,0.0,0.0
1.012500000000001,0.0,0.0,0.0
1.0175,0.0,0.0,0.0
1.0225000000000009,0.0,0.0,0.0
1.0274999999999999,1.9634954084939327,1.9634954084939327,0.0
