omega,S,S_edge,S_cont
-1.0315969897444206,0,0,0
-1.031552602913803,40.69711107279356,40.69711107279356,0.0
-1.0314216569316663,20.86914836973358,20.86914836973358,0.0
-1.0312092455878448,14.353470867425447,14.353470867425447,0.0
-1.0309204476181342,11.085993172359943,11.085993172359943,0.0
-1.0305600519698759,9.14873110849054,9.14873110849054,0.0
-1.0301325385035864,7.851810593343206,7.851810593343206,0.0
-1.0296413209434911,6.917052851147972,6.917052851147972,0.0
-1.0290892125385123,6.2085863814611075,6.2085863814611075,0.0
-1.0284790478096373,5.659014889543586,5.659014889543586,0.0
-1.0278137837473225,5.220043567716482,5.220043567716482,0.0
-1.0270959200283372,4.85843856255954,4.85843856255954,0.0
-1.0263273246135993,4.552625825790217,4.552625825790217,0.0
-1.0255096819495813,4.29222976203527,4.29222976203527,0.0
-1.0246449922921488,4.070039771066962,4.070039771066962,0.0
-1.0237353096678197,3.8776755392454514,3.8776755392454514,0.0
-1.022781997654592,3.705758243520443,3.705758243520443,0.0
-1.0217861979489187,3.5535732036244614,3.5535732036244614,0.0
-1.020749351725485,3.417951123876895,3.417951123876895,0.0
-1.0196725964473088,3.2948945949671824,3.2948945949671824,0.0
-1.0185568508670466,3.183118949833921,3.183118949833921,0.0
-1.0174033115682017,3.0824070756591295,3.0824070756591295,0.0
-1.0162131699328347,2.990254529130055,2.990254529130055,0.0
-1.0149873057979244,2.905311843373618,2.905311843373618,0.0
-1.0137268185530353,2.828162777024741,2.828162777024741,0.0
-1.0124323759475196,2.754864794404651,2.754864794404651,0.0
-1.0111044160543443,2.6871533947967055,2.6871533947967055,0.0
-1.0097438281397597,2.6242826147182563,2.6242826147182563,0.0
-1.008351237109042,2.5650405781840635,2.5650405781840635,0.0
-1.006927343267514,2.5101333756818933,2.5101333756818933,0.0
-1.0054729250220642,2.4584814520078027,2.4584814520078027,0.0
-1.0039884923810218,2.409634799313453,2.409634799313453,0.0
-1.0024746149079022,2.3637572040279204,2.3637572040279204,0.0
-1.0009318361042177,2.320186072763288,2.320186072763288,0.0
-0.9993605737700473,2.2788216916164896,2.2788216916164896,0.0
-0.997761252901037,2.2394780159609917,2.2394780159609917,0.0
-0.9961343512914105,2.202199390689627,2.202199390689627,0.0
-0.9944804147429562,2.166853374384179,2.166853374384179,0.0
-0.992799782958216,2.1327896047047368,2.1327896047047368,0.0
-0.9910927720666407,2.100391565137765,2.100391565137765,0.0
-0.9893597901398539,2.0693368117982596,2.0693368117982596,0.0
-0.987601144825484,2.0395322435696155,2.0395322435696155,0.0
-0.985817200744953,2.011054516003734,2.011054516003734,0.0
-0.9840082221399312,1.9834690751146915,1.9834690751146915,0.0
-0.9821745100505012,1.9571632384251791,1.9571632384251791,0.0
-0.9803163742402698,1.9316664602794316,1.9316664602794316,0.0
-0.9784340006495633,1.90708239468794,1.90708239468794,0.0
-0.9765276407095671,1.8833592731096223,1.8833592731096223,0.0
-0.9745974823418564,1.860341955821661,1.860341955821661,0.0
-0.9726437075628056,1.8381009232728223,1.8381009232728223,0.0
-0.9706665316380407,1.8165632707433994,1.8165632707433994,0.0
-0.968666160670945,1.7957185688645187,1.7957185688645187,0.0
-0.9666427812781182,1.7754827284390418,1.7754827284390418,0.0
-0.9645966272970345,1.7559640313049556,1.7559640313049556,0.0
-0.9625279152228559,1.7369709413344845,1.7369709413344845,0.0
-0.9604367567375287,1.7184679190344991,1.7184679190344991,0.0
-0.9583232513412457,1.7004323588409362,1.7004323588409362,0.0
-0.9561875182002648,1.6828824340698545,1.6828824340698545,0.0
-0.954029765282205,1.6659017725844323,1.6659017725844323,0.0
-0.9518502023591335,1.649369701742051,1.649369701742051,0.0
-0.9496488934776224,1.6331498896888774,1.6331498896888774,0.0
-0.9474259307232727,1.6173917169365257,1.6173917169365257,0.0
-0.9451815385357096,1.6021106187400795,1.6021106187400795,0.0
-0.9429158093599073,1.5870718559795987,1.5870718559795987,0.0
-0.9406287271487137,1.5723337424967168,1.5723337424967168,0.0
-0.9383204184176477,1.5580162687158428,1.5580162687158428,0.0
-0.9359910695718692,1.5440564199349591,1.5440564199349591,0.0
-0.9336408012988213,1.5304034964965338,1.5304034964965338,0.0
-0.9312696087765473,1.5169258029040762,1.5169258029040762,0.0
-0.928877520129292,1.5037816141561464,1.5037816141561464,0.0
-0.9264646515851833,1.4909097525509267,1.4909097525509267,0.0
-0.9240310822295974,1.4783063401985999,1.4783063401985999,0.0
-0.921576916150803,1.4659889249769171,1.4659889249769171,0.0
-0.919102251401871,1.4539163387513188,1.4539163387513188,0.0
-0.9166071098895443,1.4420255903895323,1.4420255903895323,0.0
-0.914091570527207,1.4304322673592231,1.4304322673592231,0.0
-0.9115556672601759,1.4189588563138205,1.4189588563138205,0.0
-0.9089994594203374,1.4077971105711469,1.4077971105711469,0.0
-0.9064230888924779,1.3968357624780237,1.3968357624780237,0.0
-0.9038265357940999,1.3859968801783196,1.3859968801783196,0.0
-0.90120975289473,1.3753216459325421,1.3753216459325421,0.0
-0.8985726989656744,1.3647703059030458,1.3647703059030458,0.0
-0.8959153372315658,1.3543809845435753,1.3543809845435753,0.0
-0.8932377246243823,1.3442042569390866,1.3442042569390866,0.0
-0.8905399444887548,1.3342066641368144,1.3342066641368144,0.0
-0.8878220193087425,1.3243515801696417,1.3243515801696417,0.0
-0.8850838342383344,1.3145361811449905,1.3145361811449905,0.0
-0.8823252799742938,1.3048654700667301,1.3048654700667301,0.0
-0.879546370512102,1.2953487483820454,1.2953487483820454,0.0
-0.8767471143006015,1.285965017211356,1.285965017211356,0.0
-0.8739274815022289,1.2766940908273832,1.2766940908273832,0.0
-0.8710873641936379,1.267481750243268,1.267481750243268,0.0
-0.8682267384303595,1.2584534859255403,1.2584534859255403,0.0
-0.8653455328833579,1.249439936816875,1.249439936816875,0.0
-0.8624436804222487,1.240608777695537,1.240608777695537,0.0
-0.8595211285661124,1.2318040642712953,1.2318040642712953,0.0
-0.8565776776462877,1.2230542287400297,1.2230542287400297,0.0
-0.8536131856416603,1.2143801113912591,1.2143801113912591,0.0
-0.8506276422967742,1.2058669492550482,1.2058669492550482,0.0
-0.8476210153800762,1.19740848559444,1.19740848559444,0.0
-0.844593133806771,1.1889968946670533,1.1889968946670533,0.0
-0.8415440070514468,1.1807799486374362,1.1807799486374362,0.0
-0.8384735876101665,1.1725634053109255,1.1725634053109255,0.0
-0.8353817054458892,1.1644436171471257,1.1644436171471257,0.0
-0.8322682599471659,1.1563776038314837,1.1563776038314837,0.0
-0.8291330936342208,1.1483647041945986,1.1483647041945986,0.0
-0.825976005169267,1.140374194254041,1.140374194254041,0.0
-0.8227967866102968,1.1324331570140356,1.1324331570140356,0.0
-0.819595244787682,1.1245268251998024,1.1245268251998024,0.0
-0.8163712086274839,1.1166861079273593,1.1166861079273593,0.0
-0.8131244536804247,1.108844591477679,1.108844591477679,0.0
-0.8098548379037752,1.1011249473405187,1.1011249473405187,0.0
-0.8065620661935642,1.0933044003447692,1.0933044003447692,0.0
-0.8032458178345263,1.085589610759272,1.085589610759272,0.0
-0.7999060750889935,1.0779760088859804,1.0779760088859804,0.0
-0.7965425787984928,1.070310912741526,1.070310912741526,0.0
-0.7931548762896148,1.06262634382214,1.06262634382214,0.0
-0.7897427728970954,1.0550572612083355,1.0550572612083355,0.0
-0.7863060840225281,1.0474772660570215,1.0474772660570215,0.0
-0.7828444188885566,1.0398877298692377,1.0398877298692377,0.0
-0.7793574206209011,1.0323128002562605,1.0323128002562605,0.0
-0.7758447359533771,1.0247352522145166,1.0247352522145166,0.0
-0.7723060893989577,1.0172208590097913,1.0172208590097913,0.0
-0.7687411975613356,1.0097024947019058,1.0097024947019058,0.0
-0.7651496460343886,1.0021757099005577,1.0021757099005577,0.0
-0.7615309269275572,0.9945990947087667,0.9945990947087667,0.0
-0.757884635516274,0.9870766434684931,0.9870766434684931,0.0
-0.754210554248747,0.9796101887131802,0.9796101887131802,0.0
-0.7505083921368352,0.9721596630937802,0.9721596630937802,0.0
-0.7467777374935282,0.9647042002421103,0.9647042002421103,0.0
-0.7430180427138926,0.957200020084346,0.957200020084346,0.0
-0.7392287469519161,0.9496912851434777,0.9496912851434777,0.0
-0.7354094008218052,0.9421970746446593,0.9421970746446593,0.0
-0.7315594449471903,0.9346503917776233,0.9346503917776233,0.0
-0.7276782560890229,0.9270941400161753,0.9270941400161753,0.0
-0.7237651627456094,0.9194721386594655,0.9194721386594655,0.0
-0.7198195484703469,0.911874507216396,0.911874507216396,0.0
-0.7158408979191873,0.9042663720055145,0.9042663720055145,0.0
-0.711828679749203,0.8966803868472687,0.8966803868472687,0.0
-0.7077822355088579,0.8890344643141064,0.8890344643141064,0.0
-0.7037006696591748,0.8813156250776871,0.8813156250776871,0.0
-0.6995832151643588,0.8736042247587816,0.8736042247587816,0.0
-0.6954292556371426,0.8658939623031152,0.8658939623031152,0.0
-0.6912380172698853,0.8581333741866032,0.8581333741866032,0.0
-0.687008483460033,0.8502855444515636,0.8502855444515636,0.0
-0.6827398846994928,0.8424985317664028,0.8424985317664028,0.0
-0.6784313764157213,0.8346070035689396,0.8346070035689396,0.0
-0.6740815673921805,0.8265767217880888,0.8265767217880888,0.0
-0.6696891758255354,0.8185036429453659,0.8185036429453659,0.0
-0.6652531026951497,0.8103790777679784,0.8103790777679784,0.0
-0.6607721844041037,0.8022030724418853,0.8022030724418853,0.0
-0.6562449342958252,0.7938783240884029,0.7938783240884029,0.0
-0.6516696001443136,0.7854314200305638,0.7854314200305638,0.0
-0.6470446317990972,0.7769310567565965,0.7769310567565965,0.0
-0.6423683252812427,0.7682819157895394,0.7682819157895394,0.0
-0.6376389603220898,0.75959691107199,0.75959691107199,0.0
-0.6328547591605276,0.750772225601444,0.750772225601444,0.0
-0.628013635622226,0.7418403463976397,0.7418403463976397,0.0
-0.6231136800732102,0.7328529273108935,0.7328529273108935,0.0
-0.6181532624782999,0.723866781749476,0.723866781749476,0.0
-0.6131299867563467,0.7146290324252886,0.7146290324252886,0.0
-0.608040998761824,0.7052948062279043,0.7052948062279043,0.0
-0.6028831613718544,0.695680613806117,0.695680613806117,0.0
-0.5976536418687967,0.6860927990049424,0.6860927990049424,0.0
-0.5923497176601562,0.6763015423423188,0.6763015423423188,0.0
-0.586967709310059,0.6663313745687258,0.6663313745687258,0.0
-0.5815038507122046,0.6561932847298084,0.6561932847298084,0.0
-0.5759546136491505,0.6459869852928867,0.6459869852928867,0.0
-0.57031541157321,0.6354272513817065,0.6354272513817065,0.0
-0.5645806976842731,0.624651575942102,0.624651575942102,0.0
-0.5587457012249263,0.6137759770674737,0.6137759770674737,0.0
-0.5528049784929756,0.6026199500178692,0.6026199500178692,0.0
-0.5467519765331125,0.5912210476100984,0.5912210476100984,0.0
-0.540579555307041,0.5795323970454069,0.5795323970454069,0.0
-0.5342800097681273,0.5676050112523993,0.5676050112523993,0.0
-0.5278455603357659,0.5554909038768786,0.5554909038768786,0.0
-0.5212671788292507,0.5430453600356191,0.5430453600356191,0.0
-0.5145344757116144,0.5303241397211386,0.5303241397211386,0.0
-0.5076357861646401,0.5172358595668379,0.5172358595668379,0.0
-0.5005568866779885,0.5036767703664886,0.5036767703664886,0.0
-0.4932831874360202,0.48990989341471747,0.48990989341471747,0.0
-0.48579828033697403,0.47566470069498085,0.47566470069498085,0.0
-0.47808235822497736,0.46102547542496863,0.46102547542496863,0.0
-0.4701122501133158,0.4458246916637385,0.4458246916637385,0.0
-0.461860147678593,0.43007337475320667,0.43007337475320667,0.0
-0.45329252893595706,0.4136165189095584,0.4136165189095584,0.0
-0.4443706807635063,0.3966239669404661,0.3966239669404661,0.0
-0.43505101613944075,0.37908617939935124,0.37908617939935124,0.0
-0.42528184964245447,0.3609956945147285,0.3609956945147285,0.0
-0.41499671446500436,0.3420494621216085,0.3420494621216085,0.0
-0.4041054184697993,0.32199107874564725,0.32199107874564725,0.0
-0.3924923560914009,0.300922843654715,0.300922843654715,0.0
-0.37999910166719053,0.27832399310819067,0.27832399310819067,0.0
-0.3663982958022959,0.2540500689284355,0.2540500689284355,0.0
-0.3513613190285589,0.2278956128127252,0.2278956128127252,0.0
-0.3343763606663799,0.1994176883507106,0.1994176883507106,0.0
-0.31458639863536697,0.16832821798173214,0.16832821798173214,0.0
-0.29053438764562967,0.13561168856973407,0.13561168856973407,0.0
-0.2591816888738896,0.10017724428408888,0.10017724428408888,0.0
-0.20828352753834356,0.05496311448490664,0.05496311448490664,0.0
-0.17541756292294552,0,0,0
