omega,S,S_edge,S_cont,Sr,Sr_edge,Sr_cont
-1.5875000000000004,0.0,0.0,0.0
-1.5824999999999996,0.004512583687616379,0.004512583687616379,0.0
-1.5775000000000006,0.023479006855868668,0.023479006855868668,0.0
-1.5724999999999998,0.0556608536807118,0.0556608536807118,0.0
-1.567499999999999,0.1416204835497049,0.1416204835497049,0.0
-1.5625,0.2294462194549306,0.2294462194549306,0.0
-1.5574999999999992,0.4924484183613847,0.4924484183613847,0.0
-1.5525000000000002,0.7948424192326704,0.7948424192326704,0.0
-1.5474999999999994,1.0344334696845736,1.0344334696845736,0.0
-1.5425000000000004,1.110791135767135,1.110791135767135,0.0
-1.5374999999999996,1.0595580427723923,1.0595580427723923,0.0
-1.5325000000000006,0.9264877177886973,0.9264877177886973,0.0
-1.5274999999999999,0.7896003577308905,0.7896003577308905,0.0
-1.522499999999999,0.7001460201940439,0.7001460201940439,0.0
-1.5175,0.6601095634166957,0.6601095634166957,0.0
-1.5124999999999993,0.6074175147936262,0.6074175147936262,0.0
-1.5075000000000003,0.5678391022251711,0.5678391022251711,0.0
-1.5024999999999995,0.5772883846086385,0.5772883846086385,0.0
-1.4975000000000005,0.5215427079262798,0.5215427079262798,0.0
-1.4924999999999997,0.5309071673081004,0.5309071673081004,0.0
-1.4875000000000007,0.5095826646940634,0.5095826646940634,0.0
-1.4825,0.4872233214599341,0.4872233214599341,0.0
-1.4774999999999991,0.503305762572191,0.503305762572191,0.0
-1.4725000000000001,0.44472699763482487,0.44472699763482487,0.0
-1.4674999999999994,0.5192864160824715,0.5192864160824715,0.0
-1.4625000000000004,0.3980234529280284,0.3980234529280284,0.0
-1.4574999999999996,0.533282211354214,0.533282211354214,0.0
-1.4525000000000006,0.35920844737439567,0.35920844737439567,0.0
-1.4474999999999998,0.540458237293544,0.540458237293544,0.0
-1.442499999999999,0.33340529027340127,0.33340529027340127,0.0
-1.4375,0.5431725733462455,0.5431725733462455,0.0
-1.4324999999999992,0.31264061947023414,0.31264061947023414,0.0
-1.4275000000000002,0.5445975997739139,0.5445975997739139,0.0
-1.4224999999999994,0.2964224615553422,0.2964224615553422,0.0
-1.4175000000000004,0.5437154405567859,0.5437154405567859,0.0
-1.4124999999999996,0.28237577248261153,0.28237577248261153,0.0
-1.4075000000000006,0.543460971551845,0.543460971551845,0.0
-1.4024999999999999,0.27340149890836685,0.27340149890836685,0.0
-1.397499999999999,0.5403903788922264,0.5403903788922264,0.0
-1.3925,0.2759292243574453,0.2759292243574453,0.0
-1.3874999999999993,0.524460619182934,0.524460619182934,0.0
-1.3825000000000003,0.2895178692212826,0.2895178692212826,0.0
-1.3774999999999995,0.48296520677725857,0.48296520677725857,0.0
-1.3725000000000005,0.3310472108276168,0.3310472108276168,0.0
-1.3674999999999997,0.4121719296027353,0.4121719296027353,0.0
-1.362499999999999,0.3926117454229545,0.3926117454229545,0.0
-1.3575,0.3400554136025202,0.3400554136025202,0.0
-1.3524999999999991,0.469631030918362,0.469631030918362,0.0
-1.3475000000000001,0.27021215404644255,0.27021215404644255,0.0
-1.3424999999999994,0.5295839284824083,0.5295839284824083,0.0
-1.3375000000000004,0.2285979894384614,0.2285979894384614,0.0
-1.3324999999999996,0.5312634239150172,0.5312634239150172,0.0
-1.3275000000000006,0.24406970493886046,0.24406970493886046,0.0
-1.3224999999999998,0.46834172129332885,0.46834172129332885,0.0
-1.317499999999999,0.3145406547071253,0.3145406547071253,0.0
-1.3125,0.3697604287792731,0.3697604287792731,0.0
-1.3074999999999992,0.4356339718582747,0.4356339718582747,0.0
-1.3025000000000002,0.2628495175034895,0.2628495175034895,0.0
-1.2974999999999994,0.5248847341911685,0.5248847341911685,0.0
-1.2925000000000004,0.20696812401849568,0.20696812401849568,0.0
-1.2874999999999996,0.5116862751349072,0.5116862751349072,0.0
-1.2825000000000006,0.25065196986666183,0.25065196986666183,0.0
-1.2774999999999999,0.41471661965214307,0.41471661965214307,0.0
-1.272499999999999,0.3821276224193947,0.3821276224193947,0.0
-1.2675,0.2765738791699619,0.2765738791699619,0.0
-1.2624999999999993,0.5124836113503882,0.5124836113503882,0.0
-1.2575000000000003,0.19516076218924377,0.19516076218924377,0.0
-1.2524999999999995,0.5119407441398479,0.5119407441398479,0.0
-1.2475000000000005,0.24123661668385313,0.24123661668385313,0.0
-1.2424999999999997,0.4009922579856708,0.4009922579856708,0.0
-1.237499999999999,0.40102618718632954,0.40102618718632954,0.0
-1.2325,0.24142322728747637,0.24142322728747637,0.0
-1.2274999999999991,0.5284473002603395,0.5284473002603395,0.0
-1.2225000000000001,0.17889171047336366,0.17889171047336366,0.0
-1.2174999999999994,0.48639205604379426,0.48639205604379426,0.0
-1.2125000000000004,0.2861928075567231,0.2861928075567231,0.0
-1.2074999999999996,0.3314373966351927,0.3314373966351927,0.0
-1.2025000000000006,0.46954620791671503,0.46954620791671503,0.0
-1.1974999999999998,0.1779586574552475,0.1779586574552475,0.0
-1.192499999999999,0.5349786713871526,0.5349786713871526,0.0
-1.1875,0.20533952238687472,0.20533952238687472,0.0
-1.1824999999999992,0.40711647870457857,0.40711647870457857,0.0
-1.1775000000000002,0.39651360349871306,0.39651360349871306,0.0
-1.1724999999999994,0.2133128845416856,0.2133128845416856,0.0
-1.1675000000000004,0.5417305823182479,0.5417305823182479,0.0
-1.1624999999999996,0.158279721073161,0.158279721073161,0.0
-1.1575000000000006,0.46340502259747784,0.46340502259747784,0.0
-1.1524999999999999,0.3339820866846004,0.3339820866846004,0.0
-1.147499999999999,0.2538413147285862,0.2538413147285862,0.0
-1.1425,0.5285660524626452,0.5285660524626452,0.0
-1.1374999999999993,0.13125511274845086,0.13125511274845086,0.0
-1.1325000000000003,0.5022369927514397,0.5022369927514397,0.0
-1.1274999999999995,0.2911973646538917,0.2911973646538917,0.0
-1.1225000000000005,0.28067931244967304,0.28067931244967304,0.0
-1.1174999999999997,0.5122291423454476,0.5122291423454476,0.0
-1.112499999999999,0.11937989251788142,0.11937989251788142,0.0
-1.1075,0.5245793713852398,0.5245793713852398,0.0
-1.1024999999999991,0.26542813675355603,0.26542813675355603,0.0
-1.0975000000000001,0.29389473610626393,0.29389473610626393,0.0
-1.0924999999999994,0.5050870456067764,0.5050870456067764,0.0
-1.0875000000000004,0.10853951290740452,0.10853951290740452,0.0
-1.0824999999999996,0.5365903084184441,0.5365903084184441,0.0
-1.0775000000000006,0.25553777476152456,0.25553777476152456,0.0
-1.0724999999999998,0.2910955770519154,0.2910955770519154,0.0
-1.067499999999999,0.5106683991151441,0.5106683991151441,0.0
-1.0625,0.09681697407979956,0.09681697407979956,0.0
-1.0574999999999992,0.5390332108658756,0.5390332108658756,0.0
-1.0525000000000002,0.2595074912386007,0.2595074912386007,0.0
-1.0474999999999994,0.27192557867971046,0.27192557867971046,0.0
-1.0425000000000004,0.5301776894939366,0.5301776894939366,0.0
-1.0374999999999996,0.08553551486075858,0.08553551486075858,0.0
-1.0325000000000006,0.5304151938985481,0.5304151938985481,0.0
-1.0274999999999999,0.27842302060586477,0.27842302060586477,0.0
-1.022499999999999,0.23502757296329832,0.23502757296329832,0.0
-1.0175,0.5626648991247086,0.5626648991247086,0.0
-1.0124999999999993,0.07630677228157323,0.07630677228157323,0.0
-1.0075000000000003,0.5083612134703477,0.5083612134703477,0.0
-1.0024999999999995,0.3136754600903266,0.3136754600903266,0.0
-0.9975000000000005,0.1780943742578826,0.1780943742578826,0.0
-0.9924999999999997,0.6063826741735338,0.6063826741735338,0.0
-0.9874999999999989,0.07807109071582927,0.07807109071582927,0.0
-0.9824999999999999,0.46276036778496116,0.46276036778496116,0.0
-0.9774999999999991,0.36986221638124944,0.36986221638124944,0.0
-0.9725000000000001,0.11678430866748558,0.11678430866748558,0.0
-0.9674999999999994,0.6371225299703791,0.6371225299703791,0.0
-0.9625000000000004,0.10343316820825967,0.10343316820825967,0.0
-0.9574999999999996,0.3939858780496348,0.3939858780496348,0.0
-0.9525000000000006,0.44155461737323004,0.44155461737323004,0.0
-0.9474999999999998,0.06646730409052998,0.06646730409052998,0.0
-0.942499999999999,0.6298616810294023,0.6298616810294023,0.0
-0.9375,0.1636914285782348,0.1636914285782348,0.0
-0.9324999999999992,0.29810195698795133,0.29810195698795133,0.0
-0.9275000000000002,0.5317723619248989,0.5317723619248989,0.0
-0.9224999999999994,0.03677925351410642,0.03677925351410642,0.0
-0.9175000000000004,0.5699936064670031,0.5699936064670031,0.0
-0.9124999999999996,0.2596262434409064,0.2596262434409064,0.0
-0.9075000000000006,0.17487110019529947,0.17487110019529947,0.0
-0.9024999999999999,0.6387002378010119,0.6387002378010119,0.0
-0.8974999999999991,0.0377123065322226,0.0377123065322226,0.0
-0.8925000000000001,0.47068283613878387,0.47068283613878387,0.0
-0.8874999999999993,0.3740694372629369,0.3740694372629369,0.0
-0.8825000000000003,0.07160757799033361,0.07160757799033361,0.0
-0.8774999999999995,0.6885591981690742,0.6885591981690742,0.0
-0.8725000000000005,0.089165939331247,0.089165939331247,0.0
-0.8674999999999997,0.33539014851193943,0.33539014851193943,0.0
-0.8624999999999989,0.5086156824752885,0.5086156824752885,0.0
-0.8574999999999999,0.018118193151783056,0.018118193151783056,0.0
-0.8524999999999991,0.6234829913055536,0.6234829913055536,0.0
-0.8475000000000001,0.21024229188206703,0.21024229188206703,0.0
-0.8424999999999994,0.1685093750717801,0.1685093750717801,0.0
-0.8375000000000004,0.6628747932703855,0.6628747932703855,0.0
-0.8324999999999996,0.01925482137385184,0.01925482137385184,0.0
-0.8275000000000006,0.4691051283081511,0.4691051283081511,0.0
-0.8224999999999998,0.37666502111333283,0.37666502111333283,0.0
-0.817499999999999,0.04554995188439843,0.04554995188439843,0.0
-0.8125,0.723506274847607,0.723506274847607,0.0
-0.8074999999999992,0.07968272774712085,0.07968272774712085,0.0
-0.8025000000000002,0.27518278194295237,0.27518278194295237,0.0
-0.7974999999999994,0.5711641638897306,0.5711641638897306,0.0
-0.7925000000000004,0.007277813541306115,0.007277813541306115,0.0
-0.7874999999999996,0.5954065777604217,0.5954065777604217,0.0
-0.7825000000000006,0.24691975779419714,0.24691975779419714,0.0
-0.7774999999999999,0.08919986853190576,0.08919986853190576,0.0
-0.7724999999999991,0.7355341764811409,0.7355341764811409,0.0
-0.7675000000000001,0.02459867047760808,0.02459867047760808,0.0
-0.7624999999999993,0.37026936678915473,0.37026936678915473,0.0
-0.7575000000000003,0.47685795065868,0.47685795065868,0.0
-0.7524999999999995,0.01107788401508833,0.01107788401508833,0.0
-0.7475000000000005,0.6949718170935817,0.6949718170935817,0.0
-0.7424999999999997,0.14219727996090417,0.14219727996090417,0.0
-0.7374999999999989,0.12563983003942453,0.12563983003942453,0.0
-0.7324999999999999,0.7165507887125592,0.7165507887125592,0.0
-0.7274999999999991,0.00722691974031796,0.00722691974031796,0.0
-0.7225000000000001,0.4527003597896359,0.4527003597896359,0.0
-0.7174999999999994,0.3943251700562225,0.3943251700562225,0.0
-0.7125000000000004,0.017439609138607662,0.017439609138607662,0.0
-0.7074999999999996,0.749292467348272,0.749292467348272,0.0
-0.7025000000000006,0.0815149045826944,0.0815149045826944,0.0
-0.6974999999999998,0.14915276609595196,0.14915276609595196,0.0
-0.692499999999999,0.6972959673387075,0.6972959673387075,0.0
-0.6875,0.0029688050576423546,0.0029688050576423546,0.0
-0.6824999999999992,0.5073772666512435,0.5073772666512435,0.0
-0.6775000000000002,0.339648263194615,0.339648263194615,0.0
-0.6724999999999994,0.021070033609096026,0.021070033609096026,0.0
-0.6675000000000004,0.7703116071563799,0.7703116071563799,0.0
-0.6624999999999996,0.05684837570376876,0.05684837570376876,0.0
-0.6575000000000006,0.15559931422111822,0.15559931422111822,0.0
-0.6524999999999999,0.6915788970277047,0.6915788970277047,0.0
-0.6474999999999991,0.0020696812401849556,0.0020696812401849556,0.0
-0.6425000000000001,0.532264335334451,0.532264335334451,0.0
-0.6374999999999993,0.3149478051150306,0.3149478051150306,0.0
-0.6325000000000003,0.019746794783404003,0.019746794783404003,0.0
-0.6274999999999995,0.7786072967174493,0.7786072967174493,0.0
-0.6225000000000005,0.04987592496839156,0.04987592496839156,0.0
-0.6174999999999997,0.14139994374542306,0.14139994374542306,0.0
-0.6124999999999989,0.7057782675033999,0.7057782675033999,0.0
-0.6074999999999999,0.0015098494293152545,0.0015098494293152545,0.0
-0.6024999999999991,0.5185739028686374,0.5185739028686374,0.0
-0.5975000000000001,0.32919806939171387,0.32919806939171387,0.0
-0.5924999999999994,0.01487795448887054,0.01487795448887054,0.0
-0.5875000000000004,0.777453703895051,0.777453703895051,0.0
-0.5824999999999996,0.055898358085323216,0.055898358085323216,0.0
-0.5775000000000006,0.10977792873144965,0.10977792873144965,0.0
-0.5724999999999998,0.7363654418972808,0.7363654418972808,0.0
-0.567499999999999,0.002137539641502495,0.002137539641502495,0.0
-0.5625,0.45933351851842547,0.45933351851842547,0.0
-0.5574999999999992,0.38884560414983116,0.38884560414983116,0.0
-0.5525000000000002,0.007684963949211351,0.007684963949211351,0.0
-0.5474999999999994,0.7617444839900406,0.7617444839900406,0.0
-0.5425000000000004,0.07880056852999283,0.07880056852999283,0.0
-0.5374999999999996,0.0711664983817696,0.0711664983817696,0.0
-0.5325000000000006,0.7727375450034818,0.7727375450034818,0.0
-0.5274999999999999,0.004325973083993145,0.004325973083993145,0.0
-0.5224999999999991,0.34891093497445913,0.34891093497445913,0.0
-0.5175000000000001,0.49930211689445614,0.49930211689445614,0.0
-0.5124999999999993,0.001950929037879261,0.001950929037879261,0.0
-0.5075000000000003,0.7161775675053127,0.7161775675053127,0.0
-0.5024999999999995,0.13011848452638214,0.13011848452638214,0.0
-0.4975000000000005,0.04044360718525357,0.04044360718525357,0.0
-0.4924999999999997,0.7959790474547394,0.7959790474547394,0.0
-0.48749999999999893,0.011807361829251878,0.011807361829251878,0.0
-0.48249999999999993,0.219233530056641,0.219233530056641,0.0
-0.47749999999999915,0.6285893360046986,0.6285893360046986,0.0
-0.47250000000000014,0.0008312654161398592,0.0008312654161398592,0.0
-0.46749999999999936,0.6052290813511355,0.6052290813511355,0.0
-0.46250000000000036,0.2425768201098746,0.2425768201098746,0.0
-0.4574999999999996,0.01631994551686826,0.01631994551686826,0.0
-0.45250000000000057,0.7964879854646207,0.7964879854646207,0.0
-0.4474999999999998,0.03542208548775564,0.03542208548775564,0.0
-0.442499999999999,0.11144045956372932,0.11144045956372932,0.0
-0.4375,0.7350082738709302,0.7350082738709302,0.0
-0.4324999999999992,0.0018661060362323372,0.0018661060362323372,0.0
-0.4275000000000002,0.4117308499941715,0.4117308499941715,0.0
-0.42249999999999943,0.4364143434734265,0.4364143434734265,0.0
-0.4175000000000004,0.004037574878393602,0.004037574878393602,0.0
-0.41249999999999964,0.7355511410814703,0.7355511410814703,0.0
-0.40750000000000064,0.10864130050938084,0.10864130050938084,0.0
-0.40249999999999986,0.04383652725113055,0.04383652725113055,0.0
-0.3974999999999991,0.7957415430501279,0.7957415430501279,0.0
-0.39250000000000007,0.008651946167986292,0.008651946167986292,0.0
-0.3874999999999993,0.20669669041322555,0.20669669041322555,0.0
-0.3825000000000003,0.6410243880461377,0.6410243880461377,0.0
-0.3774999999999995,0.0013741326266801753,0.0013741326266801753,0.0
-0.3725000000000005,0.5490592896605422,0.5490592896605422,0.0
-0.3674999999999997,0.29830553219190403,0.29830553219190403,0.0
-0.36249999999999893,0.013028813052967592,0.013028813052967592,0.0
-0.35749999999999993,0.7831538096057242,0.7831538096057242,0.0
-0.35249999999999915,0.05204739381055285,0.05204739381055285,0.0
-0.34750000000000014,0.07852913492472265,0.07852913492472265,0.0
-0.34249999999999936,0.7649507934522943,0.7649507934522943,0.0
-0.33750000000000036,0.004767052692557153,0.004767052692557153,0.0
-0.3324999999999996,0.28514100233630135,0.28514100233630135,0.0
-0.32750000000000057,0.5630381203319553,0.5630381203319553,0.0
-0.3224999999999998,0.003070592659618664,0.003070592659618664,0.0
-0.317499999999999,0.6146783637346028,0.6146783637346028,0.0
-0.3125,0.230514989275682,0.230514989275682,0.0
-0.3074999999999992,0.022189697230835425,0.022189697230835425,0.0
-0.3025000000000002,0.794248658221142,0.794248658221142,0.0
-0.29749999999999943,0.03179166101726727,0.03179166101726727,0.0
-0.2925000000000004,0.1053162388448214,0.1053162388448214,0.0
-0.28749999999999964,0.7386047691407596,0.7386047691407596,0.0
-0.28250000000000064,0.0043768668849813,0.0043768668849813,0.0
-0.27749999999999986,0.316508548345334,0.316508548345334,0.0
-0.2724999999999991,0.5316536097225933,0.5316536097225933,0.0
-0.26750000000000007,0.005818857912979015,0.005818857912979015,0.0
-0.2624999999999993,0.6235508497068712,0.6235508497068712,0.0
-0.2575000000000003,0.21886030884939456,0.21886030884939456,0.0
-0.2524999999999995,0.027228183528662745,0.027228183528662745,0.0
-0.2475000000000005,0.7866654818739071,0.7866654818739071,0.0
-0.24249999999999972,0.03433635106667501,0.03433635106667501,0.0
-0.23749999999999893,0.11043954814429562,0.11043954814429562,0.0
-0.23249999999999993,0.7321921502162521,0.7321921502162521,0.0
-0.22749999999999915,0.005666176510014551,0.005666176510014551,0.0
-0.22250000000000014,0.3037850980982953,0.3037850980982953,0.0
-0.21749999999999936,0.544377059969632,0.544377059969632,0.0
-0.21250000000000036,0.006242972921213638,0.006242972921213638,0.0
-0.20749999999999957,0.580613446273198,0.580613446273198,0.0
-0.20250000000000057,0.2613735972748331,0.2613735972748331,0.0
-0.1974999999999998,0.02537904209275979,0.02537904209275979,0.0
-0.192499999999999,0.7666302888849034,0.7666302888849034,0.0
-0.1875,0.05622068549158152,0.05622068549158152,0.0
-0.18249999999999922,0.09744466429198682,0.09744466429198682,0.0
-0.1775000000000002,0.7419976892066366,0.7419976892066366,0.0
-0.17249999999999943,0.00878766297062137,0.00878766297062137,0.0
-0.16750000000000043,0.254095783733527,0.254095783733527,0.0
-0.16249999999999964,0.5938458345301183,0.5938458345301183,0.0
-0.15750000000000064,0.0046483004902514585,0.0046483004902514585,0.0
-0.15249999999999986,0.48294824217692917,0.48294824217692917,0.0
-0.14749999999999908,0.3609218720076637,0.3609218720076637,0.0
-0.14250000000000007,0.0189664231682523,0.0189664231682523,0.0
-0.1374999999999993,0.7152275498868672,0.7152275498868672,0.0
-0.13250000000000028,0.11403604341412524,0.11403604341412524,0.0
-0.1274999999999995,0.07131917978473408,0.07131917978473408,0.0
-0.1225000000000005,0.7529907502200779,0.7529907502200779,0.0
-0.11749999999999972,0.023920086464432687,0.023920086464432687,0.0
-0.11249999999999893,0.1822507013385819,0.1822507013385819,0.0
-0.10749999999999993,0.6622640676585274,0.6622640676585274,0.0
-0.10249999999999915,0.00510634469914485,0.00510634469914485,0.0
-0.09750000000000014,0.37040508359178975,0.37040508359178975,0.0
-0.09249999999999936,0.47643383565044545,0.47643383565044545,0.0
-0.08750000000000036,0.010518052204218626,0.010518052204218626,0.0
-0.08249999999999957,0.5879251890151629,0.5879251890151629,0.0
-0.07750000000000057,0.24978677524986323,0.24978677524986323,0.0
-0.07249999999999979,0.04025699658163033,0.04025699658163033,0.0
-0.067499999999999,0.726017035696356,0.726017035696356,0.0
-0.0625,0.08195598419125841,0.08195598419125841,0.0
-0.05749999999999922,0.11310299039600906,0.11310299039600906,0.0
-0.05250000000000021,0.7187392221550498,0.7187392221550498,0.0
-0.04749999999999943,0.01643869771917395,0.01643869771917395,0.0
-0.042500000000000426,0.23760619221336482,0.23760619221336482,0.0
-0.037499999999999645,0.6079943112048253,0.6079943112048253,0.0
-0.03250000000000064,0.0050384862978273106,0.0050384862978273106,0.0
-0.027499999999999858,0.42438644183989255,0.42438644183989255,0.0
-0.022499999999999076,0.4213837075815915,0.4213837075815915,0.0
-0.01750000000000007,0.01535296329809332,0.01535296329809332,0.0
-0.01249999999999929,0.601327223275377,0.601327223275377,0.0
-0.007500000000000284,0.23154982989577438,0.23154982989577438,0.0
-0.0024999999999995026,0.05393046444711456,0.05393046444711456,0.0
0.0024999999999995026,0.6997727989867976,0.6997727989867976,0.0
0.007500000000000284,0.09452675303533262,0.09452675303533262,0.0
0.012500000000001066,0.13062742253626367,0.13062742253626367,0.0
0.01750000000000007,0.6957861179093922,0.6957861179093922,0.0
0.022500000000000853,0.021816476023588962,0.021816476023588962,0.0
0.027499999999999858,0.2511948370772021,0.2511948370772021,0.0
0.03250000000000064,0.5933538611205661,0.5933538611205661,0.0
0.037499999999999645,0.005581353508367627,0.005581353508367627,0.0
0.042500000000000426,0.41554788506828305,0.41554788506828305,0.0
0.04749999999999943,0.43078209616407065,0.43078209616407065,0.0
0.05250000000000021,0.013860078469107447,0.013860078469107447,0.0
0.057500000000000995,0.5615452355029693,0.5615452355029693,0.0
0.0625,0.27282470249716784,0.27282470249716784,0.0
0.06750000000000078,0.04802678353248862,0.04802678353248862,0.0
0.07249999999999979,0.6521362012618848,0.6521362012618848,0.0
0.07750000000000057,0.14806703167487134,0.14806703167487134,0.0
0.08249999999999957,0.11508784863454707,0.11508784863454707,0.0
0.08750000000000036,0.6788893759813247,0.6788893759813247,0.0
0.09249999999999936,0.05425279185337288,0.05425279185337288,0.0
0.09750000000000014,0.2203531936783804,0.2203531936783804,0.0
0.10250000000000092,0.6153739123481077,0.6153739123481077,0.0
0.10749999999999993,0.012808273248685585,0.012808273248685585,0.0
0.11250000000000071,0.34468674949244227,0.34468674949244227,0.0
0.11749999999999972,0.5022030635507809,0.5022030635507809,0.0
0.1225000000000005,0.006887627733730263,0.006887627733730263,0.0
0.1274999999999995,0.49151536534326856,0.49151536534326856,0.0
0.13250000000000028,0.3508618640123384,0.3508618640123384,0.0
0.13750000000000107,0.026379953512193497,0.026379953512193497,0.0
0.14250000000000007,0.5780008978224728,0.5780008978224728,0.0
0.14750000000000085,0.24384916513457847,0.24384916513457847,0.0
0.15249999999999986,0.0721843744015327,0.0721843744015327,0.0
0.15750000000000064,0.6260785751559494,0.6260785751559494,0.0
0.16249999999999964,0.14996706691176243,0.14996706691176243,0.0
0.16750000000000043,0.15510734081156607,0.15510734081156607,0.0
0.17249999999999943,0.631473318060694,0.631473318060694,0.0
0.1775000000000002,0.0616493575969847,0.0616493575969847,0.0
0.182500000000001,0.24602063397673968,0.24602063397673968,0.0
0.1875,0.5835483221301816,0.5835483221301816,0.0
0.19250000000000078,0.018881600166605377,0.018881600166605377,0.0
0.1974999999999998,0.3531011912558171,0.3531011912558171,0.0
0.20250000000000057,0.49126089633832776,0.49126089633832776,0.0
0.20749999999999957,0.008244795760081055,0.008244795760081055,0.0
0.21250000000000036,0.47957228671138163,0.47957228671138163,0.0
0.21749999999999936,0.36394157086629414,0.36394157086629414,0.0
0.22250000000000014,0.0216637946206245,0.0216637946206245,0.0
0.22750000000000092,0.5558960235932844,0.5558960235932844,0.0
0.23249999999999993,0.2707889504576417,0.2707889504576417,0.0
0.2375000000000007,0.060648446177550976,0.060648446177550976,0.0
0.24249999999999972,0.576474083792828,0.576474083792828,0.0
0.2475000000000005,0.21110748649886563,0.21110748649886563,0.0
0.2524999999999995,0.13074617473856934,0.13074617473856934,0.0
0.2575000000000003,0.5825134815100891,0.5825134815100891,0.0
0.26250000000000107,0.13497036022058617,0.13497036022058617,0.0
0.26750000000000007,0.20673061961388434,0.20673061961388434,0.0
0.27250000000000085,0.5811054196827502,0.5811054196827502,0.0
0.27749999999999986,0.0603939771726102,0.0603939771726102,0.0
0.28250000000000064,0.29157058586113815,0.29157058586113815,0.0
0.28749999999999964,0.5349786713871526,0.5349786713871526,0.0
0.2925000000000004,0.0224441662357762,0.0224441662357762,0.0
0.29749999999999943,0.38574108228955367,0.38574108228955367,0.0
0.3025000000000002,0.45483789943113834,0.45483789943113834,0.0
0.307500000000001,0.01177343262859311,0.01177343262859311,0.0
0.3125,0.482456268767377,0.482456268767377,0.0
0.3175000000000008,0.35961559778230096,0.35961559778230096,0.0
0.3224999999999998,0.020238768192956166,0.020238768192956166,0.0
0.32750000000000057,0.5443940245699613,0.5443940245699613,0.0
0.3324999999999996,0.28486956873103114,0.28486956873103114,0.0
0.33750000000000036,0.05474476526292504,0.05474476526292504,0.0
0.34249999999999936,0.5497378736737175,0.5497378736737175,0.0
0.34750000000000014,0.24374737753260214,0.24374737753260214,0.0
0.3525000000000009,0.10509569904053939,0.10509569904053939,0.0
0.35749999999999993,0.5424770247327407,0.5424770247327407,0.0
0.3625000000000007,0.20065729269596452,0.20065729269596452,0.0
0.3674999999999997,0.16779686185794598,0.16779686185794598,0.0
0.3725000000000005,0.5314839637192993,0.5314839637192993,0.0
0.3774999999999995,0.14894919089199934,0.14894919089199934,0.0
0.3825000000000003,0.23171947589906822,0.23171947589906822,0.0
0.38750000000000107,0.5238838227717348,0.5238838227717348,0.0
0.39250000000000007,0.09266064699910027,0.09266064699910027,0.0
0.39750000000000085,0.30135916025119325,0.30135916025119325,0.0
0.40249999999999986,0.4987253204832571,0.4987253204832571,0.0
0.40750000000000064,0.04892590734994602,0.04892590734994602,0.0
0.41249999999999964,0.3712363490079296,0.3712363490079296,0.0
0.4175000000000004,0.4540914570166454,0.4540914570166454,0.0
0.42249999999999943,0.025209396089465937,0.025209396089465937,0.0
0.4275000000000002,0.44074031655741946,0.44074031655741946,0.0
0.432500000000001,0.3940028426499642,0.3940028426499642,0.0
0.4375,0.020578060199543863,0.020578060199543863,0.0
0.4425000000000008,0.4962145596345082,0.4962145596345082,0.0
0.4474999999999998,0.337052679344219,0.337052679344219,0.0
0.45250000000000057,0.029128218765553847,0.029128218765553847,0.0
0.4574999999999996,0.5277178224461758,0.5277178224461758,0.0
0.46250000000000036,0.2947429661227331,0.2947429661227331,0.0
0.46749999999999936,0.04675443850778475,0.04675443850778475,0.0
0.47250000000000014,0.5398135824810273,0.5398135824810273,0.0
0.4775000000000009,0.2628495175034895,0.2628495175034895,0.0
0.48249999999999993,0.07572997587037415,0.07572997587037415,0.0
0.4875000000000007,0.5357590430023044,0.5357590430023044,0.0
0.4924999999999997,0.2369445728005188,0.2369445728005188,0.0
0.4975000000000005,0.10974399953079084,0.10974399953079084,0.0
0.5024999999999995,0.5230695219559245,0.5230695219559245,0.0
0.5075000000000003,0.2154164949825294,0.2154164949825294,0.0
0.5125000000000011,0.1511036951338312,0.1511036951338312,0.0
0.5175000000000001,0.5006762495211363,0.5006762495211363,0.0
0.5225000000000009,0.19645007181427707,0.19645007181427707,0.0
0.5274999999999999,0.19419377997046885,0.19419377997046885,0.0
0.5325000000000006,0.480030330920275,0.480030330920275,0.0
0.5374999999999996,0.1740059055785008,0.1740059055785008,0.0
0.5425000000000004,0.23589276758009692,0.23589276758009692,0.0
0.5474999999999994,0.46209874837211506,0.46209874837211506,0.0
0.5525000000000002,0.1503572527193383,0.1503572527193383,0.0
0.557500000000001,0.2761327995613979,0.2761327995613979,0.0
0.5625,0.4448457498371308,0.4448457498371308,0.0
0.5675000000000008,0.12742111307400988,0.12742111307400988,0.0
0.5724999999999998,0.3098753896165445,0.3098753896165445,0.0
0.5775000000000006,0.43086691916571757,0.43086691916571757,0.0
0.5824999999999996,0.10775914129225281,0.10775914129225281,0.0
0.5875000000000004,0.3397330861962619,0.3397330861962619,0.0
0.5924999999999994,0.4172782743018802,0.4172782743018802,0.0
0.5975000000000001,0.0917445585813135,0.0917445585813135,0.0
0.6025000000000009,0.3648746238844103,0.3648746238844103,0.0
0.6074999999999999,0.40457178865517085,0.40457178865517085,0.0
0.6125000000000007,0.07953004634415639,0.07953004634415639,0.0
0.6174999999999997,0.38550357788494233,0.38550357788494233,0.0
0.6225000000000005,0.3918144092074734,0.3918144092074734,0.0
0.6274999999999995,0.07179418859395686,0.07179418859395686,0.0
0.6325000000000003,0.4015690543968698,0.4015690543968698,0.0
0.6375000000000011,0.38099099419732596,0.38099099419732596,0.0
0.6425000000000001,0.06661998549349449,0.06661998549349449,0.0
0.6475000000000009,0.41459786744983745,0.41459786744983745,0.0
0.6524999999999999,0.3707443755983775,0.3707443755983775,0.0
0.6575000000000006,0.06392261404112227,0.06392261404112227,0.0
0.6624999999999996,0.42163817658653213,0.42163817658653213,0.0
0.6675000000000004,0.36373799566234144,0.36373799566234144,0.0
0.6724999999999994,0.06363421583552274,0.06363421583552274,0.0
0.6775000000000002,0.4247766276474683,0.4247766276474683,0.0
0.682500000000001,0.35869950936451417,0.35869950936451417,0.0
0.6875,0.06541549887010815,0.06541549887010815,0.0
0.6925000000000008,0.4231480260158474,0.4231480260158474,0.0
0.6974999999999998,0.354814615889085,0.354814615889085,0.0
0.7025000000000006,0.07025040996398284,0.07025040996398284,0.0
0.7074999999999996,0.41668451329035167,0.41668451329035167,0.0
0.7125000000000004,0.35420389027722715,0.35420389027722715,0.0
0.7174999999999994,0.07674785189013726,0.07674785189013726,0.0
0.7225000000000001,0.4065396822933797,0.4065396822933797,0.0
0.7275000000000009,0.3553235538989666,0.3553235538989666,0.0
0.7324999999999999,0.08536586885746478,0.08536586885746478,0.0
0.7375000000000007,0.3901009845742056,0.3901009845742056,0.0
0.7424999999999997,0.36031114639580575,0.36031114639580575,0.0
0.7475000000000005,0.09669822187749388,0.09669822187749388,0.0
0.7524999999999995,0.3686916589585219,0.3686916589585219,0.0
0.7575000000000003,0.3671818095292066,0.3671818095292066,0.0
0.7625000000000011,0.11123688435977672,0.11123688435977672,0.0
0.7675000000000001,0.3389696791814396,0.3389696791814396,0.0
0.7725000000000009,0.3805499145887619,0.3805499145887619,0.0
0.7774999999999999,0.12776040508059758,0.12776040508059758,0.0
0.7825000000000006,0.3040734963038948,0.3040734963038948,0.0
0.7874999999999996,0.39744665651682914,0.39744665651682914,0.0
0.7925000000000004,0.14596342123402756,0.14596342123402756,0.0
0.7974999999999994,0.2599316062468353,0.2599316062468353,0.0
0.8025000000000002,0.4233346366194705,0.4233346366194705,0.0
0.807500000000001,0.16452269399437466,0.16452269399437466,0.0
0.8125,0.21309234473740366,0.21309234473740366,0.0
0.8175000000000008,0.44847617430761905,0.44847617430761905,0.0
0.8224999999999998,0.18644095761993995,0.18644095761993995,0.0
0.8275000000000006,0.16681291503884166,0.16681291503884166,0.0
0.8324999999999996,0.4701230043279142,0.4701230043279142,0.0
0.8375000000000004,0.21097176969623047,0.21097176969623047,0.0
0.8424999999999994,0.11937989251788146,0.11937989251788146,0.0
0.8475000000000001,0.49387344478905304,0.49387344478905304,0.0
0.8525000000000009,0.23119357328885728,0.23119357328885728,0.0
0.8574999999999999,0.076781781090796,0.076781781090796,0.0
0.8625000000000007,0.49989587790598466,0.49989587790598466,0.0
0.8674999999999997,0.261373597274833,0.261373597274833,0.0
0.8725000000000005,0.05026611077596742,0.05026611077596742,0.0
0.8774999999999995,0.46365949160241854,0.46365949160241854,0.0
0.8825000000000003,0.30694051375956083,0.30694051375956083,0.0
0.8875000000000011,0.052692048623069455,0.052692048623069455,0.0
0.8925000000000001,0.3790909589604348,0.3790909589604348,0.0
0.8975000000000009,0.3625844028399433,0.3625844028399433,0.0
0.9024999999999999,0.09712233688572854,0.09712233688572854,0.0
0.9075000000000006,0.273978295319566,0.273978295319566,0.0
0.9124999999999996,0.42048458376413395,0.42048458376413395,0.0
0.9175000000000004,0.15229121715688818,0.15229121715688818,0.0
0.9224999999999994,0.17110495892217603,0.17110495892217603,0.0
0.9275000000000002,0.46886762390353964,0.46886762390353964,0.0
0.932500000000001,0.2062386462043321,0.2062386462043321,0.0
0.9375,0.08443281583934859,0.08443281583934859,0.0
0.9425000000000008,0.4782490478856896,0.4782490478856896,0.0
0.9474999999999998,0.2721121892833337,0.2721121892833337,0.0
0.9525000000000006,0.02997644878202308,0.02997644878202308,0.0
0.9574999999999996,0.37963382617097513,0.37963382617097513,0.0
0.9625000000000004,0.3779204015377073,0.3779204015377073,0.0
0.9674999999999994,0.07639159528322016,0.07639159528322016,0.0
0.9725000000000001,0.20846100884748156,0.20846100884748156,0.0
0.9775000000000009,0.4748052340188243,0.4748052340188243,0.0
0.9824999999999999,0.1635896409762585,0.1635896409762585,0.0
0.9875000000000007,0.05988503916272865,0.05988503916272865,0.0
0.9924999999999997,0.4553298728406905,0.4553298728406905,0.0
0.9975000000000005,0.3122165044619995,0.3122165044619995,0.0
1.0024999999999995,0.026532634915157952,0.026532634915157952,0.0
1.0075000000000003,0.22299967132976442,0.22299967132976442,0.0
1.012500000000001,0.49628241803582573,0.49628241803582573,0.0
1.0175,0.1242826620130737,0.1242826620130737,0.0
1.0225000000000009,0.024819210281890085,0.024819210281890085,0.0
1.0274999999999999,0.33501692730469285,0.33501692730469285,0.0
1.0325000000000006,0.4294588573383786,0.4294588573383786,0.0
1.0374999999999996,0.05800196852616693,0.05800196852616693,0.0
1.0425000000000004,0.0009330530181161686,0.0009330530181161686,0.0
