omega,S,S_edge,S_cont,Sr,Sr_edge,Sr_cont
-1.5724999999999998,0.0,0.0,0.0
-1.567499999999999,0.001631743224274539,0.001631743224274539,0.0
-1.5625,0.03826271356513151,0.03826271356513151,0.0
-1.5574999999999992,0.09144422232363025,0.09144422232363025,0.0
-1.5525000000000002,0.18899915651775795,0.18899915651775795,0.0
-1.5474999999999994,0.3396689977061286,0.3396689977061286,0.0
-1.5425000000000004,0.6749589294124183,0.6749589294124183,0.0
-1.5374999999999996,0.9506735829916236,0.9506735829916236,0.0
-1.5325000000000006,1.1419038986119612,1.1419038986119612,0.0
-1.5274999999999999,1.1780520061619617,1.1780520061619617,0.0
-1.522499999999999,1.0838438106217032,1.0838438106217032,0.0
-1.5175,0.9526716359193067,0.9526716359193067,0.0
-1.5124999999999993,0.8408472737333087,0.8408472737333087,0.0
-1.5075000000000003,0.7563962366565693,0.7563962366565693,0.0
-1.5024999999999995,0.6919090784155968,0.6919090784155968,0.0
-1.4975000000000005,0.6522643782421512,0.6522643782421512,0.0
-1.4924999999999997,0.613568753209355,0.613568753209355,0.0
-1.4875000000000007,0.5880436270582031,0.5880436270582031,0.0
-1.4825,0.5689122702756374,0.5689122702756374,0.0
-1.4774999999999991,0.5425546220712845,0.5425546220712845,0.0
-1.4725000000000001,0.5404566664972171,0.5404566664972171,0.0
-1.4674999999999994,0.5182283276767425,0.5182283276767425,0.0
-1.4625000000000004,0.49986289118312194,0.49986289118312194,0.0
-1.4574999999999996,0.5138492616769037,0.5138492616769037,0.0
-1.4525000000000006,0.4693592831538264,0.4693592831538264,0.0
-1.4474999999999998,0.49242014402750234,0.49242014402750234,0.0
-1.442499999999999,0.4676276372831678,0.4676276372831678,0.0
-1.4375,0.4544404879604592,0.4544404879604592,0.0
-1.4324999999999992,0.4821801227731264,0.4821801227731264,0.0
-1.4275000000000002,0.41617777439532766,0.41617777439532766,0.0
-1.4224999999999994,0.4935357235787921,0.4935357235787921,0.0
-1.4175000000000004,0.38350960902770886,0.38350960902770886,0.0
-1.4124999999999996,0.501844293669741,0.501844293669741,0.0
-1.4075000000000006,0.35853394743167005,0.35853394743167005,0.0
-1.4024999999999999,0.507621996718958,0.507621996718958,0.0
-1.397499999999999,0.34045156843613783,0.34045156843613783,0.0
-1.3925,0.508221412597263,0.508221412597263,0.0
-1.3874999999999993,0.3271811669081091,0.3271811669081091,0.0
-1.3825000000000003,0.5060069039357475,0.5060069039357475,0.0
-1.3774999999999995,0.31742400844459,0.31742400844459,0.0
-1.3725000000000005,0.502493660871238,0.502493660871238,0.0
-1.3674999999999997,0.3119460133345255,0.3119460133345255,0.0
-1.362499999999999,0.49275315284878296,0.49275315284878296,0.0
-1.3575,0.31554250860435507,0.31554250860435507,0.0
-1.3524999999999991,0.47147388916895777,0.47147388916895777,0.0
-1.3475000000000001,0.3333085292196707,0.3333085292196707,0.0
-1.3424999999999994,0.4391054317404913,0.4391054317404913,0.0
-1.3375000000000004,0.3642450487166308,0.3642450487166308,0.0
-1.3324999999999996,0.3911521614760967,0.3911521614760967,0.0
-1.3275000000000006,0.40936774400014114,0.40936774400014114,0.0
-1.3224999999999998,0.33767094477844545,0.33767094477844545,0.0
-1.317499999999999,0.4527920942951207,0.4527920942951207,0.0
-1.3125,0.2909498071527888,0.2909498071527888,0.0
-1.3074999999999992,0.48552686142699564,0.48552686142699564,0.0
-1.3025000000000002,0.2631935218990575,0.2631935218990575,0.0
-1.2974999999999994,0.4890900558146971,0.4890900558146971,0.0
-1.2925000000000004,0.2729173794804487,0.2729173794804487,0.0
-1.2874999999999996,0.4573043638234717,0.4573043638234717,0.0
-1.2825000000000006,0.3171909022696937,0.3171909022696937,0.0
-1.2774999999999999,0.3935498249893164,0.3935498249893164,0.0
-1.272499999999999,0.3845585868147425,0.3845585868147425,0.0
-1.2675,0.31745730932671806,0.31745730932671806,0.0
-1.2624999999999993,0.4493288025538033,0.4493288025538033,0.0
-1.2575000000000003,0.25943052221858764,0.25943052221858764,0.0
-1.2524999999999995,0.4794994017618182,0.4794994017618182,0.0
-1.2475000000000005,0.2577654781121851,0.2577654781121851,0.0
-1.2424999999999997,0.44315148891904965,0.44315148891904965,0.0
-1.237499999999999,0.3143103759656171,0.3143103759656171,0.0
-1.2325,0.37132148616884186,0.37132148616884186,0.0
-1.2274999999999991,0.39235099323270667,0.39235099323270667,0.0
-1.2225000000000001,0.27929449840797066,0.27929449840797066,0.0
-1.2174999999999994,0.4702084556480918,0.4702084556480918,0.0
-1.2125000000000004,0.2379181523638662,0.2379181523638662,0.0
-1.2074999999999996,0.4543905366372672,0.4543905366372672,0.0
-1.2025000000000006,0.2848057944001632,0.2848057944001632,0.0
-1.1974999999999998,0.38644008665497737,0.38644008665497737,0.0
-1.192499999999999,0.37801496347658026,0.37801496347658026,0.0
-1.1875,0.2704864150851009,0.2704864150851009,0.0
-1.1824999999999992,0.46824370360253675,0.46824370360253675,0.0
-1.1775000000000002,0.22581328171031945,0.22581328171031945,0.0
-1.1724999999999994,0.4541074791391787,0.4541074791391787,0.0
-1.1675000000000004,0.2850222501339955,0.2850222501339955,0.0
-1.1624999999999996,0.359849332275728,0.359849332275728,0.0
-1.1575000000000006,0.4077693016579945,0.4077693016579945,0.0
-1.1524999999999999,0.2301756972690942,0.2301756972690942,0.0
-1.147499999999999,0.4788666850013853,0.4788666850013853,0.0
-1.1425,0.22381522878263627,0.22381522878263627,0.0
-1.1374999999999993,0.4268840079994965,0.4268840079994965,0.0
-1.1325000000000003,0.33439080788883235,0.33439080788883235,0.0
-1.1274999999999995,0.27889488782243405,0.27889488782243405,0.0
-1.1225000000000005,0.4657794383250608,0.4657794383250608,0.0
-1.1174999999999997,0.19099720944544119,0.19099720944544119,0.0
-1.112499999999999,0.47368839783047323,0.47368839783047323,0.0
-1.1075,0.27271757418768044,0.27271757418768044,0.0
-1.1024999999999991,0.33334183010179874,0.33334183010179874,0.0
-1.0975000000000001,0.43231205178636883,0.43231205178636883,0.0
-1.0924999999999994,0.18476994448749548,0.18476994448749548,0.0
-1.0875000000000004,0.49731537370032597,0.49731537370032597,0.0
-1.0824999999999996,0.22842740095737143,0.22842740095737143,0.0
-1.0775000000000006,0.37523433981888793,0.37523433981888793,0.0
-1.0724999999999998,0.398345152015756,0.398345152015756,0.0
-1.067499999999999,0.192162740319923,0.192162740319923,0.0
-1.0625,0.5090206337683363,0.5090206337683363,0.0
-1.0574999999999992,0.19625874882167335,0.19625874882167335,0.0
-1.0525000000000002,0.4026742666924027,0.4026742666924027,0.0
-1.0474999999999994,0.3733861408607811,0.3733861408607811,0.0
-1.0425000000000004,0.19605894352890507,0.19605894352890507,0.0
-1.0374999999999996,0.5171626994486448,0.5171626994486448,0.0
-1.0325000000000006,0.17646137439654658,0.17646137439654658,0.0
-1.0274999999999999,0.4159613186614954,0.4159613186614954,0.0
-1.022499999999999,0.3619972391729874,0.3619972391729874,0.0
-1.0175,0.19083070503480093,0.19083070503480093,0.0
-1.0124999999999993,0.5265368977676915,0.5265368977676915,0.0
-1.0075000000000003,0.16685406990260362,0.16685406990260362,0.0
-1.0024999999999995,0.4132306463269951,0.4132306463269951,0.0
-0.9975000000000005,0.3670922741385793,0.3670922741385793,0.0
-0.9924999999999997,0.17451327279205553,0.17451327279205553,0.0
-0.9874999999999989,0.5388249232729425,0.5388249232729425,0.0
-0.9824999999999999,0.16637120711174688,0.16637120711174688,0.0
-0.9774999999999991,0.3930669621984597,0.3930669621984597,0.0
-0.9725000000000001,0.3885713431111727,0.3885713431111727,0.0
-0.9674999999999994,0.15434958866352014,0.15434958866352014,0.0
-0.9625000000000004,0.5469669889532512,0.5469669889532512,0.0
-0.9574999999999996,0.17514598955248856,0.17514598955248856,0.0
-0.9525000000000006,0.3515241117437151,0.3515241117437151,0.0
-0.9474999999999998,0.43001429091953336,0.43001429091953336,0.0
-0.942499999999999,0.1296902854476978,0.1296902854476978,0.0
-0.9375,0.544186365295559,0.544186365295559,0.0
-0.9324999999999992,0.20065446526257627,0.20065446526257627,0.0
-0.9275000000000002,0.29264815214131945,0.29264815214131945,0.0
-0.9224999999999994,0.4867756445067976,0.4867756445067976,0.0
-0.9175000000000004,0.10889388455872943,0.10889388455872943,0.0
-0.9124999999999996,0.5233566635244625,0.5233566635244625,0.0
-0.9075000000000006,0.24447842614309248,0.24447842614309248,0.0
-0.9024999999999999,0.22319916246326738,0.22319916246326738,0.0
-0.8974999999999991,0.5448190820559918,0.5448190820559918,0.0
-0.8925000000000001,0.1063130661938054,0.1063130661938054,0.0
-0.8874999999999993,0.4679273452223204,0.4679273452223204,0.0
-0.8825000000000003,0.31507629625456235,0.31507629625456235,0.0
-0.8774999999999995,0.15922816789527974,0.15922816789527974,0.0
-0.8725000000000005,0.5773706943361626,0.5773706943361626,0.0
-0.8674999999999997,0.1260438388546761,0.1260438388546761,0.0
-0.8624999999999989,0.3715545923437382,0.3715545923437382,0.0
-0.8574999999999999,0.41865869011386764,0.41865869011386764,0.0
-0.8524999999999991,0.10969310572980268,0.10969310572980268,0.0
-0.8475000000000001,0.5715097390816254,0.5715097390816254,0.0
-0.8424999999999994,0.17992466613786395,0.17992466613786395,0.0
-0.8375000000000004,0.25724931443920035,0.25724931443920035,0.0
-0.8324999999999996,0.5261206367410909,0.5261206367410909,0.0
-0.8275000000000006,0.08798093058231289,0.08798093058231289,0.0
-0.8224999999999998,0.5071058330459733,0.5071058330459733,0.0
-0.817499999999999,0.27704668886432715,0.27704668886432715,0.0
-0.8125,0.1562810398269472,0.1562810398269472,0.0
-0.8074999999999992,0.5895921180771576,0.5895921180771576,0.0
-0.8025000000000002,0.10982630925831488,0.10982630925831488,0.0
-0.7974999999999994,0.3654438804732407,0.3654438804732407,0.0
-0.7925000000000004,0.4325618084023292,0.4325618084023292,0.0
-0.7874999999999996,0.09026204100808442,0.09026204100808442,0.0
-0.7825000000000006,0.580201269317047,0.580201269317047,0.0
-0.7774999999999999,0.18327140479173318,0.18327140479173318,0.0
-0.7724999999999991,0.22160072012112086,0.22160072012112086,0.0
-0.7675000000000001,0.5584724437284931,0.5584724437284931,0.0
-0.7624999999999993,0.07749115271197655,0.07749115271197655,0.0
-0.7575000000000003,0.4620663899677831,0.4620663899677831,0.0
-0.7524999999999995,0.3364221616986436,0.3364221616986436,0.0
-0.7475000000000005,0.10962650396554659,0.10962650396554659,0.0
-0.7424999999999997,0.6071749838407691,0.6071749838407691,0.0
-0.7374999999999989,0.13048950661877107,0.13048950661877107,0.0
-0.7324999999999999,0.28307414852950447,0.28307414852950447,0.0
-0.7274999999999991,0.5144486775552087,0.5144486775552087,0.0
-0.7225000000000001,0.06437060515352416,0.06437060515352416,0.0
-0.7174999999999994,0.5225907432355174,0.5225907432355174,0.0
-0.7125000000000004,0.27263432198236026,0.27263432198236026,0.0
-0.7074999999999996,0.12887441383556056,0.12887441383556056,0.0
-0.7025000000000006,0.6137685585021233,0.6137685585021233,0.0
-0.6974999999999998,0.10050206226246036,0.10050206226246036,0.0
-0.692499999999999,0.3248168042770175,0.3248168042770175,0.0
-0.6875,0.48287944129781557,0.48287944129781557,0.0
-0.6824999999999992,0.0566281500587521,0.0566281500587521,0.0
-0.6775000000000002,0.5511129487781938,0.5511129487781938,0.0
-0.6724999999999994,0.24159789983901597,0.24159789983901597,0.0
-0.6675000000000004,0.14177850566018063,0.14177850566018063,0.0
-0.6624999999999996,0.6144012752625563,0.6144012752625563,0.0
-0.6575000000000006,0.08453428928205954,0.08453428928205954,0.0
-0.6524999999999999,0.343765006207879,0.343765006207879,0.0
-0.6474999999999991,0.46992539815000334,0.46992539815000334,0.0
-0.6425000000000001,0.049102150697812395,0.049102150697812395,0.0
-0.6374999999999993,0.5588720543140299,0.5588720543140299,0.0
-0.6325000000000003,0.23626975869852768,0.23626975869852768,0.0
-0.6274999999999995,0.13969720052717738,0.13969720052717738,0.0
-0.6225000000000005,0.6188968943498433,0.6188968943498433,0.0
-0.6174999999999997,0.08043828078030917,0.08043828078030917,0.0
-0.6124999999999989,0.3331087239269024,0.3331087239269024,0.0
-0.6074999999999999,0.4831125474727119,0.4831125474727119,0.0
-0.6024999999999991,0.040094262082174384,0.040094262082174384,0.0
-0.5975000000000001,0.5457681571966415,0.5457681571966415,0.0
-0.5924999999999994,0.2572493144392003,0.2572493144392003,0.0
-0.5875000000000004,0.12173137461909346,0.12173137461909346,0.0
-0.5824999999999996,0.6278548316422892,0.6278548316422892,0.0
-0.5775000000000006,0.08701520500059942,0.08701520500059942,0.0
-0.5724999999999998,0.29612809432370085,0.29612809432370085,0.0
-0.567499999999999,0.5202596814865538,0.5202596814865538,0.0
-0.5625,0.030270501854399088,0.030270501854399088,0.0
-0.5574999999999992,0.5140324165286081,0.5140324165286081,0.0
-0.5525000000000002,0.3003573063539634,0.3003573063539634,0.0
-0.5474999999999994,0.09182718246810291,0.09182718246810291,0.0
-0.5425000000000004,0.6300859907448686,0.6300859907448686,0.0
-0.5374999999999996,0.11332290188176036,0.11332290188176036,0.0
-0.5325000000000006,0.23735203736768937,0.23735203736768937,0.0
-0.5274999999999999,0.5738574512716531,0.5738574512716531,0.0
-0.5224999999999991,0.027389975550322604,0.027389975550322604,0.0
-0.5175000000000001,0.4499115679910442,0.4499115679910442,0.0
-0.5124999999999993,0.3731197338037567,0.3731197338037567,0.0
-0.5075000000000003,0.051583066416352255,0.051583066416352255,0.0
-0.5024999999999995,0.6137852089431872,0.6137852089431872,0.0
-0.4975000000000005,0.17000100326370454,0.17000100326370454,0.0
-0.4924999999999997,0.1667042159330274,0.1667042159330274,0.0
-0.48749999999999893,0.6237421726994747,0.6237421726994747,0.0
-0.48249999999999993,0.043707407793068,0.043707407793068,0.0
-0.47749999999999915,0.35209022673989193,0.35209022673989193,0.0
-0.47250000000000014,0.47313893327536033,0.47313893327536033,0.0
-0.46749999999999936,0.02259464852388315,0.02259464852388315,0.0
-0.46250000000000036,0.5516957142154346,0.5516957142154346,0.0
-0.4574999999999996,0.2638262386594905,0.2638262386594905,0.0
-0.45250000000000057,0.09277625760875237,0.09277625760875237,0.0
-0.4474999999999998,0.6429734321284247,0.6429734321284247,0.0
-0.442499999999999,0.09693886787475886,0.09693886787475886,0.0
-0.4375,0.2394666433828207,0.2394666433828207,0.0
-0.4324999999999992,0.5747898759712385,0.5747898759712385,0.0
-0.4275000000000002,0.021412467208337307,0.021412467208337307,0.0
-0.42249999999999943,0.42926502107165215,0.42926502107165215,0.0
-0.4175000000000004,0.39906112098150903,0.39906112098150903,0.0
-0.41249999999999964,0.03028715229546312,0.03028715229546312,0.0
-0.40750000000000064,0.6049937760613816,0.6049937760613816,0.0
-0.40249999999999986,0.1981735495440364,0.1981735495440364,0.0
-0.3974999999999991,0.12394588328060889,0.12394588328060889,0.0
-0.39250000000000007,0.6446051753526992,0.6446051753526992,0.0
-0.3874999999999993,0.06408754765543573,0.06408754765543573,0.0
-0.3825000000000003,0.2811759982482056,0.2811759982482056,0.0
-0.3774999999999995,0.5419385557519155,0.5419385557519155,0.0
-0.3725000000000005,0.01386981740633358,0.01386981740633358,0.0
-0.3674999999999997,0.46736123022614334,0.46736123022614334,0.0
-0.36249999999999893,0.3602822437433927,0.3602822437433927,0.0
-0.35749999999999993,0.03311772727634753,0.03311772727634753,0.0
-0.35249999999999915,0.6236589204941548,0.6236589204941548,0.0
-0.34750000000000014,0.17604511336994597,0.17604511336994597,0.0
-0.34249999999999936,0.1328205683677347,0.1328205683677347,0.0
-0.33750000000000036,0.6438559055048181,0.6438559055048181,0.0
-0.3324999999999996,0.0558455793287429,0.0558455793287429,0.0
-0.32750000000000057,0.28816918349509646,0.28816918349509646,0.0
-0.3224999999999998,0.5362940562312106,0.5362940562312106,0.0
-0.317499999999999,0.011488804334177876,0.011488804334177876,0.0
-0.3125,0.46519667288781996,0.46519667288781996,0.0
-0.3074999999999992,0.3637788363668381,0.3637788363668381,0.0
-0.3025000000000002,0.025674980120727945,0.025674980120727945,0.0
-0.29749999999999943,0.6174483059772731,0.6174483059772731,0.0
-0.2925000000000004,0.1895153201907429,0.1895153201907429,0.0
-0.28749999999999964,0.11277343732664748,0.11277343732664748,0.0
-0.28250000000000064,0.6511820995729896,0.6511820995729896,0.0
-0.27749999999999986,0.06858316674272273,0.06858316674272273,0.0
-0.2724999999999991,0.2556841729791819,0.2556841729791819,0.0
-0.26750000000000007,0.5636673813404692,0.5636673813404692,0.0
-0.2624999999999993,0.015135250927199544,0.015135250927199544,0.0
-0.2575000000000003,0.42451964536840464,0.42451964536840464,0.0
-0.2524999999999995,0.4056546956428633,0.4056546956428633,0.0
-0.2475000000000005,0.013237100645900593,0.013237100645900593,0.0
-0.24249999999999972,0.5780700128608517,0.5780700128608517,0.0
-0.23749999999999893,0.24158124939795195,0.24158124939795195,0.0
-0.23249999999999993,0.06901607821038738,0.06901607821038738,0.0
-0.22749999999999915,0.6523642808885353,0.6523642808885353,0.0
-0.22250000000000014,0.11114169410237297,0.11114169410237297,0.0
-0.21749999999999936,0.1852028559551602,0.1852028559551602,0.0
-0.21250000000000036,0.6172485006845047,0.6172485006845047,0.0
-0.20749999999999957,0.03091986905589611,0.03091986905589611,0.0
-0.20250000000000057,0.3433820460634064,0.3433820460634064,0.0
-0.1974999999999998,0.48554351186805955,0.48554351186805955,0.0
-0.192499999999999,0.007309543627107373,0.007309543627107373,0.0
-0.1875,0.49616649326690826,0.49616649326690826,0.0
-0.18249999999999922,0.33177668864178034,0.33177668864178034,0.0
-0.1775000000000002,0.025142166006679113,0.025142166006679113,0.0
-0.17249999999999943,0.6154669034906538,0.6154669034906538,0.0
-0.16750000000000043,0.1919296341450267,0.1919296341450267,0.0
-0.16249999999999964,0.09578998744134105,0.09578998744134105,0.0
-0.15750000000000064,0.6513985553068218,0.6513985553068218,0.0
-0.15249999999999986,0.08545006354058099,0.08545006354058099,0.0
-0.14749999999999908,0.22301600761156304,0.22301600761156304,0.0
-0.14250000000000007,0.590391339248231,0.590391339248231,0.0
-0.1374999999999993,0.02056329471407199,0.02056329471407199,0.0
-0.13250000000000028,0.3654771813553688,0.3654771813553688,0.0
-0.1274999999999995,0.4638646376026979,0.4638646376026979,0.0
-0.1225000000000005,0.00825861876775685,0.00825861876775685,0.0
-0.11749999999999972,0.5053741871753146,0.5053741871753146,0.0
-0.11249999999999893,0.3205043400414348,0.3205043400414348,0.0
-0.10749999999999993,0.027772935694795213,0.027772935694795213,0.0
-0.10249999999999915,0.6028791700462504,0.6028791700462504,0.0
-0.09750000000000014,0.20186994746025014,0.20186994746025014,0.0
-0.09249999999999936,0.08789767837699278,0.08789767837699278,0.0
-0.08750000000000036,0.6479685644476324,0.6479685644476324,0.0
-0.08249999999999957,0.09672241214092654,0.09672241214092654,0.0
-0.07750000000000057,0.2020697527530185,0.2020697527530185,0.0
-0.07249999999999979,0.6050770282667017,0.6050770282667017,0.0
-0.067499999999999,0.02640759952754508,0.02640759952754508,0.0
-0.0625,0.3311606223224114,0.3311606223224114,0.0
-0.05749999999999922,0.49706561708436564,0.49706561708436564,0.0
-0.05250000000000021,0.008441773619461133,0.008441773619461133,0.0
-0.04749999999999943,0.4500947228427485,0.4500947228427485,0.0
-0.042500000000000426,0.3771158396591229,0.3771158396591229,0.0
-0.037499999999999645,0.019630870014486542,0.019630870014486542,0.0
-0.03250000000000064,0.555741771393993,0.555741771393993,0.0
-0.027499999999999858,0.25721601355707224,0.25721601355707224,0.0
-0.022499999999999076,0.05786028269749002,0.05786028269749002,0.0
-0.01750000000000007,0.6177480139164254,0.6177480139164254,0.0
-0.01249999999999929,0.1569137565873802,0.1569137565873802,0.0
-0.007500000000000284,0.13125542690771622,0.13125542690771622,0.0
-0.0024999999999995026,0.6397265961209396,0.6397265961209396,0.0
0.0024999999999995026,0.061689884142215996,0.061689884142215996,0.0
0.007500000000000284,0.23910033367941216,0.23910033367941216,0.0
0.012500000000001066,0.5768045793399857,0.5768045793399857,0.0
0.01750000000000007,0.01813233031872421,0.01813233031872421,0.0
0.022500000000000853,0.34419791767554375,0.34419791767554375,0.0
0.027499999999999858,0.48384516687952905,0.48384516687952905,0.0
0.03250000000000064,0.010606330957784502,0.010606330957784502,0.0
0.037499999999999645,0.4387890733602749,0.4387890733602749,0.0
0.042500000000000426,0.3858573212177365,0.3858573212177365,0.0
0.04749999999999943,0.025858134972432233,0.025858134972432233,0.0
0.05250000000000021,0.5281519905509019,0.5281519905509019,0.0
0.057500000000000995,0.27859517988328153,0.27859517988328153,0.0
0.0625,0.06235590178477702,0.06235590178477702,0.0
0.06750000000000078,0.5935549230503958,0.5935549230503958,0.0
0.07249999999999979,0.17661122836612284,0.17661122836612284,0.0
0.07750000000000057,0.12054919330354759,0.12054919330354759,0.0
0.08249999999999957,0.6291202651631551,0.6291202651631551,0.0
0.08750000000000036,0.08286924517565696,0.08286924517565696,0.0
0.09249999999999936,0.19402758971909395,0.19402758971909395,0.0
0.09750000000000014,0.6080241563350343,0.6080241563350343,0.0
0.10250000000000092,0.031086373466536362,0.031086373466536362,0.0
0.10749999999999993,0.2774129985677357,0.2774129985677357,0.0
0.11250000000000071,0.5431373875085254,0.5431373875085254,0.0
0.11749999999999972,0.015418308425287987,0.015418308425287987,0.0
0.1225000000000005,0.3573517661161241,0.3573517661161241,0.0
0.1274999999999995,0.46897632300935393,0.46897632300935393,0.0
0.13250000000000028,0.01706670209062655,0.01706670209062655,0.0
0.13750000000000107,0.4263345434443835,0.4263345434443835,0.0
0.14250000000000007,0.3912187632403529,0.3912187632403529,0.0
0.14750000000000085,0.03686407651575336,0.03686407651575336,0.0
0.15249999999999986,0.49568363047605135,0.49568363047605135,0.0
0.15750000000000064,0.29999099665055484,0.29999099665055484,0.0
0.16249999999999964,0.07431091846874763,0.07431091846874763,0.0
0.16750000000000043,0.5624852000249235,0.5624852000249235,0.0
0.17249999999999943,0.1957259347076246,0.1957259347076246,0.0
0.1775000000000002,0.11360595937984878,0.11360595937984878,0.0
0.182500000000001,0.6109213330801747,0.6109213330801747,0.0
0.1875,0.10799476074127207,0.10799476074127207,0.0
0.19250000000000078,0.16172573405488366,0.16172573405488366,0.0
0.1974999999999998,0.6185139342053707,0.6185139342053707,0.0
0.20250000000000057,0.05244888935168161,0.05244888935168161,0.0
0.20749999999999957,0.21807082661554733,0.21807082661554733,0.0
0.21250000000000036,0.5887595960239564,0.5887595960239564,0.0
0.21749999999999936,0.0272567720218104,0.0272567720218104,0.0
0.22250000000000014,0.2738498041800342,0.2738498041800342,0.0
0.22750000000000092,0.5447191794096078,0.5447191794096078,0.0
0.23249999999999993,0.019048104577245633,0.019048104577245633,0.0
0.2375000000000007,0.3239676317827522,0.3239676317827522,0.0
0.24249999999999972,0.49763173208054257,0.49763173208054257,0.0
0.2475000000000005,0.022028533527706274,0.022028533527706274,0.0
0.2524999999999995,0.36947328721073497,0.36947328721073497,0.0
0.2575000000000003,0.44426706847033937,0.44426706847033937,0.0
0.26250000000000107,0.037696598568954645,0.037696598568954645,0.0
0.26750000000000007,0.4195911148134529,0.4195911148134529,0.0
0.27250000000000085,0.3759336583435771,0.3759336583435771,0.0
0.27749999999999986,0.06047440194454209,0.06047440194454209,0.0
0.28250000000000064,0.48146415380737334,0.48146415380737334,0.0
0.28749999999999964,0.29073335141895645,0.29073335141895645,0.0
0.2925000000000004,0.0870152050005994,0.0870152050005994,0.0
0.29749999999999943,0.5328474149309573,0.5328474149309573,0.0
0.3025000000000002,0.21265943326973893,0.21265943326973893,0.0
0.307500000000001,0.11475483981326656,0.11475483981326656,0.0
0.3125,0.5702609560018235,0.5702609560018235,0.0
0.3175000000000008,0.14750625738620557,0.14750625738620557,0.0
0.3224999999999998,0.14239457197954955,0.14239457197954955,0.0
0.32750000000000057,0.5905411932178072,0.5905411932178072,0.0
0.3324999999999996,0.09980274373777133,0.09980274373777133,0.0
0.33750000000000036,0.17113323325605834,0.17113323325605834,0.0
0.34249999999999936,0.59365482569678,0.59365482569678,0.0
0.34750000000000014,0.06815025527505807,0.06815025527505807,0.0
0.3525000000000009,0.20098747408385675,0.20098747408385675,0.0
0.35749999999999993,0.5866116891266971,0.5866116891266971,0.0
0.3625000000000007,0.04610507130628773,0.04610507130628773,0.0
0.3674999999999997,0.22806109125396296,0.22806109125396296,0.0
0.3725000000000005,0.5746233715605983,0.5746233715605983,0.0
0.3774999999999995,0.0322019530178261,0.0322019530178261,0.0
0.3825000000000003,0.25130510697934305,0.25130510697934305,0.0
0.38750000000000107,0.5608201559185209,0.5608201559185209,0.0
0.39250000000000007,0.024159789983901586,0.024159789983901586,0.0
0.39750000000000085,0.27318378653747316,0.27318378653747316,0.0
0.40249999999999986,0.5427544273640527,0.5427544273640527,0.0
0.40750000000000064,0.021329215003017186,0.021329215003017186,0.0
0.41249999999999964,0.2929478600804719,0.2929478600804719,0.0
0.4175000000000004,0.5227239467640296,0.5227239467640296,0.0
0.42249999999999943,0.022428144113242895,0.022428144113242895,0.0
0.4275000000000002,0.3131115442090073,0.3131115442090073,0.0
0.432500000000001,0.4993467275101371,0.4993467275101371,0.0
0.4375,0.026007988942008464,0.026007988942008464,0.0
0.4425000000000008,0.3349236220028812,0.3349236220028812,0.0
0.4474999999999998,0.4725894687202476,0.4725894687202476,0.0
0.45250000000000057,0.03250166095697856,0.03250166095697856,0.0
0.4574999999999996,0.35826754037464553,0.35826754037464553,0.0
0.46250000000000036,0.4421191615730801,0.4421191615730801,0.0
0.46749999999999936,0.04056047443196711,0.04056047443196711,0.0
0.47250000000000014,0.37856442803169316,0.37856442803169316,0.0
0.4775000000000009,0.41363025691253186,0.41363025691253186,0.0
0.48249999999999993,0.048252978203547084,0.048252978203547084,0.0
0.4875000000000007,0.3949318115976306,0.3949318115976306,0.0
0.4924999999999997,0.38950376781075824,0.38950376781075824,0.0
0.4975000000000005,0.05626184035534354,0.05626184035534354,0.0
0.5024999999999995,0.40595440358201584,0.40595440358201584,0.0
0.5075000000000003,0.3703391101460644,0.3703391101460644,0.0
0.5125000000000011,0.061889689434984296,0.061889689434984296,0.0
0.5175000000000001,0.4157948142508552,0.4157948142508552,0.0
0.5225000000000009,0.3548375495154562,0.3548375495154562,0.0
0.5274999999999999,0.06668501646142376,0.06668501646142376,0.0
0.5325000000000006,0.4209398005396392,0.4209398005396392,0.0
0.5374999999999996,0.3448972362002328,0.3448972362002328,0.0
0.5425000000000004,0.06939903835485998,0.06939903835485998,0.0
0.5474999999999994,0.42335411449392285,0.42335411449392285,0.0
0.5525000000000002,0.3397689003525128,0.3397689003525128,0.0
0.557500000000001,0.07059787011146987,0.07059787011146987,0.0
0.5625,0.42288790214413013,0.42288790214413013,0.0
0.5675000000000008,0.33903628094569566,0.33903628094569566,0.0
0.5724999999999998,0.07006505599742101,0.07006505599742101,0.0
0.5775000000000006,0.4199574245168616,0.4199574245168616,0.0
0.5824999999999996,0.342482922245949,0.342482922245949,0.0
0.5875000000000004,0.06661841469716766,0.06661841469716766,0.0
0.5924999999999994,0.41469588514062944,0.41469588514062944,0.0
0.5975000000000001,0.3511578020403065,0.3511578020403065,0.0
0.6025000000000009,0.06192299031711236,0.06192299031711236,0.0
0.6074999999999999,0.4064539168139366,0.4064539168139366,0.0
0.6125000000000007,0.3639952921006705,0.3639952921006705,0.0
0.6174999999999997,0.0555958227127825,0.0555958227127825,0.0
0.6225000000000005,0.39744602819829855,0.39744602819829855,0.0
0.6274999999999995,0.37893073773510166,0.37893073773510166,0.0
0.6325000000000003,0.04818637643929097,0.04818637643929097,0.0
0.6375000000000011,0.38592392298199263,0.38592392298199263,0.0
0.6425000000000001,0.39689656364318565,0.39689656364318565,0.0
0.6475000000000009,0.04259182824177826,0.04259182824177826,0.0
0.6524999999999999,0.37130483572777784,0.37130483572777784,0.0
0.6575000000000006,0.4148457391102056,0.4148457391102056,0.0
0.6624999999999996,0.03701393048532958,0.03701393048532958,0.0
0.6675000000000004,0.35730181479293205,0.35730181479293205,0.0
0.6724999999999994,0.43226210046317665,0.43226210046317665,0.0
0.6775000000000002,0.03366719183146038,0.03366719183146038,0.0
0.682500000000001,0.3435152495919186,0.3435152495919186,0.0
0.6875,0.4458322099303579,0.4458322099303579,0.0
0.6925000000000008,0.03523233329147881,0.03523233329147881,0.0
0.6974999999999998,0.3267982067636366,0.3267982067636366,0.0
0.7025000000000006,0.4547068950174837,0.4547068950174837,0.0
0.7074999999999996,0.04525589881202241,0.04525589881202241,0.0
0.7125000000000004,0.30728388983659827,0.30728388983659827,0.0
0.7174999999999994,0.4565051426523985,0.4565051426523985,0.0
0.7225000000000001,0.06556943691013403,0.06556943691013403,0.0
0.7275000000000009,0.27937775061329073,0.27937775061329073,0.0
0.7324999999999999,0.4596187751313712,0.4596187751313712,0.0
0.7375000000000007,0.09174393026278277,0.09174393026278277,0.0
0.7424999999999997,0.2398662539683573,0.2398662539683573,0.0
0.7475000000000005,0.4676442877242319,0.4676442877242319,0.0
0.7524999999999995,0.12349632137188019,0.12349632137188019,0.0
0.7575000000000003,0.19106381120969732,0.19106381120969732,0.0
0.7625000000000011,0.4784504239747846,0.4784504239747846,0.0
0.7675000000000001,0.16179233581913977,0.16179233581913977,0.0
0.7725000000000009,0.13716633348544546,0.13716633348544546,0.0
0.7774999999999999,0.47788430897860773,0.47788430897860773,0.0
0.7825000000000006,0.21597287104148008,0.21597287104148008,0.0
0.7874999999999996,0.08949612071913925,0.08949612071913925,0.0
0.7925000000000004,0.4625326023175758,0.4625326023175758,0.0
0.7974999999999994,0.2756480518149489,0.2756480518149489,0.0
0.8025000000000002,0.05709436240854482,0.05709436240854482,0.0
0.807500000000001,0.4288820609271795,0.4288820609271795,0.0
0.8125,0.3314270293794358,0.3314270293794358,0.0
0.8175000000000008,0.05120010627187965,0.05120010627187965,0.0
0.8224999999999998,0.37117163219926563,0.37117163219926563,0.0
0.8275000000000006,0.37356929571248537,0.37356929571248537,0.0
0.8324999999999996,0.07286233009617737,0.07286233009617737,0.0
0.8375000000000004,0.2990585719509694,0.2990585719509694,0.0
0.8424999999999994,0.4100504120837661,0.4100504120837661,0.0
0.8475000000000001,0.11430527790453789,0.11430527790453789,0.0
0.8525000000000009,0.20443411538411016,0.20443411538411016,0.0
0.8574999999999999,0.45627203647750203,0.45627203647750203,0.0
0.8625000000000007,0.16498922050343273,0.16498922050343273,0.0
0.8674999999999997,0.11199086659663827,0.11199086659663827,0.0
0.8725000000000005,0.48299599438526364,0.48299599438526364,0.0
0.8774999999999995,0.22519721539095044,0.22519721539095044,0.0
0.8825000000000003,0.06706797660589635,0.06706797660589635,0.0
0.8875000000000011,0.44396736053118696,0.44396736053118696,0.0
0.8925000000000001,0.2921486389093986,0.2921486389093986,0.0
0.8975000000000009,0.06841666233208243,0.06841666233208243,0.0
0.9024999999999999,0.3268148572047006,0.3268148572047006,0.0
0.9075000000000006,0.38447533460942235,0.38447533460942235,0.0
0.9124999999999996,0.10281647357035999,0.10281647357035999,0.0
0.9175000000000004,0.18899915651775812,0.18899915651775812,0.0
0.9224999999999994,0.45568927104026113,0.45568927104026113,0.0
0.9275000000000002,0.16881882194815873,0.16881882194815873,0.0
0.932500000000001,0.09054509850617289,0.09054509850617289,0.0
0.9375,0.45956882380817926,0.45956882380817926,0.0
0.9425000000000008,0.24997307169422098,0.24997307169422098,0.0
0.9474999999999998,0.07034811349550944,0.07034811349550944,0.0
0.9525000000000006,0.330294799387082,0.330294799387082,0.0
0.9574999999999996,0.3790805917046779,0.3790805917046779,0.0
0.9625000000000004,0.09670576169986247,0.09670576169986247,0.0
0.9674999999999994,0.14935445634431238,0.14935445634431238,0.0
0.9725000000000001,0.45710455853070336,0.45710455853070336,0.0
0.9775000000000009,0.1930618641373804,0.1930618641373804,0.0
0.9824999999999999,0.0653696316173657,0.0653696316173657,0.0
0.9875000000000007,0.36184738520341114,0.36184738520341114,0.0
0.9924999999999997,0.3432488425348942,0.3432488425348942,0.0
0.9975000000000005,0.09092805865064546,0.09092805865064546,0.0
1.0024999999999995,0.1270761662006457,0.1270761662006457,0.0
1.0075000000000003,0.4539409747285385,0.4539409747285385,0.0
1.012500000000001,0.2044341153841101,0.2044341153841101,0.0
1.0175,0.060774109883694555,0.060774109883694555,0.0
1.0225000000000009,0.19640860279124964,0.19640860279124964,0.0
1.0274999999999999,0.4159779691025594,0.4159779691025594,0.0
1.0325000000000006,0.1686356670964544,0.1686356670964544,0.0
1.0374999999999996,0.0419757619224093,0.0419757619224093,0.0
