omega,S,S_edge,S_cont,Sr,Sr_edge,Sr_cont
-1.0724999999999998,0.0,0.0,0.0
-1.067499999999999,0.6359290389212799,0.6359290389212799,0.0
-1.0625,2.2851905692303984,2.2851905692303984,0.0
-1.0574999999999992,1.7721920508440872,1.7721920508440872,0.0
-1.0525000000000002,1.485466743332581,1.485466743332581,0.0
-1.0474999999999994,1.0810455940451498,1.0810455940451498,0.0
-1.0425000000000004,1.2026252297390758,1.2026252297390758,0.0
-1.0374999999999996,1.6691870817145138,1.6691870817145138,0.0
-1.0325000000000006,1.688606051304516,1.688606051304516,0.0
-1.0274999999999999,1.6886060513045156,1.6886060513045156,0.0
-1.022499999999999,1.6886060513045162,1.6886060513045162,0.0
-1.0175,1.688606051304516,1.688606051304516,0.0
-1.0124999999999993,1.4922211675378,1.4922211675378,0.0
-1.0075000000000003,0.19638488376671515,0.19638488376671515,0.0
-1.0024999999999995,1.688606051304515,1.688606051304515,0.0
-0.9975000000000005,1.6886060513045154,1.6886060513045154,0.0
-0.9924999999999997,1.6886060513045156,1.6886060513045156,0.0
-0.9874999999999989,1.6886060513045156,1.6886060513045156,0.0
-0.9824999999999999,1.688606051304515,1.688606051304515,0.0
-0.9774999999999991,0.020432133220784614,0.020432133220784614,0.0
-0.9725000000000001,1.6681739180837305,1.6681739180837305,0.0
-0.9674999999999994,1.6886060513045154,1.6886060513045154,0.0
-0.9625000000000004,1.6886060513045156,1.6886060513045156,0.0
-0.9574999999999996,1.688606051304516,1.688606051304516,0.0
-0.9525000000000006,1.5992787911905073,1.5992787911905073,0.0
-0.9474999999999998,0.10435585397061892,0.10435585397061892,0.0
-0.942499999999999,1.6735774574479059,1.6735774574479059,0.0
-0.9375,1.6886060513045162,1.6886060513045162,0.0
-0.9324999999999992,1.6886060513045156,1.6886060513045156,0.0
-0.9275000000000002,1.6886060513045156,1.6886060513045156,0.0
-0.9224999999999994,1.1143111332558504,1.1143111332558504,0.0
-0.9175000000000004,0.5742949180486654,0.5742949180486654,0.0
-0.9124999999999996,1.6886060513045156,1.6886060513045156,0.0
-0.9075000000000006,1.6886060513045154,1.6886060513045154,0.0
-0.9024999999999999,1.6886060513045156,1.6886060513045156,0.0
-0.8974999999999991,1.6433514091295542,1.6433514091295542,0.0
-0.8925000000000001,0.07109031475992003,0.07109031475992003,0.0
-0.8874999999999993,1.6627703787195567,1.6627703787195567,0.0
-0.8825000000000003,1.688606051304515,1.688606051304515,0.0
-0.8774999999999995,1.688606051304515,1.688606051304515,0.0
-0.8725000000000005,1.6886060513045156,1.6886060513045156,0.0
-0.8674999999999997,0.7982040804516449,0.7982040804516449,0.0
-0.8624999999999989,0.8904019708528707,0.8904019708528707,0.0
-0.8574999999999999,1.6886060513045156,1.6886060513045156,0.0
-0.8524999999999991,1.6886060513045156,1.6886060513045156,0.0
-0.8475000000000001,1.6886060513045156,1.6886060513045156,0.0
-0.8424999999999994,1.1090764544968061,1.1090764544968061,0.0
-0.8375000000000004,0.5795295968077093,0.5795295968077093,0.0
-0.8324999999999996,1.6886060513045154,1.6886060513045154,0.0
-0.8275000000000006,1.6886060513045156,1.6886060513045156,0.0
-0.8224999999999998,1.6886060513045156,1.6886060513045156,0.0
-0.817499999999999,1.1702039935540296,1.1702039935540296,0.0
-0.8125,0.5184020577504861,0.5184020577504861,0.0
-0.8074999999999992,1.6886060513045156,1.6886060513045156,0.0
-0.8025000000000002,1.6886060513045154,1.6886060513045154,0.0
-0.7974999999999994,1.6886060513045156,1.6886060513045156,0.0
-0.7925000000000004,0.9802358127822711,0.9802358127822711,0.0
-0.7874999999999996,0.7083702385222445,0.7083702385222445,0.0
-0.7825000000000006,1.6886060513045156,1.6886060513045156,0.0
-0.7774999999999999,1.6886060513045156,1.6886060513045156,0.0
-0.7724999999999991,1.6886060513045156,1.6886060513045156,0.0
-0.7675000000000001,0.6668305296601532,0.6668305296601532,0.0
-0.7624999999999993,1.0217755216443625,1.0217755216443625,0.0
-0.7575000000000003,1.6886060513045156,1.6886060513045156,0.0
-0.7524999999999995,1.6886060513045156,1.6886060513045156,0.0
-0.7475000000000005,1.6850599785967757,1.6850599785967757,0.0
-0.7424999999999997,0.25717470161367756,0.25717470161367756,0.0
-0.7374999999999989,1.4349774223985774,1.4349774223985774,0.0
-0.7324999999999999,1.688606051304515,1.688606051304515,0.0
-0.7274999999999991,1.688606051304515,1.688606051304515,0.0
-0.7225000000000001,0.9952644066388807,0.9952644066388807,0.0
-0.7174999999999994,0.6933416446656337,0.6933416446656337,0.0
-0.7125000000000004,1.6886060513045142,1.6886060513045142,0.0
-0.7074999999999996,1.6886060513045142,1.6886060513045142,0.0
-0.7025000000000006,1.5416973248410213,1.5416973248410213,0.0
-0.6974999999999998,0.2617339379521996,0.2617339379521996,0.0
-0.692499999999999,1.5737808398158075,1.5737808398158075,0.0
-0.6875,1.6886060513045138,1.6886060513045138,0.0
-0.6824999999999992,1.5622983186669366,1.5622983186669366,0.0
-0.6775000000000002,0.43245200973908593,0.43245200973908593,0.0
-0.6724999999999994,1.3824617742030056,1.3824617742030056,0.0
-0.6675000000000004,1.6886060513045142,1.6886060513045142,0.0
-0.6624999999999996,1.4483174102038814,1.4483174102038814,0.0
-0.6575000000000006,0.3856776221179509,0.3856776221179509,0.0
-0.6524999999999999,1.5432170702871952,1.5432170702871952,0.0
-0.6474999999999991,1.6886060513045138,1.6886060513045138,0.0
-0.6425000000000001,1.1286642846919368,1.1286642846919368,0.0
-0.6374999999999993,0.5599417666125767,0.5599417666125767,0.0
-0.6325000000000003,1.6886060513045136,1.6886060513045136,0.0
-0.6274999999999995,1.3562883804077852,1.3562883804077852,0.0
-0.6225000000000005,0.41792999769786715,0.41792999769786715,0.0
-0.6174999999999997,1.6029937245033747,1.6029937245033747,0.0
-0.6124999999999989,1.0241395701161875,1.0241395701161875,0.0
-0.6074999999999999,0.6644664811883262,0.6644664811883262,0.0
-0.6024999999999991,1.626296488011377,1.626296488011377,0.0
-0.5975000000000001,0.1705492111817559,0.1705492111817559,0.0
-0.5924999999999994,1.5803664034158942,1.5803664034158942,0.0
-0.5875000000000004,0.17274439904845176,0.17274439904845176,0.0
-0.5824999999999996,1.515861652256062,1.515861652256062,0.0
-0.5775000000000006,0.14994821735584077,0.14994821735584077,0.0
-0.5724999999999998,1.5386578339486727,1.5386578339486727,0.0
-0.567499999999999,0.0,0.0,0.0
-0.5625,1.275404150550299,1.275404150550299,0.0
-0.5574999999999992,0.4132019007542145,0.4132019007542145,0.0
-0.5525000000000002,0.0,0.0,0.0
-0.5474999999999994,0.7490656443586823,0.7490656443586823,0.0
-0.5425000000000004,0.939371546340701,0.939371546340701,0.0
-0.5374999999999996,0.00016886060513045137,0.00016886060513045137,0.0
-0.5325000000000006,0.0,0.0,0.0
-0.5274999999999999,0.0,0.0,0.0
-0.5224999999999991,0.0,0.0,0.0
-0.5175000000000001,0.0,0.0,0.0
-0.5124999999999993,0.0,0.0,0.0
-0.5075000000000003,0.0,0.0,0.0
-0.5024999999999995,0.0,0.0,0.0
-0.4975000000000005,0.0,0.0,0.0
-0.4924999999999997,0.0,0.0,0.0
-0.48749999999999893,0.0,0.0,0.0
-0.48249999999999993,0.0,0.0,0.0
-0.47749999999999915,0.0,0.0,0.0
-0.47250000000000014,0.0,0.0,0.0
-0.46749999999999936,0.0,0.0,0.0
-0.46250000000000036,0.0,0.0,0.0
-0.4574999999999996,0.0,0.0,0.0
-0.45250000000000057,0.0,0.0,0.0
-0.4474999999999998,0.0,0.0,0.0
-0.442499999999999,0.0,0.0,0.0
-0.4375,0.0,0.0,0.0
-0.4324999999999992,0.0,0.0,0.0
-0.4275000000000002,0.0,0.0,0.0
-0.42249999999999943,0.0,0.0,0.0
-0.4175000000000004,0.0,0.0,0.0
-0.41249999999999964,0.0,0.0,0.0
-0.40750000000000064,0.0,0.0,0.0
-0.40249999999999986,0.0,0.0,0.0
-0.3974999999999991,0.0,0.0,0.0
-0.39250000000000007,0.0,0.0,0.0
-0.3874999999999993,0.0,0.0,0.0
-0.3825000000000003,0.0,0.0,0.0
-0.3774999999999995,0.0,0.0,0.0
-0.3725000000000005,0.0,0.0,0.0
-0.3674999999999997,0.0,0.0,0.0
-0.36249999999999893,0.0,0.0,0.0
-0.35749999999999993,0.0,0.0,0.0
-0.35249999999999915,0.0,0.0,0.0
-0.34750000000000014,0.0,0.0,0.0
-0.34249999999999936,0.0,0.0,0.0
-0.33750000000000036,0.0,0.0,0.0
-0.3324999999999996,0.0,0.0,0.0
-0.32750000000000057,0.0,0.0,0.0
-0.3224999999999998,0.0,0.0,0.0
-0.317499999999999,0.0,0.0,0.0
-0.3125,0.0,0.0,0.0
-0.3074999999999992,0.0,0.0,0.0
-0.3025000000000002,0.0,0.0,0.0
-0.29749999999999943,0.0,0.0,0.0
-0.2925000000000004,0.0,0.0,0.0
-0.28749999999999964,0.0,0.0,0.0
-0.28250000000000064,0.0,0.0,0.0
-0.27749999999999986,0.0,0.0,0.0
-0.2724999999999991,0.0,0.0,0.0
-0.26750000000000007,0.0,0.0,0.0
-0.2624999999999993,0.0,0.0,0.0
-0.2575000000000003,0.0,0.0,0.0
-0.2524999999999995,0.0,0.0,0.0
-0.2475000000000005,0.0,0.0,0.0
-0.24249999999999972,0.0,0.0,0.0
-0.23749999999999893,0.0,0.0,0.0
-0.23249999999999993,0.0,0.0,0.0
-0.22749999999999915,0.0,0.0,0.0
-0.22250000000000014,0.0,0.0,0.0
-0.21749999999999936,0.0,0.0,0.0
-0.21250000000000036,0.0,0.0,0.0
-0.20749999999999957,0.0,0.0,0.0
-0.20250000000000057,0.0,0.0,0.0
-0.1974999999999998,0.0,0.0,0.0
-0.192499999999999,0.0,0.0,0.0
-0.1875,0.0,0.0,0.0
-0.18249999999999922,0.0,0.0,0.0
-0.1775000000000002,0.0,0.0,0.0
-0.17249999999999943,0.0,0.0,0.0
-0.16750000000000043,0.0,0.0,0.0
-0.16249999999999964,0.0,0.0,0.0
-0.15750000000000064,0.0,0.0,0.0
-0.15249999999999986,0.0,0.0,0.0
-0.14749999999999908,0.0,0.0,0.0
-0.14250000000000007,0.0,0.0,0.0
-0.1374999999999993,0.0,0.0,0.0
-0.13250000000000028,0.0,0.0,0.0
-0.1274999999999995,0.0,0.0,0.0
-0.1225000000000005,0.0,0.0,0.0
-0.11749999999999972,0.0,0.0,0.0
-0.11249999999999893,0.0,0.0,0.0
-0.10749999999999993,0.0,0.0,0.0
-0.10249999999999915,0.0,0.0,0.0
-0.09750000000000014,0.0,0.0,0.0
-0.09249999999999936,0.0,0.0,0.0
-0.08750000000000036,0.0,0.0,0.0
-0.08249999999999957,0.0,0.0,0.0
-0.07750000000000057,0.0,0.0,0.0
-0.07249999999999979,0.0,0.0,0.0
-0.067499999999999,0.0,0.0,0.0
-0.0625,0.0,0.0,0.0
-0.05749999999999922,0.0,0.0,0.0
-0.05250000000000021,0.0,0.0,0.0
-0.04749999999999943,0.0,0.0,0.0
-0.042500000000000426,0.0,0.0,0.0
-0.037499999999999645,0.0,0.0,0.0
-0.03250000000000064,0.0,0.0,0.0
-0.027499999999999858,0.0,0.0,0.0
-0.022499999999999076,0.0,0.0,0.0
-0.01750000000000007,0.0,0.0,0.0
-0.01249999999999929,0.0,0.0,0.0
-0.007500000000000284,0.0,0.0,0.0
-0.0024999999999995026,1.4144487846021658,0.0,1.4144487846021658
0.0024999999999995026,4.707096445233141,0.0,4.707096445233141
0.007500000000000284,1.7380069827113211,0.0,1.7380069827113211
0.012500000000001066,1.2370409890158056,0.0,1.2370409890158056
0.01750000000000007,0.6835901706711052,0.0,0.6835901706711052
0.022500000000000853,0.545144688608422,0.0,0.545144688608422
0.027499999999999858,0.37985300571147723,0.0,0.37985300571147723
0.03250000000000064,0.22204971417082675,0.0,0.22204971417082675
0.037499999999999645,0.29635712633286304,0.0,0.29635712633286304
0.042500000000000426,0.2645560312469576,0.0,0.2645560312469576
0.04749999999999943,0.1627195984933059,0.0,0.1627195984933059
0.05250000000000021,0.11990807479949409,0.0,0.11990807479949409
0.057500000000000995,0.14136606267536903,0.0,0.14136606267536903
0.0625,0.13716573092933743,0.0,0.13716573092933743
0.06750000000000078,0.08274957441667197,0.0,0.08274957441667197
0.07249999999999979,0.112407442588008,0.0,0.112407442588008
0.07750000000000057,0.10601175051721246,0.0,0.10601175051721246
0.08249999999999957,0.0639851085964681,0.0,0.0639851085964681
0.08750000000000036,0.08420112579021875,0.0,0.08420112579021875
0.09249999999999936,0.0861032656116197,0.0,0.0861032656116197
0.09750000000000014,0.07900864303643494,0.0,0.07900864303643494
0.10250000000000092,0.06057100302563668,0.0,0.06057100302563668
0.10749999999999993,0.08133810728658682,0.0,0.08133810728658682
0.11250000000000071,0.0865188817030138,0.0,0.0865188817030138
0.11749999999999972,0.05519497410989637,0.0,0.05519497410989637
0.1225000000000005,0.05975591809044712,0.0,0.05975591809044712
0.1274999999999995,0.06019450697764751,0.0,0.06019450697764751
0.13250000000000028,0.055188792929270834,0.0,0.055188792929270834
0.13750000000000107,0.04534703257651241,0.0,0.04534703257651241
0.14250000000000007,0.05544704866469261,0.0,0.05544704866469261
0.14750000000000085,0.0520206128533745,0.0,0.0520206128533745
0.15249999999999986,0.038436841473148964,0.0,0.038436841473148964
0.15750000000000064,0.04710999580106357,0.0,0.04710999580106357
0.16249999999999964,0.047464409613399004,0.0,0.047464409613399004
0.16750000000000043,0.03243382934501219,0.0,0.03243382934501219
0.17249999999999943,0.044796829397114955,0.0,0.044796829397114955
0.1775000000000002,0.041197939357124375,0.0,0.041197939357124375
0.182500000000001,0.040229355725974254,0.0,0.040229355725974254
0.1875,0.030113010872268572,0.0,0.030113010872268572
0.19250000000000078,0.039047374959539756,0.0,0.039047374959539756
0.1974999999999998,0.037874946507582184,0.0,0.037874946507582184
0.20250000000000057,0.02547995771658835,0.0,0.02547995771658835
0.20749999999999957,0.03691456810644738,0.0,0.03691456810644738
0.21250000000000036,0.034835401959094875,0.0,0.034835401959094875
0.21749999999999936,0.028791356739225383,0.0,0.028791356739225383
0.22250000000000014,0.034841742792240844,0.0,0.034841742792240844
0.22750000000000092,0.03333877987746053,0.0,0.03333877987746053
0.23249999999999993,0.033237726873100504,0.0,0.033237726873100504
0.2375000000000007,0.023810003836436614,0.0,0.023810003836436614
0.24249999999999972,0.03256345976897922,0.0,0.03256345976897922
0.2475000000000005,0.03164635490730211,0.0,0.03164635490730211
0.2524999999999995,0.0226975053595099,0.0,0.0226975053595099
0.2575000000000003,0.029580773654108012,0.0,0.029580773654108012
0.26250000000000107,0.029335478060704693,0.0,0.029335478060704693
0.26750000000000007,0.027900587209617786,0.0,0.027900587209617786
0.27250000000000085,0.021702311596646737,0.0,0.021702311596646737
0.27749999999999986,0.029227176720451435,0.0,0.029227176720451435
0.28250000000000064,0.029240830811959554,0.0,0.029240830811959554
0.28749999999999964,0.021858026136911034,0.0,0.021858026136911034
0.2925000000000004,0.026827606951835288,0.0,0.026827606951835288
0.29749999999999943,0.026866026445808475,0.0,0.026866026445808475
0.3025000000000002,0.021973588949131574,0.0,0.021973588949131574
0.307500000000001,0.02647610789026512,0.0,0.02647610789026512
0.3125,0.025674656876278634,0.0,0.025674656876278634
0.3175000000000008,0.024641965938224288,0.0,0.024641965938224288
0.3224999999999998,0.019590048945170337,0.0,0.019590048945170337
0.32750000000000057,0.025581256635198366,0.0,0.025581256635198366
0.3324999999999996,0.025463277532295412,0.0,0.025463277532295412
0.33750000000000036,0.01865862177095813,0.0,0.01865862177095813
0.34249999999999936,0.023848638860727727,0.0,0.023848638860727727
0.34750000000000014,0.02452886052308127,0.0,0.02452886052308127
0.3525000000000009,0.017612728485251375,0.0,0.017612728485251375
0.35749999999999993,0.023679773303728495,0.0,0.023679773303728495
0.3625000000000007,0.024080319774773738,0.0,0.024080319774773738
0.3674999999999997,0.023898648181883208,0.0,0.023898648181883208
0.3725000000000005,0.017061423040637787,0.0,0.017061423040637787
0.3774999999999995,0.023386820787490412,0.0,0.023386820787490412
0.3825000000000003,0.02258963775233493,0.0,0.02258963775233493
0.38750000000000107,0.016909577741741216,0.0,0.016909577741741216
0.39250000000000007,0.02337997024909007,0.0,0.02337997024909007
0.39750000000000085,0.023109528702103997,0.0,0.023109528702103997
0.40249999999999986,0.022160207549695075,0.0,0.022160207549695075
0.40750000000000064,0.015294334085889118,0.0,0.015294334085889118
0.41249999999999964,0.02070327185213046,0.0,0.02070327185213046
0.4175000000000004,0.021678236908886286,0.0,0.021678236908886286
0.42249999999999943,0.0158080501289255,0.0,0.0158080501289255
0.4275000000000002,0.020972265047577727,0.0,0.020972265047577727
0.432500000000001,0.021008625818702255,0.0,0.021008625818702255
0.4375,0.014836234475650655,0.0,0.014836234475650655
0.4425000000000008,0.020225758260701786,0.0,0.020225758260701786
0.4474999999999998,0.021774633491261478,0.0,0.021774633491261478
0.45250000000000057,0.02047427907899724,0.0,0.02047427907899724
0.4574999999999996,0.015276481924308518,0.0,0.015276481924308518
0.46250000000000036,0.019916196611659488,0.0,0.019916196611659488
0.46749999999999936,0.020010590958949324,0.0,0.020010590958949324
0.47250000000000014,0.015510689816618057,0.0,0.015510689816618057
0.4775000000000009,0.01972570440968502,0.0,0.01972570440968502
0.48249999999999993,0.02048744654203375,0.0,0.02048744654203375
0.4875000000000007,0.015321588830056689,0.0,0.015321588830056689
0.4924999999999997,0.020081460832084307,0.0,0.020081460832084307
0.4975000000000005,0.019250285661713083,0.0,0.019250285661713083
0.5024999999999995,0.01983939019204304,0.0,0.01983939019204304
0.5075000000000003,0.015060201991595567,0.0,0.015060201991595567
0.5125000000000011,0.02034105059595399,0.0,0.02034105059595399
0.5175000000000001,0.01910638704531989,0.0,0.01910638704531989
0.5225000000000009,0.014758221913569673,0.0,0.014758221913569673
0.5274999999999999,0.01943568678081595,0.0,0.01943568678081595
0.5325000000000006,0.019450225234509275,0.0,0.019450225234509275
0.5374999999999996,0.019741385105500622,0.0,0.019741385105500622
0.5425000000000004,0.014761612812907613,0.0,0.014761612812907613
0.5474999999999994,0.020119474774808594,0.0,0.020119474774808594
0.5525000000000002,0.020589532660649782,0.0,0.020589532660649782
0.557500000000001,0.014950134368221613,0.0,0.014950134368221613
0.5625,0.020397119682497893,0.0,0.020397119682497893
0.5675000000000008,0.01995584907500268,0.0,0.01995584907500268
0.5724999999999998,0.014722812799013833,0.0,0.014722812799013833
0.5775000000000006,0.01921736746448499,0.0,0.01921736746448499
0.5824999999999996,0.019224929991458008,0.0,0.019224929991458008
0.5875000000000004,0.020891410402271354,0.0,0.020891410402271354
0.5924999999999994,0.015496413375911611,0.0,0.015496413375911611
0.5975000000000001,0.01972972100531026,0.0,0.01972972100531026
0.6025000000000009,0.019778833986398518,0.0,0.019778833986398518
0.6074999999999999,0.014832472272010701,0.0,0.014832472272010701
0.6125000000000007,0.020333233296471836,0.0,0.020333233296471836
0.6174999999999997,0.01994111860552456,0.0,0.01994111860552456
0.6225000000000005,0.015104568567631512,0.0,0.015104568567631512
0.6274999999999995,0.019936040527565865,0.0,0.019936040527565865
0.6325000000000003,0.019954110598937636,0.0,0.019954110598937636
0.6375000000000011,0.01992450515288652,0.0,0.01992450515288652
0.6425000000000001,0.014918479980796763,0.0,0.014918479980796763
0.6475000000000009,0.019773109303107047,0.0,0.019773109303107047
0.6524999999999999,0.020227624394910996,0.0,0.020227624394910996
0.6575000000000006,0.014356520425195342,0.0,0.014356520425195342
0.6624999999999996,0.02029361557916132,0.0,0.02029361557916132
0.6675000000000004,0.019947878457055142,0.0,0.019947878457055142
0.6724999999999994,0.02006915418677827,0.0,0.02006915418677827
0.6775000000000002,0.01576500656990184,0.0,0.01576500656990184
0.682500000000001,0.021067140212426803,0.0,0.021067140212426803
0.6875,0.019744031316148613,0.0,0.019744031316148613
0.6925000000000008,0.015890218072580918,0.0,0.015890218072580918
0.6974999999999998,0.01990080356859256,0.0,0.01990080356859256
0.7025000000000006,0.02129604117306427,0.0,0.02129604117306427
0.7074999999999996,0.015251674933793702,0.0,0.015251674933793702
0.7125000000000004,0.019938775202989065,0.0,0.019938775202989065
0.7174999999999994,0.021628022454729525,0.0,0.021628022454729525
0.7225000000000001,0.020496576138013457,0.0,0.020496576138013457
0.7275000000000009,0.0156998416366967,0.0,0.0156998416366967
0.7324999999999999,0.0211568936044811,0.0,0.0211568936044811
0.7375000000000007,0.02171136886585641,0.0,0.02171136886585641
0.7424999999999997,0.01595027809224292,0.0,0.01595027809224292
0.7475000000000005,0.020052053092407977,0.0,0.020052053092407977
0.7524999999999995,0.022064572800278355,0.0,0.022064572800278355
0.7575000000000003,0.015754858030557577,0.0,0.015754858030557577
0.7625000000000011,0.021442103768838178,0.0,0.021442103768838178
0.7675000000000001,0.021787991787696685,0.0,0.021787991787696685
0.7725000000000009,0.02227830587073273,0.0,0.02227830587073273
0.7774999999999999,0.017145695930837288,0.0,0.017145695930837288
0.7825000000000006,0.02155906287946035,0.0,0.02155906287946035
0.7874999999999996,0.022117974102510176,0.0,0.022117974102510176
0.7925000000000004,0.016377049494116024,0.0,0.016377049494116024
0.7974999999999994,0.02199145940743324,0.0,0.02199145940743324
0.8025000000000002,0.022597234348714468,0.0,0.022597234348714468
0.807500000000001,0.0225760545368215,0.0,0.0225760545368215
0.8125,0.017214684238198892,0.0,0.017214684238198892
0.8175000000000008,0.021079813708297885,0.0,0.021079813708297885
0.8224999999999998,0.02241902643856196,0.0,0.02241902643856196
0.8275000000000006,0.017061378057781126,0.0,0.017061378057781126
0.8324999999999996,0.02335760790244176,0.0,0.02335760790244176
0.8375000000000004,0.02272993164068407,0.0,0.02272993164068407
0.8424999999999994,0.01694795188900204,0.0,0.01694795188900204
0.8475000000000001,0.025057984783292908,0.0,0.025057984783292908
0.8525000000000009,0.023752642220416,0.0,0.023752642220416
0.8574999999999999,0.02426940923763476,0.0,0.02426940923763476
0.8625000000000007,0.01830977796085313,0.0,0.01830977796085313
0.8674999999999997,0.02379085239058728,0.0,0.02379085239058728
0.8725000000000005,0.023517856187180063,0.0,0.023517856187180063
0.8774999999999995,0.01898474019322324,0.0,0.01898474019322324
0.8825000000000003,0.024685355693000885,0.0,0.024685355693000885
0.8875000000000011,0.02534223357163117,0.0,0.02534223357163117
0.8925000000000001,0.019393069681344254,0.0,0.019393069681344254
0.8975000000000009,0.02629555000844141,0.0,0.02629555000844141
0.9024999999999999,0.026284157026717374,0.0,0.026284157026717374
0.9075000000000006,0.027184686328859443,0.0,0.027184686328859443
0.9124999999999996,0.018472579923358684,0.0,0.018472579923358684
0.9175000000000004,0.025786068338956223,0.0,0.025786068338956223
0.9224999999999994,0.02711562745625768,0.0,0.02711562745625768
0.9275000000000002,0.020724047435529188,0.0,0.020724047435529188
0.932500000000001,0.02822408087998754,0.0,0.02822408087998754
0.9375,0.029209831070619745,0.0,0.029209831070619745
0.9425000000000008,0.027287017119576592,0.0,0.027287017119576592
0.9474999999999998,0.02138797103803668,0.0,0.02138797103803668
0.9525000000000006,0.02991813565787118,0.0,0.02991813565787118
0.9574999999999996,0.029921309528489846,0.0,0.029921309528489846
0.9625000000000004,0.02146762727706235,0.0,0.02146762727706235
0.9674999999999994,0.030155715788771183,0.0,0.030155715788771183
0.9725000000000001,0.030142790046349142,0.0,0.030142790046349142
0.9775000000000009,0.022493679282021145,0.0,0.022493679282021145
0.9824999999999999,0.03232577999414555,0.0,0.03232577999414555
0.9875000000000007,0.03269519752366114,0.0,0.03269519752366114
0.9924999999999997,0.03189697176019157,0.0,0.03189697176019157
0.9975000000000005,0.02717718345941121,0.0,0.02717718345941121
1.0024999999999995,0.032005610766014964,0.0,0.032005610766014964
1.0075000000000003,0.034002218404223065,0.0,0.034002218404223065
1.012500000000001,0.024325137466820423,0.0,0.024325137466820423
1.0175,0.034244204827705606,0.0,0.034244204827705606
1.0225000000000009,0.032791598622957024,0.0,0.032791598622957024
1.0274999999999999,0.027340933645096967,0.0,0.027340933645096967
1.0325000000000006,0.03387026132038672,0.0,0.03387026132038672
1.0374999999999996,0.03633436769625693,0.0,0.03633436769625693
1.0425000000000004,0.037121775168373866,0.0,0.037121775168373866
1.0474999999999994,0.0285755503685175,0.0,0.0285755503685175
1.0525000000000002,0.03704531738360252,0.0,0.03704531738360252
1.057500000000001,0.03728084912522302,0.0,0.03728084912522302
1.0625,0.028384208757520048,0.0,0.028384208757520048
1.0675000000000008,0.04051254332883215,0.0,0.04051254332883215
1.0724999999999998,0.04132677113187406,0.0,0.04132677113187406
1.0775000000000006,0.03882875559279465,0.0,0.03882875559279465
1.0824999999999996,0.03147719871706359,0.0,0.03147719871706359
1.0875000000000004,0.04069672160549122,0.0,0.04069672160549122
1.0924999999999994,0.04318857058797965,0.0,0.04318857058797965
1.0975000000000001,0.034013934666713735,0.0,0.034013934666713735
1.102500000000001,0.04465019735427293,0.0,0.04465019735427293
1.1075,0.04405208106634837,0.0,0.04405208106634837
1.1125000000000007,0.031883773461170974,0.0,0.031883773461170974
1.1174999999999997,0.04797670053531568,0.0,0.04797670053531568
1.1225000000000005,0.04896014922022221,0.0,0.04896014922022221
1.1274999999999995,0.051056606133808496,0.0,0.051056606133808496
1.1325000000000003,0.03827300925481751,0.0,0.03827300925481751
1.137500000000001,0.052775050446014826,0.0,0.052775050446014826
1.1425,0.04897818786563097,0.0,0.04897818786563097
1.1475000000000009,0.03535080931346361,0.0,0.03535080931346361
1.1524999999999999,0.05145813376504815,0.0,0.05145813376504815
1.1575000000000006,0.054466151020065176,0.0,0.054466151020065176
1.1624999999999996,0.042522347916761905,0.0,0.042522347916761905
1.1675000000000004,0.0596477580308855,0.0,0.0596477580308855
1.1724999999999994,0.06830987462220807,0.0,0.06830987462220807
1.1775000000000002,0.05857174007144093,0.0,0.05857174007144093
1.182500000000001,0.045317040241447455,0.0,0.045317040241447455
1.1875,0.06512680802511843,0.0,0.06512680802511843
1.1925000000000008,0.06595501061480422,0.0,0.06595501061480422
1.1974999999999998,0.051548313881058745,0.0,0.051548313881058745
1.2025000000000006,0.07117136368667235,0.0,0.07117136368667235
1.2074999999999996,0.07739463923384798,0.0,0.07739463923384798
1.2125000000000004,0.07663416783470044,0.0,0.07663416783470044
1.2174999999999994,0.05722812407507975,0.0,0.05722812407507975
1.2225000000000001,0.07986404139030298,0.0,0.07986404139030298
1.227500000000001,0.07567746601679959,0.0,0.07567746601679959
1.2325,0.06179860692678752,0.0,0.06179860692678752
1.2375000000000007,0.08112145365754683,0.0,0.08112145365754683
1.2424999999999997,0.08664375067535833,0.0,0.08664375067535833
1.2475000000000005,0.06984117349637653,0.0,0.06984117349637653
1.2524999999999995,0.08959625133703311,0.0,0.08959625133703311
1.2575000000000003,0.08988247154422485,0.0,0.08988247154422485
1.262500000000001,0.10020504855900524,0.0,0.10020504855900524
1.2675,0.0778117246316321,0.0,0.0778117246316321
1.2725000000000009,0.09873476978332471,0.0,0.09873476978332471
1.2774999999999999,0.10762415506866786,0.0,0.10762415506866786
1.2825000000000006,0.08392685912498693,0.0,0.08392685912498693
1.2874999999999996,0.10933520882230874,0.0,0.10933520882230874
1.2925000000000004,0.11323984052809204,0.0,0.11323984052809204
1.2974999999999994,0.09919361730474399,0.0,0.09919361730474399
1.3025000000000002,0.13795335572706396,0.0,0.13795335572706396
1.307500000000001,0.132287910370582,0.0,0.132287910370582
1.3125,0.14239546374186618,0.0,0.14239546374186618
1.3175000000000008,0.09705967641463746,0.0,0.09705967641463746
1.3224999999999998,0.14533993553043434,0.0,0.14533993553043434
1.3275000000000006,0.17514622686549888,0.0,0.17514622686549888
1.3324999999999996,0.12551984870302063,0.0,0.12551984870302063
1.3375000000000004,0.15147585505725333,0.0,0.15147585505725333
1.3424999999999994,0.1634380742253009,0.0,0.1634380742253009
1.3475000000000001,0.11145042275711352,0.0,0.11145042275711352
