omega,S,S_edge,S_cont,Sr,Sr_edge,Sr_cont
-1.5075000000000003,0.0,0.0,0.0
-1.5024999999999995,0.0011843804304033521,0.0011843804304033521,0.0
-1.4975000000000005,0.009025795693763475,0.009025795693763475,0.0
-1.4924999999999997,0.02130251146546167,0.02130251146546167,0.0
-1.4875000000000007,0.05915367639297294,0.05915367639297294,0.0
-1.4825,0.14925643865352042,0.14925643865352042,0.0
-1.4774999999999991,0.28941356834518334,0.28941356834518334,0.0
-1.4725000000000001,0.5412945292579294,0.5412945292579294,0.0
-1.4674999999999994,0.91135215270223,0.91135215270223,0.0
-1.4625000000000004,1.3101534639712789,1.3101534639712789,0.0
-1.4574999999999996,1.587322989108355,1.587322989108355,0.0
-1.4525000000000006,1.696514696650642,1.696514696650642,0.0
-1.4474999999999998,1.641240887184854,1.641240887184854,0.0
-1.442499999999999,1.4347094445452122,1.4347094445452122,0.0
-1.4375,1.2030037916538252,1.2030037916538252,0.0
-1.4324999999999992,1.0738899884580635,1.0738899884580635,0.0
-1.4275000000000002,0.9789761912078103,0.9789761912078103,0.0
-1.4224999999999994,0.8923367206885824,0.8923367206885824,0.0
-1.4175000000000004,0.8311410090707771,0.8311410090707771,0.0
-1.4124999999999996,0.7819933052794881,0.7819933052794881,0.0
-1.4075000000000006,0.7417325387866736,0.7417325387866736,0.0
-1.4024999999999999,0.7042979490450282,0.7042979490450282,0.0
-1.397499999999999,0.6764282522965024,0.6764282522965024,0.0
-1.3925,0.6483870245890907,0.6483870245890907,0.0
-1.3874999999999993,0.6244216991904462,0.6244216991904462,0.0
-1.3825000000000003,0.601608081658608,0.601608081658608,0.0
-1.3774999999999995,0.5851492777464509,0.5851492777464509,0.0
-1.3725000000000005,0.5646799166527213,0.5646799166527213,0.0
-1.3674999999999997,0.5495851922707531,0.5495851922707531,0.0
-1.362499999999999,0.5351194147380335,0.5351194147380335,0.0
-1.3575,0.5192405488297291,0.5192405488297291,0.0
-1.3524999999999991,0.5066289392811584,0.5066289392811584,0.0
-1.3475000000000001,0.4965086127068841,0.4965086127068841,0.0
-1.3424999999999994,0.48428907392148124,0.48428907392148124,0.0
-1.3375000000000004,0.4720531988542797,0.4720531988542797,0.0
-1.3324999999999996,0.4632887836692949,0.4632887836692949,0.0
-1.3275000000000006,0.45436917380722275,0.45436917380722275,0.0
-1.3224999999999998,0.4448042808141032,0.4448042808141032,0.0
-1.317499999999999,0.43656262664667583,0.43656262664667583,0.0
-1.3125,0.428753883946913,0.428753883946913,0.0
-1.3074999999999992,0.4208062828518615,0.4208062828518615,0.0
-1.3025000000000002,0.41383069052383076,0.41383069052383076,0.0
-1.2974999999999994,0.40526231072043,0.40526231072043,0.0
-1.2925000000000004,0.3998223288814739,0.3998223288814739,0.0
-1.2874999999999996,0.393679886925175,0.393679886925175,0.0
-1.2825000000000006,0.3868023122879364,0.3868023122879364,0.0
-1.2774999999999999,0.3813459941671815,0.3813459941671815,0.0
-1.272499999999999,0.37513003894278885,0.37513003894278885,0.0
-1.2675,0.36879156160490606,0.36879156160490606,0.0
-1.2624999999999993,0.3635639514293326,0.3635639514293326,0.0
-1.2575000000000003,0.3596514119385519,0.3596514119385519,0.0
-1.2524999999999995,0.3556490228978784,0.3556490228978784,0.0
-1.2475000000000005,0.34986597914115036,0.34986597914115036,0.0
-1.2424999999999997,0.34784028019811564,0.34784028019811564,0.0
-1.237499999999999,0.3402602454435342,0.3402602454435342,0.0
-1.2325,0.3351878299450481,0.3351878299450481,0.0
-1.2274999999999991,0.3324269983210734,0.3324269983210734,0.0
-1.2225000000000001,0.32768130845856064,0.32768130845856064,0.0
-1.2174999999999994,0.3253533883022507,0.3253533883022507,0.0
-1.2125000000000004,0.3220697956607186,0.3220697956607186,0.0
-1.2074999999999996,0.31636026517208443,0.31636026517208443,0.0
-1.2025000000000006,0.31177793812755844,0.31177793812755844,0.0
-1.1974999999999998,0.30904161092628163,0.30904161092628163,0.0
-1.192499999999999,0.3068852217288577,0.3068852217288577,0.0
-1.1875,0.30465531926333966,0.30465531926333966,0.0
-1.1824999999999992,0.2999831426689209,0.2999831426689209,0.0
-1.1775000000000002,0.2945921696753608,0.2945921696753608,0.0
-1.1724999999999994,0.2937916918672261,0.2937916918672261,0.0
-1.1675000000000004,0.2929013645091988,0.2929013645091988,0.0
-1.1624999999999996,0.286170816408148,0.286170816408148,0.0
-1.1575000000000006,0.2824053034535553,0.2824053034535553,0.0
-1.1524999999999999,0.286195320830846,0.286195320830846,0.0
-1.147499999999999,0.2769326490510019,0.2769326490510019,0.0
-1.1425,0.2739349413409464,0.2739349413409464,0.0
-1.1374999999999993,0.27841925069468054,0.27841925069468054,0.0
-1.1325000000000003,0.26824991527501035,0.26824991527501035,0.0
-1.1274999999999995,0.2673432516351844,0.2673432516351844,0.0
-1.1225000000000005,0.2720481007932004,0.2720481007932004,0.0
-1.1174999999999997,0.2582521108142262,0.2582521108142262,0.0
-1.112499999999999,0.2624587033773829,0.2624587033773829,0.0
-1.1075,0.2632101723401216,0.2632101723401216,0.0
-1.1024999999999991,0.25026366901467806,0.25026366901467806,0.0
-1.0975000000000001,0.25857066830930026,0.25857066830930026,0.0
-1.0924999999999994,0.25174210251745743,0.25174210251745743,0.0
-1.0875000000000004,0.24832781962153602,0.24832781962153602,0.0
-1.0824999999999996,0.2532041997384381,0.2532041997384381,0.0
-1.0775000000000006,0.23953073187295393,0.23953073187295393,0.0
-1.0724999999999998,0.24792758071746873,0.24792758071746873,0.0
-1.067499999999999,0.24333708553204328,0.24333708553204328,0.0
-1.0625,0.23556918353677714,0.23556918353677714,0.0
-1.0574999999999992,0.2444642889761513,0.2444642889761513,0.0
-1.0525000000000002,0.22907551152180705,0.22907551152180705,0.0
-1.0474999999999994,0.23856689124683253,0.23856689124683253,0.0
-1.0425000000000004,0.23155862635520444,0.23155862635520444,0.0
-1.0374999999999996,0.22888764428112238,0.22888764428112238,0.0
-1.0325000000000006,0.23366600670723242,0.23366600670723242,0.0
-1.0274999999999999,0.22138929093553425,0.22138929093553425,0.0
-1.022499999999999,0.23005568842972704,0.23005568842972704,0.0
-1.0175,0.21933908756980158,0.21933908756980158,0.0
-1.0124999999999993,0.22543252068070435,0.22543252068070435,0.0
-1.0075000000000003,0.21778714079892816,0.21778714079892816,0.0
-1.0024999999999995,0.2204172821685136,0.2204172821685136,0.0
-0.9975000000000005,0.21588396396938353,0.21588396396938353,0.0
-0.9924999999999997,0.2162923710143502,0.2162923710143502,0.0
-0.9874999999999989,0.21238799966446878,0.21238799966446878,0.0
-0.9824999999999999,0.21404613226703345,0.21404613226703345,0.0
-0.9774999999999991,0.2082467522285067,0.2082467522285067,0.0
-0.9725000000000001,0.21219196428288478,0.21219196428288478,0.0
-0.9674999999999994,0.2048814781779813,0.2048814781779813,0.0
-0.9625000000000004,0.20901455747304407,0.20901455747304407,0.0
-0.9574999999999996,0.20259439872616797,0.20259439872616797,0.0
-0.9525000000000006,0.20562477899982068,0.20562477899982068,0.0
-0.9474999999999998,0.2003563281197506,0.2003563281197506,0.0
-0.942499999999999,0.20176124835443593,0.20176124835443593,0.0
-0.9375,0.19879621320797788,0.19879621320797788,0.0
-0.9324999999999992,0.19850216013560187,0.19850216013560187,0.0
-0.9275000000000002,0.19711357618271522,0.19711357618271522,0.0
-0.9224999999999994,0.19457328436302251,0.19457328436302251,0.0
-0.9175000000000004,0.19574949665252653,0.19574949665252653,0.0
-0.9124999999999996,0.19048104577245645,0.19048104577245645,0.0
-0.9075000000000006,0.1939851782182705,0.1939851782182705,0.0
-0.9024999999999999,0.1879897627981597,0.1879897627981597,0.0
-0.8974999999999991,0.19120801031249715,0.19120801031249715,0.0
-0.8925000000000001,0.18492670996090965,0.18492670996090965,0.0
-0.8874999999999993,0.18937017861014704,0.18937017861014704,0.0
-0.8825000000000003,0.18274581634078765,0.18274581634078765,0.0
-0.8774999999999995,0.18780189555747506,0.18780189555747506,0.0
-0.8725000000000005,0.17918450690867824,0.17918450690867824,0.0
-0.8674999999999997,0.18480418784741964,0.18480418784741964,0.0
-0.8624999999999989,0.17845754236863756,0.17845754236863756,0.0
-0.8574999999999999,0.1809569934838336,0.1809569934838336,0.0
-0.8524999999999991,0.17948672812195357,0.17948672812195357,0.0
-0.8475000000000001,0.17323810033396347,0.17323810033396347,0.0
-0.8424999999999994,0.18230473673222364,0.18230473673222364,0.0
-0.8375000000000004,0.16747139285903404,0.16747139285903404,0.0
-0.8324999999999996,0.18358713485341902,0.18358713485341902,0.0
-0.8275000000000006,0.16431032233099202,0.16431032233099202,0.0
-0.8224999999999998,0.17773057782859686,0.17773057782859686,0.0
-0.817499999999999,0.16921937501149142,0.16921937501149142,0.0
-0.8125,0.16833721579436342,0.16833721579436342,0.0
-0.8074999999999992,0.17669322393438153,0.17669322393438153,0.0
-0.8025000000000002,0.15601149117726917,0.15601149117726917,0.0
-0.7974999999999994,0.17686475489326753,0.17686475489326753,0.0
-0.7925000000000004,0.1601690748950299,0.1601690748950299,0.0
-0.7874999999999996,0.16723451677295337,0.16723451677295337,0.0
-0.7825000000000006,0.16776544593141005,0.16776544593141005,0.0
-0.7774999999999999,0.15427984530661049,0.15427984530661049,0.0
-0.7724999999999991,0.1706569678097741,0.1706569678097741,0.0
-0.7675000000000001,0.1575797742299412,0.1575797742299412,0.0
-0.7624999999999993,0.15979334041366058,0.15979334041366058,0.0
-0.7575000000000003,0.16426948162649532,0.16426948162649532,0.0
-0.7524999999999995,0.15193558886850178,0.15193558886850178,0.0
-0.7475000000000005,0.16101039340766127,0.16101039340766127,0.0
-0.7424999999999997,0.1595564643275799,0.1595564643275799,0.0
-0.7374999999999989,0.1481619077730097,0.1481619077730097,0.0
-0.7324999999999999,0.16313411004148798,0.16313411004148798,0.0
-0.7274999999999991,0.1515516862462331,0.1515516862462331,0.0
-0.7225000000000001,0.15072670401540042,0.15072670401540042,0.0
-0.7174999999999994,0.15766962377983385,0.15766962377983385,0.0
-0.7125000000000004,0.14563795223511572,0.14563795223511572,0.0
-0.7074999999999996,0.15668127873101453,0.15668127873101453,0.0
-0.7025000000000006,0.14964034127578907,0.14964034127578907,0.0
-0.6974999999999998,0.14462510276359833,0.14462510276359833,0.0
-0.692499999999999,0.15453305767448983,0.15453305767448983,0.0
-0.6875,0.14304048342912765,0.14304048342912765,0.0
-0.6824999999999992,0.14870917321326507,0.14870917321326507,0.0
-0.6775000000000002,0.14798220867322437,0.14798220867322437,0.0
-0.6724999999999994,0.14151304108095225,0.14151304108095225,0.0
-0.6675000000000004,0.14979553595287642,0.14979553595287642,0.0
-0.6624999999999996,0.1405165278912336,0.1405165278912336,0.0
-0.6575000000000006,0.14301597900642965,0.14301597900642965,0.0
-0.6524999999999999,0.14644659818414968,0.14644659818414968,0.0
-0.6474999999999991,0.13599137783300283,0.13599137783300283,0.0
-0.6425000000000001,0.14539290800813565,0.14539290800813565,0.0
-0.6374999999999993,0.14045935090493825,0.14045935090493825,0.0
-0.6325000000000003,0.13402285587626347,0.13402285587626347,0.0
-0.6274999999999995,0.14585032389849834,0.14585032389849834,0.0
-0.6225000000000005,0.13572999732422417,0.13572999732422417,0.0
-0.6174999999999997,0.13519906816576752,0.13519906816576752,0.0
-0.6124999999999989,0.14104745704969027,0.14104745704969027,0.0
-0.6074999999999999,0.13287114800945746,0.13287114800945746,0.0
-0.6024999999999991,0.13737996178588954,0.13737996178588954,0.0
-0.5975000000000001,0.1348233336843982,0.1348233336843982,0.0
-0.5924999999999994,0.13000413055379142,0.13000413055379142,0.0
-0.5875000000000004,0.14033682879144824,0.14033682879144824,0.0
-0.5824999999999996,0.12901578550497209,0.12901578550497209,0.0
-0.5775000000000006,0.1281499625696427,0.1281499625696427,0.0
-0.5724999999999998,0.14133334198116695,0.14133334198116695,0.0
-0.567499999999999,0.12585471497693002,0.12585471497693002,0.0
-0.5625,0.12495621947800332,0.12495621947800332,0.0
-0.5574999999999992,0.14137418268566362,0.14137418268566362,0.0
-0.5525000000000002,0.125291113254876,0.125291113254876,0.0
-0.5474999999999994,0.11918134386217456,0.11918134386217456,0.0
-0.5425000000000004,0.14026331552335425,0.14026331552335425,0.0
-0.5374999999999996,0.126050750358514,0.126050750358514,0.0
-0.5325000000000006,0.11583240609344785,0.11583240609344785,0.0
-0.5274999999999999,0.13519090002486817,0.13519090002486817,0.0
-0.5224999999999991,0.12737398918420603,0.12737398918420603,0.0
-0.5175000000000001,0.11762122895040189,0.11762122895040189,0.0
-0.5124999999999993,0.12654083881247402,0.12654083881247402,0.0
-0.5075000000000003,0.1275373520021927,0.1275373520021927,0.0
-0.5024999999999995,0.12024320217908792,0.12024320217908792,0.0
-0.4975000000000005,0.12030037916538323,0.12030037916538323,0.0
-0.4924999999999997,0.12699008656193736,0.12699008656193736,0.0
-0.48749999999999893,0.11887095450799989,0.11887095450799989,0.0
-0.48249999999999993,0.12111719325531663,0.12111719325531663,0.0
-0.47749999999999915,0.12277532585788128,0.12277532585788128,0.0
-0.47250000000000014,0.11380670715041316,0.11380670715041316,0.0
-0.46749999999999936,0.12300403380306264,0.12300403380306264,0.0
-0.46250000000000036,0.12132139677779993,0.12132139677779993,0.0
-0.4574999999999996,0.11348814965533914,0.11348814965533914,0.0
-0.45250000000000057,0.11639600781550184,0.11639600781550184,0.0
-0.4474999999999998,0.12527477697307735,0.12527477697307735,0.0
-0.442499999999999,0.11270400812900312,0.11270400812900312,0.0
-0.4375,0.11110305251273377,0.11110305251273377,0.0
-0.4324999999999992,0.12270998073068665,0.12270998073068665,0.0
-0.4275000000000002,0.11448466284505782,0.11448466284505782,0.0
-0.42249999999999943,0.10652072546820769,0.10652072546820769,0.0
-0.4175000000000004,0.1181848306724559,0.1181848306724559,0.0
-0.41249999999999964,0.11835636163134187,0.11835636163134187,0.0
-0.40750000000000064,0.10902017658340372,0.10902017658340372,0.0
-0.40249999999999986,0.11029440656369974,0.11029440656369974,0.0
-0.3974999999999991,0.11796429086817388,0.11796429086817388,0.0
-0.39250000000000007,0.10857909697483974,0.10857909697483974,0.0
-0.3874999999999993,0.10608781400054303,0.10608781400054303,0.0
-0.3825000000000003,0.1189444677760939,0.1189444677760939,0.0
-0.3774999999999995,0.10829321204336305,0.10829321204336305,0.0
-0.3725000000000005,0.1042581504390923,0.1042581504390923,0.0
-0.3674999999999997,0.11258148601551313,0.11258148601551313,0.0
-0.36249999999999893,0.11451733540865515,0.11451733540865515,0.0
-0.35749999999999993,0.10041912421640559,0.10041912421640559,0.0
-0.35249999999999915,0.10443784953887765,0.10443784953887765,0.0
-0.34750000000000014,0.11853606073112723,0.11853606073112723,0.0
-0.34249999999999936,0.10642270777741569,0.10642270777741569,0.0
-0.33750000000000036,0.09398262918773084,0.09398262918773084,0.0
-0.3324999999999996,0.1098206543915384,0.1098206543915384,0.0
-0.32750000000000057,0.11754771568230786,0.11754771568230786,0.0
-0.3224999999999998,0.10189755771918495,0.10189755771918495,0.0
-0.317499999999999,0.08937579772050674,0.08937579772050674,0.0
-0.3125,0.1105557870724784,0.1105557870724784,0.0
-0.3074999999999992,0.11697594581935454,0.11697594581935454,0.0
-0.3025000000000002,0.09797685008750488,0.09797685008750488,0.0
-0.29749999999999943,0.08891021368924476,0.08891021368924476,0.0
-0.2925000000000004,0.10667592014529502,0.10667592014529502,0.0
-0.28749999999999964,0.11836452977224124,0.11836452977224124,0.0
-0.28250000000000064,0.09716820413847088,0.09716820413847088,0.0
-0.27749999999999986,0.08636992186955203,0.08636992186955203,0.0
-0.2724999999999991,0.10154632766051362,0.10154632766051362,0.0
-0.26750000000000007,0.11905882174868455,0.11905882174868455,0.0
-0.2624999999999993,0.09818922175088755,0.09818922175088755,0.0
-0.2575000000000003,0.08378878934536267,0.08378878934536267,0.0
-0.2524999999999995,0.0956816024947922,0.0956816024947922,0.0
-0.2475000000000005,0.1173353440189252,0.1173353440189252,0.0
-0.24249999999999972,0.09979017736715691,0.09979017736715691,0.0
-0.23749999999999893,0.08485881580317534,0.08485881580317534,0.0
-0.23249999999999993,0.08919609862072139,0.08919609862072139,0.0
-0.22749999999999915,0.11412526464548715,0.11412526464548715,0.0
-0.22250000000000014,0.10019858441212359,0.10019858441212359,0.0
-0.21749999999999936,0.08783201909053273,0.08783201909053273,0.0
-0.21250000000000036,0.08508752374835668,0.08508752374835668,0.0
-0.20749999999999957,0.10786030057569838,0.10786030057569838,0.0
-0.20250000000000057,0.10147281439241958,0.10147281439241958,0.0
-0.1974999999999998,0.08724391294578072,0.08724391294578072,0.0
-0.192499999999999,0.08791370049952607,0.08791370049952607,0.0
-0.1875,0.09941444288578756,0.09941444288578756,0.0
-0.18249999999999922,0.10183221259199028,0.10183221259199028,0.0
-0.1775000000000002,0.0883384438262914,0.0883384438262914,0.0
-0.17249999999999943,0.08578181572480002,0.08578181572480002,0.0
-0.16750000000000043,0.09524869102712753,0.09524869102712753,0.0
-0.16249999999999964,0.10121960202454026,0.10121960202454026,0.0
-0.15750000000000064,0.09052750558731276,0.09052750558731276,0.0
-0.15249999999999986,0.08164056828883795,0.08164056828883795,0.0
-0.14749999999999908,0.09100125775947411,0.09100125775947411,0.0
-0.14250000000000007,0.10103990292475494,0.10103990292475494,0.0
-0.1374999999999993,0.09220197447167615,0.09220197447167615,0.0
-0.13250000000000028,0.0825799044922613,0.0825799044922613,0.0
-0.1274999999999995,0.08231035584258332,0.08231035584258332,0.0
-0.1225000000000005,0.09680880593890022,0.09680880593890022,0.0
-0.11749999999999972,0.09620436351234954,0.09620436351234954,0.0
-0.11249999999999893,0.08726024922757938,0.08726024922757938,0.0
-0.10749999999999993,0.0774993208528759,0.0774993208528759,0.0
-0.10249999999999915,0.0887550190121574,0.0887550190121574,0.0
-0.09750000000000014,0.09519968218173153,0.09519968218173153,0.0
-0.09249999999999936,0.09018444366954077,0.09018444366954077,0.0
-0.08750000000000036,0.08488332022587335,0.08488332022587335,0.0
-0.08249999999999957,0.07688671028542589,0.07688671028542589,0.0
-0.07750000000000057,0.09133615153634678,0.09133615153634678,0.0
-0.07249999999999979,0.08778301024513673,0.08778301024513673,0.0
-0.067499999999999,0.09124630198645411,0.09124630198645411,0.0
-0.0625,0.08041534715393796,0.08041534715393796,0.0
-0.05749999999999922,0.08181209924772395,0.08181209924772395,0.0
-0.05250000000000021,0.08590433783829003,0.08590433783829003,0.0
-0.04749999999999943,0.08117498425757595,0.08117498425757595,0.0
-0.042500000000000426,0.0901681073877421,0.0901681073877421,0.0
-0.037499999999999645,0.084826143239578,0.084826143239578,0.0
-0.03250000000000064,0.08191011693851595,0.08191011693851595,0.0
-0.027499999999999858,0.07933715255522591,0.07933715255522591,0.0
-0.022499999999999076,0.07810376327942656,0.07810376327942656,0.0
-0.01750000000000007,0.08663947051923004,0.08663947051923004,0.0
-0.01249999999999929,0.09245518683955546,0.09245518683955546,0.0
-0.007500000000000284,0.07976189588199126,0.07976189588199126,0.0
-0.0024999999999995026,0.07409320609785383,0.07409320609785383,0.0
0.0024999999999995026,0.0704502152567511,0.0704502152567511,0.0
0.007500000000000284,0.08514470073465202,0.08514470073465202,0.0
0.012500000000001066,0.09874465533204223,0.09874465533204223,0.0
0.01750000000000007,0.08022747991325327,0.08022747991325327,0.0
0.022500000000000853,0.07160192312355713,0.07160192312355713,0.0
0.027499999999999858,0.06381768484649233,0.06381768484649233,0.0
0.03250000000000064,0.07876538269227258,0.07876538269227258,0.0
0.037499999999999645,0.10148915067421829,0.10148915067421829,0.0
0.042500000000000426,0.08443407247641001,0.08443407247641001,0.0
0.04749999999999943,0.06845718887731375,0.06845718887731375,0.0
0.05250000000000021,0.06163679122637031,0.06163679122637031,0.0
0.057500000000000995,0.07097297627430846,0.07097297627430846,0.0
0.0625,0.09828723944167957,0.09828723944167957,0.0
0.06750000000000078,0.09232449658516613,0.09232449658516613,0.0
0.07249999999999979,0.06807328625504508,0.06807328625504508,0.0
0.07750000000000057,0.061277393026799645,0.061277393026799645,0.0
0.08249999999999957,0.06418525118696236,0.06418525118696236,0.0
0.08750000000000036,0.08546325822972604,0.08546325822972604,0.0
0.09249999999999936,0.09902237212261956,0.09902237212261956,0.0
0.09750000000000014,0.07421572821134383,0.07421572821134383,0.0
0.10250000000000092,0.061391746999390304,0.061391746999390304,0.0
0.10749999999999993,0.06308255216555232,0.06308255216555232,0.0
0.11250000000000071,0.07246774605888648,0.07246774605888648,0.0
0.11749999999999972,0.09128714269095078,0.09128714269095078,0.0
0.1225000000000005,0.08605953251537737,0.08605953251537737,0.0
0.1274999999999995,0.06232291506191432,0.06232291506191432,0.0
0.13250000000000028,0.06436495028674769,0.06436495028674769,0.0
0.13750000000000107,0.06660302089316505,0.06660302089316505,0.0
0.14250000000000007,0.07515506441476721,0.07515506441476721,0.0
0.14750000000000085,0.08882036413935208,0.08882036413935208,0.0
0.15249999999999986,0.07451794942461919,0.07451794942461919,0.0
0.15750000000000064,0.059905145355711606,0.059905145355711606,0.0
0.16249999999999964,0.06995195866189177,0.06995195866189177,0.0
0.16750000000000043,0.06727280844691039,0.06727280844691039,0.0
0.17249999999999943,0.0737174716164845,0.0737174716164845,0.0
0.1775000000000002,0.08278410801474467,0.08278410801474467,0.0
0.182500000000001,0.06640698551158104,0.06640698551158104,0.0
0.1875,0.06431594144135168,0.06431594144135168,0.0
0.19250000000000078,0.07090763114711378,0.07090763114711378,0.0
0.1974999999999998,0.06593323333941971,0.06593323333941971,0.0
0.20250000000000057,0.07027051615696578,0.07027051615696578,0.0
0.20749999999999957,0.07724610848499655,0.07724610848499655,0.0
0.21250000000000036,0.06525527764477503,0.06525527764477503,0.0
0.21749999999999936,0.06469984406362035,0.06469984406362035,0.0
0.22250000000000014,0.0738890025753705,0.0738890025753705,0.0
0.22750000000000092,0.06272315396598166,0.06272315396598166,0.0
0.23249999999999993,0.06510825110858703,0.06510825110858703,0.0
0.2375000000000007,0.07285164868115514,0.07285164868115514,0.0
0.24249999999999972,0.06650500320237304,0.06650500320237304,0.0
0.2475000000000005,0.06321324241994167,0.06321324241994167,0.0
0.2524999999999995,0.07557980774153253,0.07557980774153253,0.0
0.2575000000000003,0.062184056666625645,0.062184056666625645,0.0
0.26250000000000107,0.05843487999383158,0.05843487999383158,0.0
0.26750000000000007,0.06873490566789107,0.06873490566789107,0.0
0.27250000000000085,0.06646416249787637,0.06646416249787637,0.0
0.27749999999999986,0.06397287952357966,0.06397287952357966,0.0
0.28250000000000064,0.0740850379569545,0.0740850379569545,0.0
0.28749999999999964,0.06471618034541901,0.06471618034541901,0.0
0.2925000000000004,0.05232511060113016,0.05232511060113016,0.0
0.29749999999999943,0.06430777330045236,0.06430777330045236,0.0
0.3025000000000002,0.06354813619681435,0.06354813619681435,0.0
0.307500000000001,0.06695425095183638,0.06695425095183638,0.0
0.3125,0.07070342762463046,0.07070342762463046,0.0
0.3175000000000008,0.06793442785975641,0.06793442785975641,0.0
0.3224999999999998,0.051565473497492145,0.051565473497492145,0.0
0.32750000000000057,0.05524930504309154,0.05524930504309154,0.0
0.3324999999999996,0.06116303905420897,0.06116303905420897,0.0
0.33750000000000036,0.06603125103021171,0.06603125103021171,0.0
0.34249999999999936,0.06991928609829445,0.06991928609829445,0.0
0.34750000000000014,0.06987844539379777,0.06987844539379777,0.0
0.3525000000000009,0.056882933222958225,0.056882933222958225,0.0
0.35749999999999993,0.048257376433262104,0.048257376433262104,0.0
0.3625000000000007,0.0532889512272515,0.0532889512272515,0.0
0.3674999999999997,0.06269048140238433,0.06269048140238433,0.0
0.3725000000000005,0.0678609145916624,0.0678609145916624,0.0
0.3774999999999995,0.07062174621563712,0.07062174621563712,0.0
0.3825000000000003,0.063613481324009,0.063613481324009,0.0
0.38750000000000107,0.05183502214717015,0.05183502214717015,0.0
0.39250000000000007,0.046901465043972745,0.046901465043972745,0.0
0.39750000000000085,0.05007887185381344,0.05007887185381344,0.0
0.40249999999999986,0.06273949024778033,0.06273949024778033,0.0
0.40750000000000064,0.06917598527645509,0.06917598527645509,0.0
0.41249999999999964,0.06807328625504508,0.06807328625504508,0.0
0.4175000000000004,0.06325408312443832,0.06325408312443832,0.0
0.42249999999999943,0.046680925239690745,0.046680925239690745,0.0
0.4275000000000002,0.04548837666838804,0.04548837666838804,0.0
0.432500000000001,0.04886181885981277,0.04886181885981277,0.0
0.4375,0.05886779146149627,0.05886779146149627,0.0
0.4425000000000008,0.06590056077582238,0.06590056077582238,0.0
0.4474999999999998,0.0686940649633944,0.0686940649633944,0.0
0.45250000000000057,0.06226573807561899,0.06226573807561899,0.0
0.4574999999999996,0.04888632328251078,0.04888632328251078,0.0
0.46250000000000036,0.041053076160049974,0.041053076160049974,0.0
0.46749999999999936,0.047832633106496755,0.047832633106496755,0.0
0.47250000000000014,0.05276619020969416,0.05276619020969416,0.0
0.4775000000000009,0.05995415420110762,0.05995415420110762,0.0
0.48249999999999993,0.0648550387407077,0.0648550387407077,0.0
0.4875000000000007,0.06545948116725836,0.06545948116725836,0.0
0.4924999999999997,0.05552702183366887,0.05552702183366887,0.0
0.4975000000000005,0.04048130629709664,0.04048130629709664,0.0
0.5024999999999995,0.045276005005005386,0.045276005005005386,0.0
0.5075000000000003,0.045782429740764054,0.045782429740764054,0.0
0.5125000000000011,0.05423645557157419,0.05423645557157419,0.0
0.5175000000000001,0.056327499641803544,0.056327499641803544,0.0
0.5225000000000009,0.06051775592316162,0.06051775592316162,0.0
0.5274999999999999,0.06568002097154037,0.06568002097154037,0.0
0.5325000000000006,0.04976848249963879,0.04976848249963879,0.0
0.5374999999999996,0.04009740367482797,0.04009740367482797,0.0
0.5425000000000004,0.04708116414375808,0.04708116414375808,0.0
0.5474999999999994,0.03991770457504263,0.03991770457504263,0.0
0.5525000000000002,0.05423645557157419,0.05423645557157419,0.0
0.557500000000001,0.049278394045678776,0.049278394045678776,0.0
0.5625,0.05641734919169622,0.05641734919169622,0.0
0.5675000000000008,0.0653206227719697,0.0653206227719697,0.0
0.5724999999999998,0.05219442034674083,0.05219442034674083,0.0
0.5775000000000006,0.039762509897955295,0.039762509897955295,0.0
0.5824999999999996,0.04500645635532738,0.04500645635532738,0.0
0.5875000000000004,0.04172286371379532,0.04172286371379532,0.0
0.5924999999999994,0.045986633263247395,0.045986633263247395,0.0
0.5975000000000001,0.04273571318531267,0.04273571318531267,0.0
0.6025000000000009,0.050634305434968135,0.050634305434968135,0.0
0.6074999999999999,0.05955391529704028,0.05955391529704028,0.0
0.6125000000000007,0.059954154201107626,0.059954154201107626,0.0
0.6174999999999997,0.04548837666838806,0.04548837666838806,0.0
0.6225000000000005,0.03871698786284062,0.03871698786284062,0.0
0.6274999999999995,0.043413668879957346,0.043413668879957346,0.0
0.6325000000000003,0.04265403177631934,0.04265403177631934,0.0
0.6375000000000011,0.03934593471208929,0.03934593471208929,0.0
0.6425000000000001,0.040252598351915296,0.040252598351915296,0.0
0.6475000000000009,0.04599480140414673,0.04599480140414673,0.0
0.6524999999999999,0.05767524289019358,0.05767524289019358,0.0
0.6575000000000006,0.05816533134415359,0.05816533134415359,0.0
0.6624999999999996,0.046395040308214064,0.046395040308214064,0.0
0.6675000000000004,0.03749993486883992,0.03749993486883992,0.0
0.6724999999999994,0.040040226688532625,0.040040226688532625,0.0
0.6775000000000002,0.03990953643414329,0.03990953643414329,0.0
0.682500000000001,0.03821056312708194,0.03821056312708194,0.0
0.6875,0.037058855260275914,0.037058855260275914,0.0
0.6925000000000008,0.04144514692321799,0.04144514692321799,0.0
0.6974999999999998,0.05080583639385413,0.05080583639385413,0.0
0.7025000000000006,0.052014721246955484,0.052014721246955484,0.0
0.7074999999999996,0.053444145904338845,0.053444145904338845,0.0
0.7125000000000004,0.03960731522086796,0.03960731522086796,0.0
0.7174999999999994,0.03522919169882521,0.03522919169882521,0.0
0.7225000000000001,0.036699457060705244,0.036699457060705244,0.0
0.7275000000000009,0.03690366058318859,0.03690366058318859,0.0
0.7324999999999999,0.03459207670867721,0.03459207670867721,0.0
0.7375000000000007,0.038275908254276604,0.038275908254276604,0.0
0.7424999999999997,0.04118376641443932,0.04118376641443932,0.0
0.7475000000000005,0.04403444758830669,0.04403444758830669,0.0
0.7524999999999995,0.050511783321478126,0.050511783321478126,0.0
0.7575000000000003,0.04957244711805478,0.04957244711805478,0.0
0.7625000000000011,0.038373925945068596,0.038373925945068596,0.0
0.7675000000000001,0.0319782716208905,0.0319782716208905,0.0
0.7725000000000009,0.03206812117078317,0.03206812117078317,0.0
0.7774999999999999,0.035163846571630554,0.035163846571630554,0.0
0.7825000000000006,0.03513934214893255,0.03513934214893255,0.0
0.7874999999999996,0.03238667866585718,0.03238667866585718,0.0
0.7925000000000004,0.03695266942858458,0.03695266942858458,0.0
0.7974999999999994,0.04086520891936531,0.04086520891936531,0.0
0.8025000000000002,0.0442304829698907,0.0442304829698907,0.0
0.807500000000001,0.045741589036267384,0.045741589036267384,0.0
0.8125,0.04311961580758134,0.04311961580758134,0.0
0.8175000000000008,0.03286859897891785,0.03286859897891785,0.0
0.8224999999999998,0.028825369233747785,0.028825369233747785,0.0
0.8275000000000006,0.03004242222774847,0.03004242222774847,0.0
0.8324999999999996,0.03145551060333316,0.03145551060333316,0.0
0.8375000000000004,0.028392457766083113,0.028392457766083113,0.0
0.8424999999999994,0.030311970877426476,0.030311970877426476,0.0
0.8475000000000001,0.03109611240376249,0.03109611240376249,0.0
0.8525000000000009,0.03648708539732258,0.03648708539732258,0.0
0.8574999999999999,0.040636500974183976,0.040636500974183976,0.0
0.8625000000000007,0.048102181756174756,0.048102181756174756,0.0
0.8674999999999997,0.04906602238229611,0.04906602238229611,0.0
0.8725000000000005,0.037916510054705935,0.037916510054705935,0.0
0.8774999999999995,0.03179040438020583,0.03179040438020583,0.0
0.8825000000000003,0.022576741445757692,0.022576741445757692,0.0
0.8875000000000011,0.017839219724144283,0.017839219724144283,0.0
0.8925000000000001,0.01917062669073564,0.01917062669073564,0.0
0.8975000000000009,0.021318847747260335,0.021318847747260335,0.0
0.9024999999999999,0.015258087199954907,0.015258087199954907,0.0
0.9075000000000006,0.017120423325002937,0.017120423325002937,0.0
0.9124999999999996,0.023001484772523027,0.023001484772523027,0.0
0.9175000000000004,0.03504132445814056,0.03504132445814056,0.0
0.9224999999999994,0.04663191639429474,0.04663191639429474,0.0
0.9275000000000002,0.057854941989978925,0.057854941989978925,0.0
0.932500000000001,0.058385871148435596,0.058385871148435596,0.0
0.9375,0.042572350367326005,0.042572350367326005,0.0
0.9425000000000008,0.030295634595627816,0.030295634595627816,0.0
0.9474999999999998,0.01957086559480298,0.01957086559480298,0.0
0.9525000000000006,0.015298927904451576,0.015298927904451576,0.0
0.9574999999999996,0.004998902230392078,0.004998902230392078,0.0
0.9625000000000004,0.00252395553789404,0.00252395553789404,0.0
0.9674999999999994,0.004827371271506077,0.004827371271506077,0.0
0.9725000000000001,0.006052592406406096,0.006052592406406096,0.0
0.9775000000000009,0.0065100082967687704,0.0065100082967687704,0.0
0.9824999999999999,0.009017627552864144,0.009017627552864144,0.0
0.9875000000000007,0.017234777297593606,0.017234777297593606,0.0
0.9924999999999997,0.03443688203158988,0.03443688203158988,0.0
0.9975000000000005,0.05390972993560086,0.05390972993560086,0.0
1.0024999999999995,0.07928814370982992,0.07928814370982992,0.0
1.0075000000000003,0.09952879685837827,0.09952879685837827,0.0
1.012500000000001,0.07584935639121054,0.07584935639121054,0.0
1.0175,0.016025892444492255,0.016025892444492255,0.0
1.0225000000000009,0.0004002389040673396,0.0004002389040673396,0.0
