omega,S,S_edge,S_cont
-1.5522738060735148,0,0,0
-1.5522731047684322,1007.9184717652585,1007.9184717652585,0.0
-1.5522710646090112,527.9576176952163,527.9576176952163,0.0
-1.5522677429312766,356.4908244233278,356.4908244233278,0.0
-1.5522631369041155,269.4637589473243,269.4637589473243,0.0
-1.552257242233161,216.06768648945965,216.06768648945965,0.0
-1.5522500501080725,180.29074845752274,180.29074845752274,0.0
-1.5522415552376043,154.53115401878054,154.53115401878054,0.0
-1.552231747298392,135.05832368851216,135.05832368851216,0.0
-1.552220623647388,120.01144730529329,120.01144730529329,0.0
-1.552208184381444,107.92815400885343,107.92815400885343,0.0
-1.5521944297993988,98.10336668181183,98.10336668181183,0.0
-1.5521793571379945,89.84625993875842,89.84625993875842,0.0
-1.5521629599956883,82.87003958833935,82.87003958833935,0.0
-1.552145228898787,76.82094314415403,76.82094314415403,0.0
-1.5521261578471541,71.61920414253963,71.61920414253963,0.0
-1.5521057385915247,67.00346158233631,67.00346158233631,0.0
-1.5520839675257438,62.991508570947694,62.991508570947694,0.0
-1.552060847369791,59.40650211201193,59.40650211201193,0.0
-1.5520363684955498,56.18814424809343,56.18814424809343,0.0
-1.5520105246336742,53.292868541342074,53.292868541342074,0.0
-1.5519833082393553,50.66090962486591,50.66090962486591,0.0
-1.5519547111924568,48.268464058413905,48.268464058413905,0.0
-1.5519247252058264,46.0743868107036,46.0743868107036,0.0
-1.5518933427489217,44.06633209067576,44.06633209067576,0.0
-1.5518605585727492,42.217143284404045,42.217143284404045,0.0
-1.5518263615854937,40.499306750476244,40.499306750476244,0.0
-1.551790728258517,38.88166245992039,38.88166245992039,0.0
-1.5517536476111347,37.3981085621788,37.3981085621788,0.0
-1.5517151200588861,36.015249003456624,36.015249003456624,0.0
-1.5516751371401607,34.72434113416325,34.72434113416325,0.0
-1.551633684708605,33.50650394907936,33.50650394907936,0.0
-1.5515907452811901,32.36045779729644,32.36045779729644,0.0
-1.5515463045771811,31.28047514166226,31.28047514166226,0.0
-1.5515003474256863,30.25970780096468,30.25970780096468,0.0
-1.551452860123431,29.296693869643068,29.296693869643068,0.0
-1.5514038306963283,28.385780598647408,28.385780598647408,0.0
-1.5513532449848444,27.521494270278087,27.521494270278087,0.0
-1.5513010915600307,26.70457520047509,26.70457520047509,0.0
-1.5512473536390186,25.922289150692592,25.922289150692592,0.0
-1.551192011826631,25.17889039012102,25.17889039012102,0.0
-1.5511350494305574,24.468126013930018,24.468126013930018,0.0
-1.5510764438858695,23.78664971302656,23.78664971302656,0.0
-1.5510161718347795,23.13362474623875,23.13362474623875,0.0
-1.5509542061207968,22.504057251948034,22.504057251948034,0.0
-1.550890531819785,21.90855147342507,21.90855147342507,0.0
-1.55082513237085,21.33241558349616,21.33241558349616,0.0
-1.5507579776298976,20.77813811757251,20.77813811757251,0.0
-1.5506890434223923,20.245190788717785,20.245190788717785,0.0
-1.5506183046576063,19.731480627779163,19.731480627779163,0.0
-1.55054574023929,19.239198130065226,19.239198130065226,0.0
-1.5504713218888293,18.76059573314174,18.76059573314174,0.0
-1.5503950189634463,18.3004897469847,18.3004897469847,0.0
-1.550316812107957,17.85818836022513,17.85818836022513,0.0
-1.550236662326367,17.424023776573833,17.424023776573833,0.0
-1.550154525628002,17.004595094290252,17.004595094290252,0.0
-1.5500703721018898,16.598818406322355,16.598818406322355,0.0
-1.549984171898722,16.206643924686293,16.206643924686293,0.0
-1.5498958947380985,15.82690534689778,15.82690534689778,0.0
-1.5498054993975452,15.456021950425933,15.456021950425933,0.0
-1.5497129378370467,15.094767926266588,15.094767926266588,0.0
-1.5496181580155945,14.741022702831414,14.741022702831414,0.0
-1.5495211201999655,14.400397298909573,14.400397298909573,0.0
-1.5494217743012948,14.064070971007324,14.064070971007324,0.0
-1.549320066561094,13.739311528615708,13.739311528615708,0.0
-1.5492159538241599,13.421820296369129,13.421820296369129,0.0
-1.5491093779291991,13.111571803189234,13.111571803189234,0.0
-1.549000272299446,12.806657830711758,12.806657830711758,0.0
-1.5488885747375973,12.510111238387713,12.510111238387713,0.0
-1.5487742310191526,12.220766073567548,12.220766073567548,0.0
-1.548657171323733,11.936356045628264,11.936356045628264,0.0
-1.5485373167466245,11.657473648548988,11.657473648548988,0.0
-1.548414586098743,11.383496732472532,11.383496732472532,0.0
-1.5482889135154885,11.118045474335482,11.118045474335482,0.0
-1.5481602316525012,10.857323634213998,10.857323634213998,0.0
-1.5480284308250298,10.598126595377234,10.598126595377234,0.0
-1.5478933987917372,10.343941139768273,10.343941139768273,0.0
-1.5477550504873903,10.096129014895538,10.096129014895538,0.0
-1.5476132926109623,9.852361524277777,9.852361524277777,0.0
-1.5474680110949415,9.612353678085936,9.612353678085936,0.0
-1.5473190774467898,9.375127276224642,9.375127276224642,0.0
-1.5471663455660174,9.140250412419036,9.140250412419036,0.0
-1.5470096468530772,8.906532682390148,8.906532682390148,0.0
-1.546848827759487,8.677893496657546,8.677893496657546,0.0
-1.5466837528482908,8.453236262180852,8.453236262180852,0.0
-1.546514250049343,8.230485265671225,8.230485265671225,0.0
-1.546340107105904,8.008819310151804,8.008819310151804,0.0
-1.546161132688745,7.7921274827384375,7.7921274827384375,0.0
-1.5459771080188638,7.5753560755041764,7.5753560755041764,0.0
-1.5457877619728762,7.360363062844385,7.360363062844385,0.0
-1.5455928321132135,7.147631937918884,7.147631937918884,0.0
-1.5453920093327354,6.93483003527677,6.93483003527677,0.0
-1.5451849878840052,6.72604426394305,6.72604426394305,0.0
-1.5449714413060451,6.517595768337094,6.517595768337094,0.0
-1.5447509701792885,6.31026178262108,6.31026178262108,0.0
-1.544523119025519,6.102345631666879,6.102345631666879,0.0
-1.5442874199233687,5.8971093586712495,5.8971093586712495,0.0
-1.5440433573617325,5.691413140496212,5.691413140496212,0.0
-1.5437903266850603,5.486610379053073,5.486610379053073,0.0
-1.5435276721780624,5.282111711567762,5.282111711567762,0.0
-1.5432546152943796,5.07670271492247,5.07670271492247,0.0
-1.542970245604514,4.870385185939948,4.870385185939948,0.0
-1.542673544714067,4.663671691403044,4.663671691403044,0.0
-1.5423633715158565,4.456685751966114,4.456685751966114,0.0
-1.5420383797371247,4.2483170186709005,4.2483170186709005,0.0
-1.541696860531118,4.036106807389682,4.036106807389682,0.0
-1.5413367777766538,3.8219085568591393,3.8219085568591393,0.0
-1.5409558845304316,3.6074471788929285,3.6074471788929285,0.0
-1.5405514081566172,3.389684814305028,3.389684814305028,0.0
-1.5401196142469216,3.166052383209157,3.166052383209157,0.0
-1.5396557629401153,2.938025703740126,2.938025703740126,0.0
-1.539153947811629,2.705931062019002,2.705931062019002,0.0
-1.5386062767924362,2.4676891020876286,2.4676891020876286,0.0
-1.5380016118337467,2.221291769784241,2.221291769784241,0.0
-1.5373236041026197,1.9646510855486885,1.9646510855486885,0.0
-1.5365476740035966,1.6985994649513372,1.6985994649513372,0.0
-1.5356332669124841,1.4186387253135755,1.4186387253135755,0.0
-1.5345024958679003,1.11755232575861,1.11755232575861,0.0
-1.532979620010436,0.7938927806242799,0.7938927806242799,0.0
-1.530444140461289,0.42967251921191696,0.42967251921191696,0.0
-1.5205292252199603,0.08547460120897298,0.08547460120897298,0.0
-1.50258543078267,0.07306793181430639,0.07306793181430639,0.0
-1.482976183633634,0.07114644787824789,0.07114644787824789,0.0
-1.463013723101143,0.07049407609753384,0.07049407609753384,0.0
-1.4429158388561898,0.07018971863684316,0.07018971863684316,0.0
-1.4227507455983708,0.07002472357959752,0.07002472357959752,0.0
-1.4025471642818124,0.06992248938298479,0.06992248938298479,0.0
-1.382318953031036,0.06985428209908995,0.06985428209908995,0.0
-1.362073858132123,0.06980590431208747,0.06980590431208747,0.0
-1.341816601513246,0.06977042747316858,0.06977042747316858,0.0
-1.3215503238776354,0.06974377154658472,0.06974377154658472,0.0
-1.3012771495067836,0.06972296412302122,0.06972296412302122,0.0
-1.2809985545737121,0.06970649028599347,0.06970649028599347,0.0
-1.2607156150563077,0.06969309782104079,0.06969309782104079,0.0
-1.2404291123707094,0.06968200541670806,0.06968200541670806,0.0
-1.220139635492247,0.06967266685321569,0.06967266685321569,0.0
-1.1998476499567863,0.06966477710234871,0.06966477710234871,0.0
-1.1795535177401493,0.06965792784901259,0.06965792784901259,0.0
-1.1592575343924503,0.06965206983824569,0.06965206983824569,0.0
-1.1389599482567094,0.0696469272530365,0.0696469272530365,0.0
-1.1186609514144168,0.06964238902192152,0.06964238902192152,0.0
-1.0983607078887077,0.0696383731521294,0.0696383731521294,0.0
-1.0780593566131231,0.0696347890980085,0.0696347890980085,0.0
-1.0577570153442706,0.06963158182377413,0.06963158182377413,0.0
-1.0374537842779339,0.06962868567817557,0.06962868567817557,0.0
-1.0171497444286224,0.06962603457640913,0.06962603457640913,0.0
-0.9968449657659475,0.06962361872208314,0.06962361872208314,0.0
-0.9765395121521299,0.06962140592582948,0.06962140592582948,0.0
-0.9562334431060566,0.06961939850566674,0.06961939850566674,0.0
-0.9359268105487539,0.06961754197439984,0.06961754197439984,0.0
-0.9156196558649274,0.06961581851771069,0.06961581851771069,0.0
-0.8953120160449861,0.06961421577841263,0.06961421577841263,0.0
-0.8750039259584663,0.06961273153689414,0.06961273153689414,0.0
-0.8546954169991817,0.06961134415366454,0.06961134415366454,0.0
-0.8343865171805448,0.06961005206780577,0.06961005206780577,0.0
-0.8140772515301418,0.06960883635067092,0.06960883635067092,0.0
-0.7937676423591695,0.06960769729191107,0.06960769729191107,0.0
-0.7734577099330062,0.06960662056351834,0.06960662056351834,0.0
-0.7531474720661293,0.06960560368083986,0.06960560368083986,0.0
-0.7328369441046212,0.06960463219905637,0.06960463219905637,0.0
-0.712526140774194,0.06960371630165127,0.06960371630165127,0.0
-0.6922150776203797,0.06960285141596434,0.06960285141596434,0.0
-0.6719037674445956,0.06960202329960542,0.06960202329960542,0.0
-0.6515922210240703,0.0696012323157904,0.0696012323157904,0.0
-0.6312804488237308,0.06960047595589268,0.06960047595589268,0.0
-0.610968461148414,0.06959975562659682,0.06959975562659682,0.0
-0.5906562683137282,0.06959906999056888,0.06959906999056888,0.0
-0.5703438784961181,0.0695984057216279,0.0695984057216279,0.0
-0.5500312990097156,0.06959777023331189,0.06959777023331189,0.0
-0.5297185373622452,0.069597157436012,0.069597157436012,0.0
-0.5094056003050036,0.06959656823310459,0.06959656823310459,0.0
-0.48909249546139144,0.06959600769474861,0.06959600769474861,0.0
-0.46877922921943715,0.0695954622832694,0.0695954622832694,0.0
-0.448465806435077,0.06959493503601208,0.06959493503601208,0.0
-0.42815223209605957,0.06959442381731372,0.06959442381731372,0.0
-0.407838511507836,0.0695939329381378,0.0695939329381378,0.0
-0.3875246494532101,0.06959345450494102,0.06959345450494102,0.0
-0.3672106497985315,0.06959299013051208,0.06959299013051208,0.0
-0.34689651634419505,0.0695925377491107,0.0695925377491107,0.0
-0.32658225359644033,0.06959210426153753,0.06959210426153753,0.0
-0.30626786555127716,0.06959167927008779,0.06959167927008779,0.0
-0.2859533549300569,0.06959126443817354,0.06959126443817354,0.0
-0.2656387248402432,0.06959086074709406,0.06959086074709406,0.0
-0.2453239780355674,0.06959046479131525,0.06959046479131525,0.0
-0.2250091173835168,0.0695900807550401,0.0695900807550401,0.0
-0.20469414558341437,0.06958970330134708,0.06958970330134708,0.0
-0.18437906551665406,0.06958933901385911,0.06958933901385911,0.0
-0.16406387961772723,0.06958897824669913,0.06958897824669913,0.0
-0.1437485899759651,0.06958862828048462,0.06958862828048462,0.0
-0.12343319913600376,0.0695882849534253,0.0695882849534253,0.0
-0.10311770929659148,0.06958795005717136,0.06958795005717136,0.0
-0.0828021224358835,0.06958762028844476,0.06958762028844476,0.0
-0.062486440092904445,0.06958729594180225,0.06958729594180225,0.0
-0.04217066398783828,0.06958697796342855,0.06958697796342855,0.0
-0.021854795835258487,0.06958666536838677,0.06958666536838677,0.0
-0.0015388368892869288,0.06958635598700853,0.06958635598700853,0.0
0.01877721138655515,0.069586053423169,0.069586053423169,0.0
0.03909334738370617,0.06958575506632694,0.06958575506632694,0.0
0.059409569886094596,0.06958546083807161,0.06958546083807161,0.0
0.07972587733600285,0.06958517315693183,0.06958517315693183,0.0
0.08988405205898765,0,0,0
