omega,S,S_edge,S_cont,Sr,Sr_edge,Sr_cont
-1.692499999999999,0.0,0.0,0.0
-1.6875,0.00014137166941154068,0.00014137166941154068,0.0
-1.6824999999999992,0.5854483573670682,0.5854483573670682,0.0
-1.6775000000000002,1.3348124530278367,1.3348124530278367,0.0
-1.6724999999999994,1.6262548619087034,1.6262548619087034,0.0
-1.6675000000000004,1.8664830273507487,1.8664830273507487,0.0
-1.6624999999999996,1.5387080994311175,1.5387080994311175,0.0
-1.6575000000000006,0.5796332693652779,0.5796332693652779,0.0
-1.6524999999999999,0.2901700638561677,0.2901700638561677,0.0
-1.647499999999999,0.3047219210275957,0.3047219210275957,0.0
-1.6425,0.20716604435567176,0.20716604435567176,0.0
-1.6374999999999993,0.3057680713812412,0.3057680713812412,0.0
-1.6325000000000003,0.20194471736540562,0.20194471736540562,0.0
-1.6274999999999995,0.2925074087904386,0.2925074087904386,0.0
-1.6225000000000005,0.22564803393674057,0.22564803393674057,0.0
-1.6174999999999997,0.2726022777372937,0.2726022777372937,0.0
-1.6125000000000007,0.23669387370676234,0.23669387370676234,0.0
-1.6075,0.2576451551135527,0.2576451551135527,0.0
-1.6024999999999991,0.2455154658780425,0.2455154658780425,0.0
-1.5975000000000001,0.2528290935755995,0.2528290935755995,0.0
-1.5924999999999994,0.26461006602656123,0.26461006602656123,0.0
-1.5875000000000004,0.22935197167532295,0.22935197167532295,0.0
-1.5824999999999996,0.2800761266601838,0.2800761266601838,0.0
-1.5775000000000006,0.20731684080304413,0.20731684080304413,0.0
-1.5724999999999998,0.28747457735938775,0.28747457735938775,0.0
-1.567499999999999,0.2008043192321525,0.2008043192321525,0.0
-1.5625,0.28848302860119013,0.28848302860119013,0.0
-1.5574999999999992,0.20066294756274097,0.20066294756274097,0.0
-1.5525000000000002,0.2988314348021149,0.2988314348021149,0.0
-1.5474999999999994,0.19691188593435474,0.19691188593435474,0.0
-1.5425000000000004,0.29065072753216703,0.29065072753216703,0.0
-1.5374999999999996,0.20989922996429497,0.20989922996429497,0.0
-1.5325000000000006,0.27178232205470665,0.27178232205470665,0.0
-1.5274999999999999,0.22627006928215135,0.22627006928215135,0.0
-1.522499999999999,0.2743270121041144,0.2743270121041144,0.0
-1.5175,0.23462984733335382,0.23462984733335382,0.0
-1.5124999999999993,0.25347940325489254,0.25347940325489254,0.0
-1.5075000000000003,0.24483688186486707,0.24483688186486707,0.0
-1.5024999999999995,0.25225418211999256,0.25225418211999256,0.0
-1.4975000000000005,0.2805756398921045,0.2805756398921045,0.0
-1.4924999999999997,0.2122554244544873,0.2122554244544873,0.0
-1.4875000000000007,0.27754086138873685,0.27754086138873685,0.0
-1.4825,0.2095128140679034,0.2095128140679034,0.0
-1.4774999999999991,0.27849276396277445,0.27849276396277445,0.0
-1.4725000000000001,0.20818392037543496,0.20818392037543496,0.0
-1.4674999999999994,0.28163121502371063,0.28163121502371063,0.0
-1.4625000000000004,0.20718489391159337,0.20718489391159337,0.0
-1.4574999999999996,0.2933556388069078,0.2933556388069078,0.0
-1.4525000000000006,0.20508316842634183,0.20508316842634183,0.0
-1.4474999999999998,0.2786906842999506,0.2786906842999506,0.0
-1.442499999999999,0.2111527254330773,0.2111527254330773,0.0
-1.4375,0.27485479966991744,0.27485479966991744,0.0
-1.4324999999999992,0.2145362207209935,0.2145362207209935,0.0
-1.4275000000000002,0.27315833963697894,0.27315833963697894,0.0
-1.4224999999999994,0.2292765734516368,0.2292765734516368,0.0
-1.4175000000000004,0.27120741059909975,0.27120741059909975,0.0
-1.4124999999999996,0.22962529023618528,0.22962529023618528,0.0
-1.4075000000000006,0.26364873867456273,0.26364873867456273,0.0
-1.4024999999999999,0.28144271946449523,0.28144271946449523,0.0
-1.397499999999999,0.214555070276915,0.214555070276915,0.0
-1.3925,0.27837024184928433,0.27837024184928433,0.0
-1.3874999999999993,0.21384821192985734,0.21384821192985734,0.0
-1.3825000000000003,0.26610860572232337,0.26610860572232337,0.0
-1.3774999999999995,0.21899414069643736,0.21899414069643736,0.0
-1.3725000000000005,0.2683705524329081,0.2683705524329081,0.0
-1.3674999999999997,0.2198800698247497,0.2198800698247497,0.0
-1.362499999999999,0.2700010390201212,0.2700010390201212,0.0
-1.3575,0.22966298934802828,0.22966298934802828,0.0
-1.3524999999999991,0.2718954193902357,0.2718954193902357,0.0
-1.3475000000000001,0.22099219362412048,0.22099219362412048,0.0
-1.3424999999999994,0.2638655085676603,0.2638655085676603,0.0
-1.3375000000000004,0.2183532557951051,0.2183532557951051,0.0
-1.3324999999999996,0.26796528698059496,0.26796528698059496,0.0
-1.3275000000000006,0.21756157444640045,0.21756157444640045,0.0
-1.3224999999999998,0.276588958814699,0.276588958814699,0.0
-1.317499999999999,0.21893759202867277,0.21893759202867277,0.0
-1.3125,0.2788886046371267,0.2788886046371267,0.0
-1.3074999999999992,0.2651095792584819,0.2651095792584819,0.0
-1.3025000000000002,0.23405493587774687,0.23405493587774687,0.0
-1.2974999999999994,0.26857789754804506,0.26857789754804506,0.0
-1.2925000000000004,0.22458303402717358,0.22458303402717358,0.0
-1.2874999999999996,0.26674006584569493,0.26674006584569493,0.0
-1.2825000000000006,0.22136918474255127,0.22136918474255127,0.0
-1.2774999999999999,0.2584274116842964,0.2584274116842964,0.0
-1.272499999999999,0.23274489174119986,0.23274489174119986,0.0
-1.2675,0.25416741204602866,0.25416741204602866,0.0
-1.2624999999999993,0.24335719172502626,0.24335719172502626,0.0
-1.2575000000000003,0.24562856321357157,0.24562856321357157,0.0
-1.2524999999999995,0.2474758196938824,0.2474758196938824,0.0
-1.2475000000000005,0.25767342944743477,0.25767342944743477,0.0
-1.2424999999999997,0.22908807789242144,0.22908807789242144,0.0
-1.237499999999999,0.25701369499018106,0.25701369499018106,0.0
-1.2325,0.23048294503061525,0.23048294503061525,0.0
-1.2274999999999991,0.25764515511355257,0.25764515511355257,0.0
-1.2225000000000001,0.22323529077878357,0.22323529077878357,0.0
-1.2174999999999994,0.2755993571288182,0.2755993571288182,0.0
-1.2125000000000004,0.2526123236825018,0.2526123236825018,0.0
-1.2074999999999996,0.24120834234997085,0.24120834234997085,0.0
-1.2025000000000006,0.2595395354836672,0.2595395354836672,0.0
-1.1974999999999998,0.23809816562291694,0.23809816562291694,0.0
-1.192499999999999,0.2587290045790411,0.2587290045790411,0.0
-1.1875,0.2393516610916992,0.2393516610916992,0.0
-1.1824999999999992,0.2554868809605364,0.2554868809605364,0.0
-1.1775000000000002,0.2348183428925692,0.2348183428925692,0.0
-1.1724999999999994,0.248474846157724,0.248474846157724,0.0
-1.1675000000000004,0.24134028924142156,0.24134028924142156,0.0
-1.1624999999999996,0.2404355105571877,0.2404355105571877,0.0
-1.1575000000000006,0.2631680749985635,0.2631680749985635,0.0
-1.1524999999999999,0.2275424143068552,0.2275424143068552,0.0
-1.147499999999999,0.26406342890483653,0.26406342890483653,0.0
-1.1425,0.24173612991577387,0.24173612991577387,0.0
-1.1374999999999993,0.24498767831223933,0.24498767831223933,0.0
-1.1325000000000003,0.24462011197176922,0.24462011197176922,0.0
-1.1274999999999995,0.2394364840933462,0.2394364840933462,0.0
-1.1225000000000005,0.25065196986666166,0.25065196986666166,0.0
-1.1174999999999997,0.27468515366662366,0.27468515366662366,0.0
-1.112499999999999,0.22678843206999366,0.22678843206999366,0.0
-1.1075,0.2573341374408472,0.2573341374408472,0.0
-1.1024999999999991,0.23802276739923073,0.23802276739923073,0.0
-1.0975000000000001,0.2406428556723246,0.2406428556723246,0.0
-1.0924999999999994,0.263922057235425,0.263922057235425,0.0
-1.0875000000000004,0.22691095418348362,0.22691095418348362,0.0
-1.0824999999999996,0.2671453312980081,0.2671453312980081,0.0
-1.0775000000000006,0.23204745817210287,0.23204745817210287,0.0
-1.0724999999999998,0.26069878317284184,0.26069878317284184,0.0
-1.067499999999999,0.23219825461947527,0.23219825461947527,0.0
-1.0625,0.2711697114872567,0.2711697114872567,0.0
-1.0574999999999992,0.2115485661074295,0.2115485661074295,0.0
-1.0525000000000002,0.2839025865122561,0.2839025865122561,0.0
-1.0474999999999994,0.206544009010261,0.206544009010261,0.0
-1.0425000000000004,0.28026462221939913,0.28026462221939913,0.0
-1.0374999999999996,0.2158745391914227,0.2158745391914227,0.0
-1.0325000000000006,0.27015183546749355,0.27015183546749355,0.0
-1.0274999999999999,0.2323490510668475,0.2323490510668475,0.0
-1.022499999999999,0.2887374976061308,0.2887374976061308,0.0
-1.0175,0.20339613317136396,0.20339613317136396,0.0
-1.0124999999999993,0.2868336924580553,0.2868336924580553,0.0
-1.0075000000000003,0.2181647602358896,0.2181647602358896,0.0
-1.0024999999999995,0.25310241213646173,0.25310241213646173,0.0
-0.9975000000000005,0.2506708194225833,0.2506708194225833,0.0
-0.9924999999999997,0.22056807861588582,0.22056807861588582,0.0
-0.9874999999999989,0.27938811786904755,0.27938811786904755,0.0
-0.9824999999999999,0.20611989400202632,0.20611989400202632,0.0
-0.9774999999999991,0.286315329670213,0.286315329670213,0.0
-0.9725000000000001,0.20904157516986485,0.20904157516986485,0.0
-0.9674999999999994,0.2854105509859792,0.2854105509859792,0.0
-0.9625000000000004,0.21812706112404656,0.21812706112404656,0.0
-0.9574999999999996,0.28802121448111234,0.28802121448111234,0.0
-0.9525000000000006,0.1949892312303577,0.1949892312303577,0.0
-0.9474999999999998,0.29780413400439093,0.29780413400439093,0.0
-0.942499999999999,0.1933775941990661,0.1933775941990661,0.0
-0.9375,0.2981340012330178,0.2981340012330178,0.0
-0.9324999999999992,0.1958940099145916,0.1958940099145916,0.0
-0.9275000000000002,0.31849152162827965,0.31849152162827965,0.0
-0.9224999999999994,0.19018259447036528,0.19018259447036528,0.0
-0.9175000000000004,0.3084164339882172,0.3084164339882172,0.0
-0.9124999999999996,0.1847916214768052,0.1847916214768052,0.0
-0.9075000000000006,0.28664519689884,0.28664519689884,0.0
-0.9024999999999999,0.22165192808137427,0.22165192808137427,0.0
-0.8974999999999991,0.24958696995709476,0.24958696995709476,0.0
-0.8925000000000001,0.2575414825559841,0.2575414825559841,0.0
-0.8874999999999993,0.21369741548248494,0.21369741548248494,0.0
-0.8825000000000003,0.28771019680840687,0.28771019680840687,0.0
-0.8774999999999995,0.1835287012300621,0.1835287012300621,0.0
-0.8725000000000005,0.3105464338073511,0.3105464338073511,0.0
-0.8674999999999997,0.1834815773402583,0.1834815773402583,0.0
-0.8624999999999989,0.32710576868442287,0.32710576868442287,0.0
-0.8574999999999999,0.17451861349956657,0.17451861349956657,0.0
-0.8524999999999991,0.32239337970403814,0.32239337970403814,0.0
-0.8475000000000001,0.17369865781697963,0.17369865781697963,0.0
-0.8424999999999994,0.3181993535114958,0.3181993535114958,0.0
-0.8375000000000004,0.16826056093361572,0.16826056093361572,0.0
-0.8324999999999996,0.3368509890958583,0.3368509890958583,0.0
-0.8275000000000006,0.1644246763035826,0.1644246763035826,0.0
-0.8224999999999998,0.34705802362737154,0.34705802362737154,0.0
-0.817499999999999,0.16229467648444867,0.16229467648444867,0.0
-0.8125,0.30983957546029334,0.30983957546029334,0.0
-0.8074999999999992,0.18483874536660905,0.18483874536660905,0.0
-0.8025000000000002,0.2864001526718599,0.2864001526718599,0.0
-0.7974999999999994,0.2258082551620735,0.2258082551620735,0.0
-0.7925000000000004,0.24543064287639543,0.24543064287639543,0.0
-0.7874999999999996,0.26181090697221254,0.26181090697221254,0.0
-0.7825000000000006,0.20942799106625637,0.20942799106625637,0.0
-0.7774999999999999,0.2953348421786693,0.2953348421786693,0.0
-0.7724999999999991,0.17590405585979965,0.17590405585979965,0.0
-0.7675000000000001,0.3232416097205074,0.3232416097205074,0.0
-0.7624999999999993,0.14970317312886075,0.14970317312886075,0.0
-0.7575000000000003,0.366001827328518,0.366001827328518,0.0
-0.7524999999999995,0.13618804153311745,0.13618804153311745,0.0
-0.7475000000000005,0.35661474847959174,0.35661474847959174,0.0
-0.7424999999999997,0.1525777304068954,0.1525777304068954,0.0
-0.7374999999999989,0.34189324530487,0.34189324530487,0.0
-0.7324999999999999,0.14448184613859452,0.14448184613859452,0.0
-0.7274999999999991,0.38338111788817664,0.38338111788817664,0.0
-0.7225000000000001,0.11502941501119032,0.11502941501119032,0.0
-0.7174999999999994,0.3583206332904908,0.3583206332904908,0.0
-0.7125000000000004,0.15904312808798318,0.15904312808798318,0.0
-0.7074999999999996,0.31219576995048565,0.31219576995048565,0.0
-0.7025000000000006,0.18496126748009897,0.18496126748009897,0.0
-0.6974999999999998,0.2862776305583698,0.2862776305583698,0.0
-0.692499999999999,0.22959701590230278,0.22959701590230278,0.0
-0.6875,0.241641882136166,0.241641882136166,0.0
-0.6824999999999992,0.27423276432450655,0.27423276432450655,0.0
-0.6775000000000002,0.19700613371396222,0.19700613371396222,0.0
-0.6724999999999994,0.3065503279519848,0.3065503279519848,0.0
-0.6675000000000004,0.16468857008648402,0.16468857008648402,0.0
-0.6624999999999996,0.3503849702475232,0.3503849702475232,0.0
-0.6575000000000006,0.1208539277909456,0.1208539277909456,0.0
-0.6524999999999999,0.3804877110542205,0.3804877110542205,0.0
-0.6474999999999991,0.10060950473121297,0.10060950473121297,0.0
-0.6425000000000001,0.39482279833255074,0.39482279833255074,0.0
-0.6374999999999993,0.11739503427934321,0.11739503427934321,0.0
-0.6325000000000003,0.41645266375251627,0.41645266375251627,0.0
-0.6274999999999995,0.08375800173735748,0.08375800173735748,0.0
-0.6225000000000005,0.3914298782666735,0.3914298782666735,0.0
-0.6174999999999997,0.10544441582508784,0.10544441582508784,0.0
-0.6124999999999989,0.3657944822133808,0.3657944822133808,0.0
-0.6074999999999999,0.15558423457638076,0.15558423457638076,0.0
-0.6024999999999991,0.3156546634620878,0.3156546634620878,0.0
-0.5975000000000001,0.1849612674800989,0.1849612674800989,0.0
-0.5924999999999994,0.28627763055836963,0.28627763055836963,0.0
-0.5875000000000004,0.2330464846359443,0.2330464846359443,0.0
-0.5824999999999996,0.23819241340252428,0.23819241340252428,0.0
-0.5775000000000006,0.2835350201717858,0.2835350201717858,0.0
-0.5724999999999998,0.18770387786668272,0.18770387786668272,0.0
-0.567499999999999,0.3201879816612179,0.3201879816612179,0.0
-0.5625,0.15105091637725057,0.15105091637725057,0.0
-0.5574999999999992,0.37356049925305485,0.37356049925305485,0.0
-0.5525000000000002,0.09767839878541358,0.09767839878541358,0.0
-0.5474999999999994,0.4007792580037568,0.4007792580037568,0.0
-0.5425000000000004,0.0704596400347116,0.0704596400347116,0.0
-0.5374999999999996,0.46500911980639986,0.46500911980639986,0.0
-0.5325000000000006,0.02278911310914037,0.02278911310914037,0.0
-0.5274999999999999,0.4546795631613965,0.4546795631613965,0.0
-0.5224999999999991,0.06887627733730257,0.06887627733730257,0.0
-0.5175000000000001,0.40236262070116574,0.40236262070116574,0.0
-0.5124999999999993,0.09231570012573603,0.09231570012573603,0.0
-0.5075000000000003,0.3789231979127322,0.3789231979127322,0.0
-0.5024999999999995,0.1490999873393713,0.1490999873393713,0.0
-0.4975000000000005,0.32213891069909695,0.32213891069909695,0.0
-0.4924999999999997,0.1848010462547657,0.1848010462547657,0.0
-0.48749999999999893,0.28643785178370246,0.28643785178370246,0.0
-0.48249999999999993,0.24809785503929274,0.24809785503929274,0.0
-0.47749999999999915,0.2231410429991754,0.2231410429991754,0.0
-0.47250000000000014,0.2964940898678435,0.2964940898678435,0.0
-0.46749999999999936,0.17474480817062468,0.17474480817062468,0.0
-0.46250000000000036,0.3522793506176373,0.3522793506176373,0.0
-0.4574999999999996,0.11895954742083074,0.11895954742083074,0.0
-0.45250000000000057,0.3927116480693378,0.3927116480693378,0.0
-0.4474999999999998,0.07852724996913009,0.07852724996913009,0.0
-0.442499999999999,0.462897969543187,0.462897969543187,0.0
-0.4375,0.008340928495280906,0.008340928495280906,0.0
-0.4324999999999992,0.4712388980384679,0.4712388980384679,0.0
-0.4275000000000002,0.0,0.0,0.0
-0.42249999999999943,0.47123889803846786,0.47123889803846786,0.0
-0.4175000000000004,0.033439112204809725,0.033439112204809725,0.0
-0.41249999999999964,0.43779978583365803,0.43779978583365803,0.0
-0.40750000000000064,0.08199556825869346,0.08199556825869346,0.0
-0.40249999999999986,0.38924332977977427,0.38924332977977427,0.0
-0.3974999999999991,0.12461441419729258,0.12461441419729258,0.0
-0.39250000000000007,0.34662448384117506,0.34662448384117506,0.0
-0.3874999999999993,0.1844429046922563,0.1844429046922563,0.0
-0.3825000000000003,0.2867959933462113,0.2867959933462113,0.0
-0.3774999999999995,0.25796559756421794,0.25796559756421794,0.0
-0.3725000000000005,0.21327330047424958,0.21327330047424958,0.0
-0.3674999999999997,0.31612590236012567,0.31612590236012567,0.0
-0.36249999999999893,0.1551129956783418,0.1551129956783418,0.0
-0.35749999999999993,0.3794227111446526,0.3794227111446526,0.0
-0.35249999999999915,0.09181618689381481,0.09181618689381481,0.0
-0.34750000000000014,0.4580819080052334,0.4580819080052334,0.0
-0.34249999999999936,0.013156990033234058,0.013156990033234058,0.0
-0.33750000000000036,0.47123889803846725,0.47123889803846725,0.0
-0.3324999999999996,0.0,0.0,0.0
-0.32750000000000057,0.47123889803846725,0.47123889803846725,0.0
-0.3224999999999998,0.0,0.0,0.0
-0.317499999999999,0.47123889803846725,0.47123889803846725,0.0
-0.3125,0.0,0.0,0.0
-0.3074999999999992,0.4712388980384671,0.4712388980384671,0.0
-0.3025000000000002,0.057990658792613746,0.057990658792613746,0.0
-0.29749999999999943,0.41324823924585324,0.41324823924585324,0.0
-0.2925000000000004,0.10706547763433982,0.10706547763433982,0.0
-0.28749999999999964,0.36417342040412704,0.36417342040412704,0.0
-0.28250000000000064,0.18301976322017982,0.18301976322017982,0.0
-0.27749999999999986,0.288219134818287,0.288219134818287,0.0
-0.2724999999999991,0.27481710055807307,0.27481710055807307,0.0
-0.26750000000000007,0.19642179748039365,0.19642179748039365,0.0
-0.2624999999999993,0.35551204945818,0.35551204945818,0.0
-0.2575000000000003,0.11572684858028658,0.11572684858028658,0.0
-0.2524999999999995,0.4177721326670225,0.4177721326670225,0.0
-0.2475000000000005,0.053466765371444146,0.053466765371444146,0.0
-0.24249999999999972,0.47123889803846647,0.47123889803846647,0.0
-0.23749999999999893,0.0,0.0,0.0
-0.23249999999999993,0.47123889803846636,0.47123889803846636,0.0
-0.22749999999999915,0.0,0.0,0.0
-0.22250000000000014,0.4712388980384663,0.4712388980384663,0.0
-0.21749999999999936,0.0,0.0,0.0
-0.21250000000000036,0.4712388980384662,0.4712388980384662,0.0
-0.20749999999999957,0.0,0.0,0.0
-0.20250000000000057,0.471238898038466,0.471238898038466,0.0
-0.1974999999999998,5.654866776461629e-5,5.654866776461629e-5,0.0
-0.192499999999999,0.4711823493707013,0.4711823493707013,0.0
-0.1875,0.08345640884261236,0.08345640884261236,0.0
-0.18249999999999922,0.3877824891958535,0.3877824891958535,0.0
-0.1775000000000002,0.17839219724144173,0.17839219724144173,0.0
-0.17249999999999943,0.292846700797024,0.292846700797024,0.0
-0.16750000000000043,0.2963998420882341,0.2963998420882341,0.0
-0.16249999999999964,0.17483905595023144,0.17483905595023144,0.0
-0.15750000000000064,0.3984513378474443,0.3984513378474443,0.0
-0.15249999999999986,0.07278756019102116,0.07278756019102116,0.0
-0.14749999999999908,0.4712388980384653,0.4712388980384653,0.0
-0.14250000000000007,0.0,0.0,0.0
-0.1374999999999993,0.47123889803846514,0.47123889803846514,0.0
-0.13250000000000028,0.0,0.0,0.0
-0.1274999999999995,0.47123889803846497,0.47123889803846497,0.0
-0.1225000000000005,0.0,0.0,0.0
-0.11749999999999972,0.4712388980384648,0.4712388980384648,0.0
-0.11249999999999893,0.0,0.0,0.0
-0.10749999999999993,0.47123889803846464,0.47123889803846464,0.0
-0.10249999999999915,0.0,0.0,0.0
-0.09750000000000014,0.47123889803846447,0.47123889803846447,0.0
-0.09249999999999936,0.0,0.0,0.0
-0.08750000000000036,0.4712388980384643,0.4712388980384643,0.0
-0.08249999999999957,0.022101104318003998,0.022101104318003998,0.0
-0.07750000000000057,0.44913779372046014,0.44913779372046014,0.0
-0.07249999999999979,0.17236976412450966,0.17236976412450966,0.0
-0.067499999999999,0.29886913391395453,0.29886913391395453,0.0
-0.0625,0.35933850931025013,0.35933850931025013,0.0
-0.05749999999999922,0.11190038872821374,0.11190038872821374,0.0
-0.05250000000000021,0.4712388980384643,0.4712388980384643,0.0
-0.04749999999999943,0.0,0.0,0.0
-0.042500000000000426,0.4712388980384637,0.4712388980384637,0.0
-0.037499999999999645,0.0,0.0,0.0
-0.03250000000000064,0.4712388980384643,0.4712388980384643,0.0
-0.027499999999999858,0.0,0.0,0.0
-0.022499999999999076,0.4712388980384636,0.4712388980384636,0.0
-0.01750000000000007,0.0,0.0,0.0
-0.01249999999999929,0.47123889803846447,0.47123889803846447,0.0
-0.007500000000000284,0.0,0.0,0.0
-0.0024999999999995026,0.4712388980384641,0.4712388980384641,0.0
0.0024999999999995026,0.0,0.0,0.0
0.007500000000000284,0.47123889803846464,0.47123889803846464,0.0
0.012500000000001066,0.0,0.0,0.0
0.01750000000000007,0.47123889803846547,0.47123889803846547,0.0
0.022500000000000853,0.0,0.0,0.0
0.027499999999999858,0.47123889803846586,0.47123889803846586,0.0
0.03250000000000064,0.11098618526601853,0.11098618526601853,0.0
0.037499999999999645,0.3602527127724485,0.3602527127724485,0.0
0.042500000000000426,0.471238898038468,0.471238898038468,0.0
0.04749999999999943,0.0,0.0,0.0
0.05250000000000021,0.4712388980384733,0.4712388980384733,0.0
0.057500000000000995,0.0,0.0,0.0
0.0625,0.4712388980384792,0.4712388980384792,0.0
0.06750000000000078,0.0,0.0,0.0
0.07249999999999979,0.4712388980384853,0.4712388980384853,0.0
0.07750000000000057,0.0,0.0,0.0
0.08249999999999957,0.471238898038464,0.471238898038464,0.0
0.08750000000000036,0.0,0.0,0.0
0.09249999999999936,0.47123889803850316,0.47123889803850316,0.0
