omega,S,S_edge,S_cont,Sr,Sr_edge,Sr_cont
-1.6174999999999997,0.0,0.0,0.0
-1.6125000000000007,0.010583083172147944,0.010583083172147944,0.0
-1.6075,0.0696048126736697,0.0696048126736697,0.0
-1.6024999999999991,0.24265881567813313,0.24265881567813313,0.0
-1.5975000000000001,0.510620332747544,0.510620332747544,0.0
-1.5924999999999994,0.8085941127552289,0.8085941127552289,0.0
-1.5875000000000004,0.9330662128053142,0.9330662128053142,0.0
-1.5824999999999996,0.8379079996466101,0.8379079996466101,0.0
-1.5775000000000006,0.7073474930338678,0.7073474930338678,0.0
-1.5724999999999998,0.6226828276566843,0.6226828276566843,0.0
-1.567499999999999,0.5325027822168583,0.5325027822168583,0.0
-1.5625,0.5695346197803135,0.5695346197803135,0.0
-1.5574999999999992,0.42973406085483307,0.42973406085483307,0.0
-1.5525000000000002,0.5797774684680777,0.5797774684680777,0.0
-1.5474999999999994,0.34077169672753854,0.34077169672753854,0.0
-1.5425000000000004,0.6026627143124179,0.6026627143124179,0.0
-1.5374999999999996,0.2814813610541344,0.2814813610541344,0.0
-1.5325000000000006,0.6135860319689497,0.6135860319689497,0.0
-1.5274999999999999,0.26529336242871693,0.26529336242871693,0.0
-1.522499999999999,0.5676722836552656,0.5676722836552656,0.0
-1.5175,0.3183520349144604,0.3183520349144604,0.0
-1.5124999999999993,0.4333154764799254,0.4333154764799254,0.0
-1.5075000000000003,0.45637979310552024,0.45637979310552024,0.0
-1.5024999999999995,0.2426409086000078,0.2426409086000078,0.0
-1.4975000000000005,0.6431685250322126,0.6431685250322126,0.0
-1.4924999999999997,0.09026958083045306,0.09026958083045306,0.0
-1.4875000000000007,0.7698790098479805,0.7698790098479805,0.0
-1.4825,0.06265686636099091,0.06265686636099091,0.0
-1.4774999999999991,0.6767084823612026,0.6767084823612026,0.0
-1.4725000000000001,0.2109095661616894,0.2109095661616894,0.0
-1.4674999999999994,0.3519098993215759,0.3519098993215759,0.0
-1.4625000000000004,0.5408295735451983,0.5408295735451983,0.0
-1.4574999999999996,0.07044644534556682,0.07044644534556682,0.0
-1.4525000000000006,0.798243821598712,0.798243821598712,0.0
-1.4474999999999998,0.03187459906332204,0.03187459906332204,0.0
-1.442499999999999,0.6541992851574971,0.6541992851574971,0.0
-1.4375,0.23850437355302606,0.23850437355302606,0.0
-1.4324999999999992,0.21882449469314358,0.21882449469314358,0.0
-1.4275000000000002,0.6748461462361547,0.6748461462361547,0.0
-1.4224999999999994,0.016098463234790177,0.016098463234790177,0.0
-1.4175000000000004,0.7895051674734869,0.7895051674734869,0.0
-1.4124999999999996,0.09170214708049002,0.09170214708049002,0.0
-1.4075000000000006,0.3740967691190231,0.3740967691190231,0.0
-1.4024999999999999,0.5208989955915593,0.5208989955915593,0.0
-1.397499999999999,0.03509787312590517,0.03509787312590517,0.0
-1.3925,0.8245314122868899,0.8245314122868899,0.0
-1.3874999999999993,0.03660206768844397,0.03660206768844397,0.0
-1.3825000000000003,0.4679835797308196,0.4679835797308196,0.0
-1.3774999999999995,0.42658241510475176,0.42658241510475176,0.0
-1.3725000000000005,0.04842073925124877,0.04842073925124877,0.0
-1.3674999999999997,0.829760279099525,0.829760279099525,0.0
-1.362499999999999,0.018032427672340055,0.018032427672340055,0.0
-1.3575,0.49649164810655483,0.49649164810655483,0.0
-1.3524999999999991,0.3980027184165147,0.3980027184165147,0.0
-1.3475000000000001,0.046647938516828046,0.046647938516828046,0.0
-1.3424999999999994,0.8346668185059016,0.8346668185059016,0.0
-1.3375000000000004,0.014737525297255078,0.014737525297255078,0.0
-1.3324999999999996,0.46271889876193384,0.46271889876193384,0.0
-1.3275000000000006,0.43193663146426486,0.43193663146426486,0.0
-1.3224999999999998,0.034453218313388545,0.034453218313388545,0.0
-1.317499999999999,0.8398777782404108,0.8398777782404108,0.0
-1.3125,0.02114825926617041,0.02114825926617041,0.0
-1.3074999999999992,0.3777856272128683,0.3777856272128683,0.0
-1.3025000000000002,0.5174429295133451,0.5174429295133451,0.0
-1.2974999999999994,0.01790707812546182,0.01790707812546182,0.0
-1.2925000000000004,0.8312644736620639,0.8312644736620639,0.0
-1.2874999999999996,0.04618235448556605,0.04618235448556605,0.0
-1.2825000000000006,0.2515944476627387,0.2515944476627387,0.0
-1.2774999999999999,0.6437415515322275,0.6437415515322275,0.0
-1.272499999999999,0.007109110015808343,0.007109110015808343,0.0
-1.2675,0.7709355274573829,0.7709355274573829,0.0
-1.2624999999999993,0.11732717587802591,0.11732717587802591,0.0
-1.2575000000000003,0.12284255594066813,0.12284255594066813,0.0
-1.2524999999999995,0.7720278592230362,0.7720278592230362,0.0
-1.2475000000000005,0.0024711767813137314,0.0024711767813137314,0.0
-1.2424999999999997,0.6272491325786771,0.6272491325786771,0.0
-1.237499999999999,0.26611708802248824,0.26611708802248824,0.0
-1.2325,0.04320977951673938,0.04320977951673938,0.0
-1.2274999999999991,0.8484015474281308,0.8484015474281308,0.0
-1.2225000000000001,0.0039037430313506776,0.0039037430313506776,0.0
-1.2174999999999994,0.38827917499438885,0.38827917499438885,0.0
-1.2125000000000004,0.5069135675755735,0.5069135675755735,0.0
-1.2074999999999996,0.009562379718996613,0.009562379718996613,0.0
-1.2025000000000006,0.8391614951153925,0.8391614951153925,0.0
-1.1974999999999998,0.0466300314387026,0.0466300314387026,0.0
-1.192499999999999,0.1589432254415992,0.1589432254415992,0.0
-1.1875,0.7364106808314925,0.7364106808314925,0.0
-1.1824999999999992,0.0017369865781697968,0.0017369865781697968,0.0
-1.1775000000000002,0.666984938939077,0.666984938939077,0.0
-1.1724999999999994,0.22663198075584495,0.22663198075584495,0.0
-1.1675000000000004,0.03404135551650293,0.03404135551650293,0.0
-1.1624999999999996,0.8593069580065369,0.8593069580065369,0.0
-1.1575000000000006,0.0020593139844281095,0.0020593139844281095,0.0
-1.1524999999999999,0.339428665868129,0.339428665868129,0.0
-1.147499999999999,0.5558715191705863,0.5558715191705863,0.0
-1.1425,0.004011185500103447,0.004011185500103447,0.0
-1.1374999999999993,0.8272353810838348,0.8272353810838348,0.0
-1.1325000000000003,0.06410733968915334,0.06410733968915334,0.0
-1.1274999999999995,0.08706421384599541,0.08706421384599541,0.0
-1.1225000000000005,0.8082896924270965,0.8082896924270965,0.0
-1.1174999999999997,0.00014325662500369458,0.00014325662500369458,0.0
-1.112499999999999,0.5279185702167402,0.5279185702167402,0.0
-1.1075,0.3672920794313477,0.3672920794313477,0.0
-1.1024999999999991,0.007503065734568502,0.007503065734568502,0.0
-1.0975000000000001,0.8750293726006926,0.8750293726006926,0.0
-1.0924999999999994,0.012821467937830665,0.012821467937830665,0.0
-1.0875000000000004,0.15772554412906778,0.15772554412906778,0.0
-1.0824999999999996,0.7376283621440239,0.7376283621440239,0.0
-1.0775000000000006,0.00039395571876016004,0.00039395571876016004,0.0
-1.0724999999999998,0.667414708814088,0.667414708814088,0.0
-1.067499999999999,0.2275452417402435,0.2275452417402435,0.0
-1.0625,0.012624490078450585,0.012624490078450585,0.0
-1.0574999999999992,0.8809566154602207,0.8809566154602207,0.0
-1.0525000000000002,0.0017728007344207201,0.0017728007344207201,0.0
-1.0474999999999994,0.2224954457088632,0.2224954457088632,0.0
-1.0425000000000004,0.6728584605642284,0.6728584605642284,0.0
-1.0374999999999996,0.0005730265000147783,0.0005730265000147783,0.0
-1.0325000000000006,0.7486054010349319,0.7486054010349319,0.0
-1.0274999999999999,0.14617547873814493,0.14617547873814493,0.0
-1.022499999999999,0.01618799862541749,0.01618799862541749,0.0
-1.0175,0.8789510227101687,0.8789510227101687,0.0
-1.0124999999999993,0.00021488493750554185,0.00021488493750554185,0.0
-1.0075000000000003,0.2650784774912115,0.2650784774912115,0.0
-1.0024999999999995,0.63027542878188,0.63027542878188,0.0
-0.9975000000000005,0.0004118627968856219,0.0004118627968856219,0.0
-0.9924999999999997,0.7900423798172506,0.7900423798172506,0.0
-0.9874999999999989,0.1048996636589554,0.1048996636589554,0.0
-0.9824999999999999,0.01572241459415548,0.01572241459415548,0.0
-0.9774999999999991,0.8796314916789361,0.8796314916789361,0.0
-0.9725000000000001,0.0,0.0,0.0
-0.9674999999999994,0.2710236274288648,0.2710236274288648,0.0
-0.9625000000000004,0.6243302788442268,0.6243302788442268,0.0
-0.9574999999999996,0.00016116370312915638,0.00016116370312915638,0.0
-0.9525000000000006,0.8017536089113024,0.8017536089113024,0.0
-0.9474999999999998,0.09343913365865983,0.09343913365865983,0.0
-0.942499999999999,0.011227737984664561,0.011227737984664561,0.0
-0.9375,0.8841261682884269,0.8841261682884269,0.0
-0.9324999999999992,0.0,0.0,0.0
-0.9275000000000002,0.24024136013119599,0.24024136013119599,0.0
-0.9224999999999994,0.6551125461418953,0.6551125461418953,0.0
-0.9175000000000004,1.7907078125461822e-5,1.7907078125461822e-5,0.0
-0.9124999999999996,0.7867653845202908,0.7867653845202908,0.0
-0.9075000000000006,0.10857061467467509,0.10857061467467509,0.0
-0.9024999999999999,0.007001667547055571,0.007001667547055571,0.0
-0.8974999999999991,0.8883522387260356,0.8883522387260356,0.0
-0.8925000000000001,0.0,0.0,0.0
-0.8874999999999993,0.1771547238951939,0.1771547238951939,0.0
-0.8825000000000003,0.7181991823778971,0.7181991823778971,0.0
-0.8774999999999995,0.0,0.0,0.0
-0.8725000000000005,0.7397055832065768,0.7397055832065768,0.0
-0.8674999999999997,0.15564832306651424,0.15564832306651424,0.0
-0.8624999999999989,0.0030442032813285096,0.0030442032813285096,0.0
-0.8574999999999999,0.8922201676011352,0.8922201676011352,0.0
-0.8524999999999991,8.953539062730911e-5,8.953539062730911e-5,0.0
-0.8475000000000001,0.09868590754942015,0.09868590754942015,0.0
-0.8424999999999994,0.7966679987236707,0.7966679987236707,0.0
-0.8375000000000004,0.0,0.0,0.0
-0.8324999999999996,0.6419687507978057,0.6419687507978057,0.0
-0.8275000000000006,0.2533851554752849,0.2533851554752849,0.0
-0.8224999999999998,0.0004118627968856219,0.0004118627968856219,0.0
-0.817499999999999,0.8935094772261677,0.8935094772261677,0.0
-0.8125,0.0014325662500369457,0.0014325662500369457,0.0
-0.8074999999999992,0.03957464265727064,0.03957464265727064,0.0
-0.8025000000000002,0.8557792636158197,0.8557792636158197,0.0
-0.7974999999999994,0.0,0.0,0.0
-0.7925000000000004,0.47804735763732825,0.47804735763732825,0.0
-0.7874999999999996,0.4173065486357621,0.4173065486357621,0.0
-0.7825000000000006,0.0,0.0,0.0
-0.7774999999999999,0.8845738452415622,0.8845738452415622,0.0
-0.7724999999999991,0.010780061031528017,0.010780061031528017,0.0
-0.7675000000000001,0.01138890168779372,0.01138890168779372,0.0
-0.7624999999999993,0.8839650045852963,0.8839650045852963,0.0
-0.7575000000000003,0.0,0.0,0.0
-0.7524999999999995,0.2563040092097352,0.2563040092097352,0.0
-0.7475000000000005,0.6390498970633548,0.6390498970633548,0.0
-0.7424999999999997,0.0,0.0,0.0
-0.7374999999999989,0.8269667749119513,0.8269667749119513,0.0
-0.7324999999999999,0.06838713136113872,0.06838713136113872,0.0
-0.7274999999999991,0.0010923317656531708,0.0010923317656531708,0.0
-0.7225000000000001,0.8942615745074367,0.8942615745074367,0.0
-0.7174999999999994,0.0,0.0,0.0
-0.7125000000000004,0.08450350167405436,0.08450350167405436,0.0
-0.7074999999999996,0.8108504045990352,0.8108504045990352,0.0
-0.7025000000000006,0.0,0.0,0.0
-0.6974999999999998,0.6518892720793105,0.6518892720793105,0.0
-0.692499999999999,0.243464634193779,0.243464634193779,0.0
-0.6875,0.0,0.0,0.0
-0.6824999999999992,0.8947629726949491,0.8947629726949491,0.0
-0.6775000000000002,0.00059093357814024,0.00059093357814024,0.0
-0.6724999999999994,0.014289848344118533,0.014289848344118533,0.0
-0.6675000000000004,0.8810640579289708,0.8810640579289708,0.0
-0.6624999999999996,0.0,0.0,0.0
-0.6575000000000006,0.32898883932098444,0.32898883932098444,0.0
-0.6524999999999999,0.5663650669521049,0.5663650669521049,0.0
-0.6474999999999991,0.0,0.0,0.0
-0.6425000000000001,0.8615274356940916,0.8615274356940916,0.0
-0.6374999999999993,0.03382647057899739,0.03382647057899739,0.0
-0.6325000000000003,0.0004297698750110837,0.0004297698750110837,0.0
-0.6274999999999995,0.894924136398078,0.894924136398078,0.0
-0.6225000000000005,0.0,0.0,0.0
-0.6174999999999997,0.08058185156457823,0.08058185156457823,0.0
-0.6124999999999989,0.8147720547085109,0.8147720547085109,0.0
-0.6074999999999999,0.0,0.0,0.0
-0.6024999999999991,0.6482899493760923,0.6482899493760923,0.0
-0.5975000000000001,0.24706395689699667,0.24706395689699667,0.0
-0.5924999999999994,0.0,0.0,0.0
-0.5875000000000004,0.894619716069945,0.894619716069945,0.0
-0.5824999999999996,0.0007341902031439346,0.0007341902031439346,0.0
-0.5775000000000006,0.005157238500133004,0.005157238500133004,0.0
-0.5724999999999998,0.890196667772956,0.890196667772956,0.0
-0.567499999999999,0.0,0.0,0.0
-0.5625,0.23923856375617,0.23923856375617,0.0
-0.5574999999999992,0.6561153425169188,0.6561153425169188,0.0
-0.5525000000000002,0.0,0.0,0.0
-0.5474999999999994,0.830100513583906,0.830100513583906,0.0
-0.5425000000000004,0.06525339268918291,0.06525339268918291,0.0
-0.5374999999999996,0.0,0.0,0.0
-0.5325000000000006,0.8953539062730888,0.8953539062730888,0.0
-0.5274999999999999,0.0,0.0,0.0
-0.5224999999999991,0.030388311578908714,0.030388311578908714,0.0
-0.5175000000000001,0.8649655946941802,0.8649655946941802,0.0
-0.5124999999999993,0.0,0.0,0.0
-0.5075000000000003,0.45475024899610195,0.45475024899610195,0.0
-0.5024999999999995,0.44060365727698675,0.44060365727698675,0.0
-0.4975000000000005,0.0,0.0,0.0
-0.4924999999999997,0.8843768673821807,0.8843768673821807,0.0
-0.48749999999999893,0.0109770388909081,0.0109770388909081,0.0
-0.48249999999999993,0.000304420328132851,0.000304420328132851,0.0
-0.47749999999999915,0.8950494859449559,0.8950494859449559,0.0
-0.47250000000000014,0.0,0.0,0.0
-0.46749999999999936,0.08219348859586979,0.08219348859586979,0.0
-0.46250000000000036,0.8131604176772191,0.8131604176772191,0.0
-0.4574999999999996,0.0,0.0,0.0
-0.45250000000000057,0.6326033489381878,0.6326033489381878,0.0
-0.4474999999999998,0.262750557334901,0.262750557334901,0.0
-0.442499999999999,0.0,0.0,0.0
-0.4375,0.8933304064449117,0.8933304064449117,0.0
-0.4324999999999992,0.002023499828177186,0.002023499828177186,0.0
-0.4275000000000002,0.001307216703158713,0.001307216703158713,0.0
-0.42249999999999943,0.89404668956993,0.89404668956993,0.0
-0.4175000000000004,0.0,0.0,0.0
-0.41249999999999964,0.14991805806636646,0.14991805806636646,0.0
-0.40750000000000064,0.7454358482067224,0.7454358482067224,0.0
-0.40249999999999986,0.0,0.0,0.0
-0.3974999999999991,0.7377716187690248,0.7377716187690248,0.0
-0.39250000000000007,0.1575822875040641,0.1575822875040641,0.0
-0.3874999999999993,0.0,0.0,0.0
-0.3825000000000003,0.8947092514605725,0.8947092514605725,0.0
-0.3774999999999995,0.0006446548125166255,0.0006446548125166255,0.0
-0.3725000000000005,0.004261884593859913,0.004261884593859913,0.0
-0.3674999999999997,0.8910920216792292,0.8910920216792292,0.0
-0.36249999999999893,0.0,0.0,0.0
-0.35749999999999993,0.21284353059923933,0.21284353059923933,0.0
-0.35249999999999915,0.6825103756738498,0.6825103756738498,0.0
-0.34750000000000014,0.0,0.0,0.0
-0.34249999999999936,0.7850463050202441,0.7850463050202441,0.0
-0.33750000000000036,0.11030760125284489,0.11030760125284489,0.0
-0.3324999999999996,0.0,0.0,0.0
-0.32750000000000057,0.894924136398078,0.894924136398078,0.0
-0.3224999999999998,0.0004297698750110837,0.0004297698750110837,0.0
-0.317499999999999,0.00707329585955742,0.00707329585955742,0.0
-0.3125,0.8882806104135318,0.8882806104135318,0.0
-0.3074999999999992,0.0,0.0,0.0
-0.3025000000000002,0.24815628866264988,0.24815628866264988,0.0
-0.29749999999999943,0.6471976176104393,0.6471976176104393,0.0
-0.2925000000000004,0.0,0.0,0.0
-0.28749999999999964,0.796435206708038,0.796435206708038,0.0
-0.28250000000000064,0.09891869956505114,0.09891869956505114,0.0
-0.27749999999999986,0.0,0.0,0.0
-0.2724999999999991,0.8948704151637017,0.8948704151637017,0.0
-0.26750000000000007,0.00048349110938746914,0.00048349110938746914,0.0
-0.2624999999999993,0.008093999312708744,0.008093999312708744,0.0
-0.2575000000000003,0.8872599069603805,0.8872599069603805,0.0
-0.2524999999999995,0.0,0.0,0.0
-0.2475000000000005,0.24842489483453187,0.24842489483453187,0.0
-0.24249999999999972,0.6469290114385574,0.6469290114385574,0.0
-0.23749999999999893,0.0,0.0,0.0
-0.23249999999999993,0.7836853670827093,0.7836853670827093,0.0
-0.22749999999999915,0.11166853919037999,0.11166853919037999,0.0
-0.22250000000000014,0.0,0.0,0.0
-0.21749999999999936,0.8941541320386835,0.8941541320386835,0.0
-0.21250000000000036,0.001199774234405942,0.001199774234405942,0.0
-0.20749999999999957,0.006625618906420874,0.006625618906420874,0.0
-0.20250000000000057,0.8887282873666685,0.8887282873666685,0.0
-0.1974999999999998,0.0,0.0,0.0
-0.192499999999999,0.21289725183361569,0.21289725183361569,0.0
-0.1875,0.6824566544394737,0.6824566544394737,0.0
-0.18249999999999922,0.0,0.0,0.0
-0.1775000000000002,0.7429467643472838,0.7429467643472838,0.0
-0.17249999999999943,0.15240714192580568,0.15240714192580568,0.0
-0.16750000000000043,0.0,0.0,0.0
-0.16249999999999964,0.8930618002730305,0.8930618002730305,0.0
-0.15750000000000064,0.0022921060000591132,0.0022921060000591132,0.0
-0.15249999999999986,0.0031516457500812803,0.0031516457500812803,0.0
-0.14749999999999908,0.8922022605230083,0.8922022605230083,0.0
-0.14250000000000007,0.0,0.0,0.0
-0.1374999999999993,0.15188783666016725,0.15188783666016725,0.0
-0.13250000000000028,0.7434660696129225,0.7434660696129225,0.0
-0.1274999999999995,0.0,0.0,0.0
-0.1225000000000005,0.6660358637984254,0.6660358637984254,0.0
-0.11749999999999972,0.2293180424746642,0.2293180424746642,0.0
-0.11249999999999893,0.0,0.0,0.0
-0.10749999999999993,0.8874389777416355,0.8874389777416355,0.0
-0.10249999999999915,0.007914928531454125,0.007914928531454125,0.0
-0.09750000000000014,0.0009490751406494765,0.0009490751406494765,0.0
-0.09249999999999936,0.8944048311324403,0.8944048311324403,0.0
-0.08750000000000036,0.0,0.0,0.0
-0.08249999999999957,0.09150516922110996,0.09150516922110996,0.0
-0.07750000000000057,0.8038487370519799,0.8038487370519799,0.0
-0.07249999999999979,0.0,0.0,0.0
-0.067499999999999,0.5504993957329462,0.5504993957329462,0.0
-0.0625,0.34485451054014377,0.34485451054014377,0.0
-0.05749999999999922,0.0,0.0,0.0
-0.05250000000000021,0.8644283823504173,0.8644283823504173,0.0
-0.04749999999999943,0.03092552392267258,0.03092552392267258,0.0
-0.042500000000000426,5.372123437638546e-5,5.372123437638546e-5,0.0
-0.037499999999999645,0.895192742569961,0.895192742569961,0.0
-0.03250000000000064,0.00010744246875277093,0.00010744246875277093,0.0
-0.027499999999999858,0.040738602735425664,0.040738602735425664,0.0
-0.022499999999999076,0.8546153035376645,0.8546153035376645,0.0
-0.01750000000000007,0.0,0.0,0.0
-0.01249999999999929,0.3825489099942404,0.3825489099942404,0.0
-0.007500000000000284,0.5128049962788496,0.5128049962788496,0.0
-0.0024999999999995026,0.0,0.0,0.0
0.0024999999999995026,0.796166600536157,0.796166600536157,0.0
0.007500000000000284,0.09918730573693309,0.09918730573693309,0.0
0.012500000000001066,0.0,0.0,0.0
0.01750000000000007,0.8941720391168096,0.8941720391168096,0.0
0.022500000000000853,0.00118186715628048,0.00118186715628048,0.0
0.027499999999999858,0.010547269015897014,0.010547269015897014,0.0
0.03250000000000064,0.8848066372571931,0.8848066372571931,0.0
0.037499999999999645,0.0,0.0,0.0
0.042500000000000426,0.19139085100493605,0.19139085100493605,0.0
0.04749999999999943,0.7039630552681541,0.7039630552681541,0.0
0.05250000000000021,0.0,0.0,0.0
0.057500000000000995,0.6555960372512818,0.6555960372512818,0.0
0.0625,0.23975786902180846,0.23975786902180846,0.0
0.06750000000000078,0.0,0.0,0.0
0.07249999999999979,0.8793449784289274,0.8793449784289274,0.0
0.07750000000000057,0.01600892784416287,0.01600892784416287,0.0
0.08249999999999957,0.0007700043593948583,0.0007700043593948583,0.0
0.08750000000000036,0.8945839019136956,0.8945839019136956,0.0
0.09249999999999936,0.0,0.0,0.0
0.09750000000000014,0.06847666675176603,0.06847666675176603,0.0
0.10250000000000092,0.8268772395213244,0.8268772395213244,0.0
0.10749999999999993,0.0,0.0,0.0
0.11250000000000071,0.4378459672456664,0.4378459672456664,0.0
0.11749999999999972,0.4575079390274239,0.4575079390274239,0.0
0.1225000000000005,0.0,0.0,0.0
0.1274999999999995,0.7908123841766442,0.7908123841766442,0.0
0.13250000000000028,0.10454152209644615,0.10454152209644615,0.0
0.13750000000000107,1.7907078125461822e-5,1.7907078125461822e-5,0.0
0.14250000000000007,0.8941899461949353,0.8941899461949353,0.0
0.14750000000000085,0.0011460530000295566,0.0011460530000295566,0.0
0.15249999999999986,0.01160378662529926,0.01160378662529926,0.0
0.15750000000000064,0.8837501196477915,0.8837501196477915,0.0
0.16249999999999964,0.0,0.0,0.0
0.16750000000000043,0.17505959575451485,0.17505959575451485,0.0
0.17249999999999943,0.7202943105185755,0.7202943105185755,0.0
0.1775000000000002,0.0,0.0,0.0
0.182500000000001,0.6021255019686531,0.6021255019686531,0.0
0.1875,0.2932284043044375,0.2932284043044375,0.0
0.19250000000000078,0.0,0.0,0.0
0.1974999999999998,0.8550629804908015,0.8550629804908015,0.0
0.20250000000000057,0.04029092578228912,0.04029092578228912,0.0
0.20749999999999957,0.0004118627968856219,0.0004118627968856219,0.0
0.21250000000000036,0.8949420434762052,0.8949420434762052,0.0
0.21749999999999936,0.0,0.0,0.0
0.22250000000000014,0.03704974464158053,0.03704974464158053,0.0
0.22750000000000092,0.8583041616315102,0.8583041616315102,0.0
0.23249999999999993,0.0,0.0,0.0
0.2375000000000007,0.29401631574195775,0.29401631574195775,0.0
0.24249999999999972,0.6013375905311331,0.6013375905311331,0.0
0.2475000000000005,0.0,0.0,0.0
0.2524999999999995,0.6847129462832833,0.6847129462832833,0.0
0.2575000000000003,0.21064095998980753,0.21064095998980753,0.0
0.26250000000000107,0.0,0.0,0.0
0.26750000000000007,0.8775542706163817,0.8775542706163817,0.0
0.27250000000000085,0.017799635656709056,0.017799635656709056,0.0
0.27749999999999986,0.0018802432031734908,0.0018802432031734908,0.0
0.28250000000000064,0.8934736630699174,0.8934736630699174,0.0
0.28749999999999964,0.0,0.0,0.0
0.2925000000000004,0.0667038660173453,0.0667038660173453,0.0
0.29749999999999943,0.8286500402557456,0.8286500402557456,0.0
0.3025000000000002,0.0,0.0,0.0
0.307500000000001,0.36446276108752446,0.36446276108752446,0.0
0.3125,0.5308911451855665,0.5308911451855665,0.0
0.3175000000000008,0.0,0.0,0.0
0.3224999999999998,0.7172859213934984,0.7172859213934984,0.0
0.32750000000000057,0.1780679848795925,0.1780679848795925,0.0
0.3324999999999996,0.0,0.0,0.0
0.33750000000000036,0.8824429029446329,0.8824429029446329,0.0
0.34249999999999936,0.012911003328457975,0.012911003328457975,0.0
0.34750000000000014,0.0030442032813285096,0.0030442032813285096,0.0
0.3525000000000009,0.8923097029917625,0.8923097029917625,0.0
0.35749999999999993,0.0,0.0,0.0
0.3625000000000007,0.07760927659575158,0.07760927659575158,0.0
0.3674999999999997,0.8177446296773394,0.8177446296773394,0.0
0.3725000000000005,0.0,0.0,0.0
0.3774999999999995,0.3679367342438641,0.3679367342438641,0.0
0.3825000000000003,0.5274171720292269,0.5274171720292269,0.0
0.38750000000000107,0.0,0.0,0.0
0.39250000000000007,0.7069177231588561,0.7069177231588561,0.0
0.39750000000000085,0.18843618311423485,0.18843618311423485,0.0
0.40249999999999986,0.0,0.0,0.0
0.40750000000000064,0.8766051954757326,0.8766051954757326,0.0
0.41249999999999964,0.018748710797358528,0.018748710797358528,0.0
0.4175000000000004,0.002148849375055418,0.002148849375055418,0.0
0.42249999999999943,0.8932050568980356,0.8932050568980356,0.0
0.4275000000000002,0.0,0.0,0.0
0.432500000000001,0.06357012734538948,0.06357012734538948,0.0
0.4375,0.8317837789277016,0.8317837789277016,0.0
0.4425000000000008,0.0,0.0,0.0
0.4474999999999998,0.3051187041797441,0.3051187041797441,0.0
0.45250000000000057,0.590235202093347,0.590235202093347,0.0
0.4574999999999996,0.0,0.0,0.0
0.46250000000000036,0.6496687943917547,0.6496687943917547,0.0
0.46749999999999936,0.24568511188133632,0.24568511188133632,0.0
0.47250000000000014,0.0,0.0,0.0
0.4775000000000009,0.848508989896883,0.848508989896883,0.0
0.48249999999999993,0.046844916376208134,0.046844916376208134,0.0
0.4875000000000007,0.000501398187512931,0.000501398187512931,0.0
0.4924999999999997,0.8945839019136962,0.8945839019136962,0.0
0.4975000000000005,0.00026860617188192727,0.00026860617188192727,0.0
0.5024999999999995,0.03266251050084237,0.03266251050084237,0.0
0.5075000000000003,0.8626913957722487,0.8626913957722487,0.0
0.5125000000000011,0.0,0.0,0.0
0.5175000000000001,0.20122183689581463,0.20122183689581463,0.0
0.5225000000000009,0.6941320693772766,0.6941320693772766,0.0
0.5274999999999999,0.0,0.0,0.0
0.5325000000000006,0.527578335732356,0.527578335732356,0.0
0.5374999999999996,0.3677755705407351,0.3677755705407351,0.0
0.5425000000000004,0.0,0.0,0.0
0.5474999999999994,0.7761643942700173,0.7761643942700173,0.0
0.5525000000000002,0.11918951200307393,0.11918951200307393,0.0
0.557500000000001,0.0,0.0,0.0
0.5625,0.8848245443353198,0.8848245443353198,0.0
0.5675000000000008,0.010529361937771552,0.010529361937771552,0.0
0.5724999999999998,0.0046558403126200736,0.0046558403126200736,0.0
0.5775000000000006,0.8906980659604713,0.8906980659604713,0.0
0.5824999999999996,0.0,0.0,0.0
0.5875000000000004,0.09091423564296972,0.09091423564296972,0.0
0.5924999999999994,0.8044396706301218,0.8044396706301218,0.0
0.5975000000000001,0.0,0.0,0.0
0.6025000000000009,0.29863634189832694,0.29863634189832694,0.0
0.6074999999999999,0.5967175643747643,0.5967175643747643,0.0
0.6125000000000007,0.0,0.0,0.0
0.6174999999999997,0.6089660058125802,0.6089660058125802,0.0
0.6225000000000005,0.2863879004605111,0.2863879004605111,0.0
0.6274999999999995,0.0,0.0,0.0
0.6325000000000003,0.809686444520882,0.809686444520882,0.0
0.6375000000000011,0.08566746175220939,0.08566746175220939,0.0
0.6425000000000001,1.7907078125461822e-5,1.7907078125461822e-5,0.0
0.6475000000000009,0.8880120042416522,0.8880120042416522,0.0
0.6524999999999999,0.007323994953313884,0.007323994953313884,0.0
0.6575000000000006,0.010332384078391474,0.010332384078391474,0.0
0.6624999999999996,0.8850215221947,0.8850215221947,0.0
0.6675000000000004,0.0,0.0,0.0
0.6724999999999994,0.10412965929956053,0.10412965929956053,0.0
0.6775000000000002,0.7912242469735309,0.7912242469735309,0.0
0.682500000000001,0.0,0.0,0.0
0.6875,0.2902021081012345,0.2902021081012345,0.0
0.6925000000000008,0.6051517981718572,0.6051517981718572,0.0
0.6974999999999998,0.0,0.0,0.0
0.7025000000000006,0.565057850248948,0.565057850248948,0.0
0.7074999999999996,0.33029605602414347,0.33029605602414347,0.0
0.7125000000000004,0.0,0.0,0.0
0.7174999999999994,0.7730485626761873,0.7730485626761873,0.0
0.7225000000000001,0.1223053435969043,0.1223053435969043,0.0
0.7275000000000009,0.0,0.0,0.0
0.7324999999999999,0.8745816956475558,0.8745816956475558,0.0
0.7375000000000007,0.020772210625535716,0.020772210625535716,0.0
0.7424999999999997,0.00413653504698168,0.00413653504698168,0.0
0.7475000000000005,0.8899817828354532,0.8899817828354532,0.0
0.7524999999999995,0.001235588390656866,0.001235588390656866,0.0
0.7575000000000003,0.05406146886076925,0.05406146886076925,0.0
0.7625000000000011,0.8412924374123222,0.8412924374123222,0.0
0.7675000000000001,0.0,0.0,0.0
0.7725000000000009,0.16350953036359195,0.16350953036359195,0.0
0.7774999999999999,0.7318443759094998,0.7318443759094998,0.0
0.7825000000000006,0.0,0.0,0.0
0.7874999999999996,0.3659311414938125,0.3659311414938125,0.0
0.7925000000000004,0.5294227647792791,0.5294227647792791,0.0
0.7974999999999994,0.0,0.0,0.0
0.8025000000000002,0.5951238344215986,0.5951238344215986,0.0
0.807500000000001,0.3002300718514931,0.3002300718514931,0.0
0.8125,0.0,0.0,0.0
0.8175000000000008,0.7657245677228735,0.7657245677228735,0.0
0.8224999999999998,0.1296293385502182,0.1296293385502182,0.0
0.8275000000000006,0.00035814156250923643,0.00035814156250923643,0.0
0.8324999999999996,0.853254365600131,0.853254365600131,0.0
0.8375000000000004,0.041741399110451514,0.041741399110451514,0.0
0.8424999999999994,0.003975371343852524,0.003975371343852524,0.0
0.8475000000000001,0.8846812877103163,0.8846812877103163,0.0
0.8525000000000009,0.006697247218922721,0.006697247218922721,0.0
0.8574999999999999,0.029779470922643016,0.029779470922643016,0.0
0.8625000000000007,0.8655744353504485,0.8655744353504485,0.0
0.8674999999999997,0.0,0.0,0.0
0.8725000000000005,0.0838230327052868,0.0838230327052868,0.0
0.8774999999999995,0.8115308735678047,0.8115308735678047,0.0
0.8825000000000003,0.0,0.0,0.0
0.8875000000000011,0.17651006908267727,0.17651006908267727,0.0
0.8925000000000001,0.7188438371904143,0.7188438371904143,0.0
0.8975000000000009,0.0,0.0,0.0
0.9024999999999999,0.32144995943016536,0.32144995943016536,0.0
0.9075000000000006,0.5739039468429262,0.5739039468429262,0.0
0.9124999999999996,0.0,0.0,0.0
0.9175000000000004,0.48798578599696035,0.48798578599696035,0.0
0.9224999999999994,0.4073681202761312,0.4073681202761312,0.0
0.9275000000000002,0.0,0.0,0.0
0.932500000000001,0.6333554462194595,0.6333554462194595,0.0
0.9375,0.2619984600536321,0.2619984600536321,0.0
0.9425000000000008,0.00016116370312915638,0.00016116370312915638,0.0
0.9474999999999998,0.7185036027060305,0.7185036027060305,0.0
0.9525000000000006,0.1766891398639319,0.1766891398639319,0.0
0.9574999999999996,0.000716283125018473,0.000716283125018473,0.0
0.9625000000000004,0.7690015630198329,0.7690015630198329,0.0
0.9674999999999994,0.12563606012824022,0.12563606012824022,0.0
0.9725000000000001,0.0012893096250332513,0.0012893096250332513,0.0
0.9775000000000009,0.8082180641145942,0.8082180641145942,0.0
0.9824999999999999,0.085846532533464,0.085846532533464,0.0
0.9875000000000007,0.0025428050938155785,0.0025428050938155785,0.0
0.9924999999999997,0.8368514820372078,0.8368514820372078,0.0
0.9975000000000005,0.055959619142068213,0.055959619142068213,0.0
1.0024999999999995,0.004190256281358066,0.004190256281358066,0.0
1.0075000000000003,0.8496729499750383,0.8496729499750383,0.0
1.012500000000001,0.041490700016695053,0.041490700016695053,0.0
1.0175,0.004190256281358066,0.004190256281358066,0.0
1.0225000000000009,0.8487238748343889,0.8487238748343889,0.0
1.0274999999999999,0.042439775157344525,0.042439775157344525,0.0
1.0325000000000006,0.00048349110938746925,0.00048349110938746925,0.0
1.0374999999999996,0.8377647430216062,0.8377647430216062,0.0
1.0425000000000004,0.057105672142097774,0.057105672142097774,0.0
1.0474999999999994,0.0,0.0,0.0
1.0525000000000002,0.7590094134258252,0.7590094134258252,0.0
1.057500000000001,0.13634449284726635,0.13634449284726635,0.0
