omega,S,S_edge,S_cont
-1.5174526130750703,0,0,0
-1.517193684675703,7.734822914586799,7.734822914586799,0.0
-1.5164305186766662,3.9718682580859,3.9718682580859,0.0
-1.5151745576573576,2.6642316367174583,2.6642316367174583,0.0
-1.5134279861386193,2.013136797943403,2.013136797943403,0.0
-1.511199215314913,1.6230881210988422,1.6230881210988422,0.0
-1.5084964334154387,1.3634835462304677,1.3634835462304677,0.0
-1.5053336503837578,1.1823231065594184,1.1823231065594184,0.0
-1.5017278394669507,1.0475332767137457,1.0475332767137457,0.0
-1.4976904182187507,0.9422409330206062,0.9422409330206062,0.0
-1.4932370522178176,0.8603565368048537,0.8603565368048537,0.0
-1.4883881235473329,0.7944023691512266,0.7944023691512266,0.0
-1.4831617699444433,0.7403235645807849,0.7403235645807849,0.0
-1.477575316050955,0.6951156805790665,0.6951156805790665,0.0
-1.47164603460796,0.6570570637383737,0.6570570637383737,0.0
-1.4653912004722565,0.6245467890931813,0.6245467890931813,0.0
-1.4588269688107136,0.5965081640791465,0.5965081640791465,0.0
-1.4519693016164243,0.5721883565501692,0.5721883565501692,0.0
-1.4448327988438283,0.5507674652745657,0.5507674652745657,0.0
-1.4374329034147553,0.5321439599616002,0.5321439599616002,0.0
-1.429784028520067,0.5154729192029608,0.5154729192029608,0.0
-1.4218989228948722,0.5007152682630246,0.5007152682630246,0.0
-1.4137887603528765,0.4872488898211315,0.4872488898211315,0.0
-1.4054637804711876,0.47519406678339365,0.47519406678339365,0.0
-1.3969353940779388,0.4642736686187886,0.4642736686187886,0.0
-1.3882132821113695,0.4543116032601398,0.4543116032601398,0.0
-1.379307237096229,0.44528720939184535,0.44528720939184535,0.0
-1.3702264460679994,0.4369894454547885,0.4369894454547885,0.0
-1.360979139789121,0.4293901692358655,0.4293901692358655,0.0
-1.351572938053226,0.4223467339325024,0.4223467339325024,0.0
-1.342014465694882,0.41581521013564515,0.41581521013564515,0.0
-1.3323112007914544,0.4098328521284253,0.4098328521284253,0.0
-1.3224701091348983,0.4042474021137641,0.4042474021137641,0.0
-1.312496899805724,0.3990444071864878,0.3990444071864878,0.0
-1.302397154120022,0.3941797814051404,0.3941797814051404,0.0
-1.2921759694495276,0.38961710751845435,0.38961710751845435,0.0
-1.2818385538506258,0.38536407307737425,0.38536407307737425,0.0
-1.2713902522343472,0.3813898726008709,0.3813898726008709,0.0
-1.2608349167517496,0.37758764515880694,0.37758764515880694,0.0
-1.2501762671965442,0.3740310849064993,0.3740310849064993,0.0
-1.2394186511858631,0.370671487094544,0.370671487094544,0.0
-1.2285655013843206,0.36747473487556,0.36747473487556,0.0
-1.2176201566894687,0.36445267933163017,0.36445267933163017,0.0
-1.206586110489196,0.3615897610129752,0.3615897610129752,0.0
-1.195466554047878,0.35886843417762765,0.35886843417762765,0.0
-1.1842642776604944,0.3562689929119749,0.3562689929119749,0.0
-1.1729824961717912,0.3538277202880864,0.3538277202880864,0.0
-1.1616239950526182,0.35147226017944744,0.35147226017944744,0.0
-1.150191189556538,0.34924309320909136,0.34924309320909136,0.0
-1.138686645165753,0.34710234287441943,0.34710234287441943,0.0
-1.1271126618194791,0.34506477442985173,0.34506477442985173,0.0
-1.1154716484501248,0.34311633414503734,0.34311633414503734,0.0
-1.1037655019215324,0.3412354091125888,0.3412354091125888,0.0
-1.0919958829770384,0.3394253629881038,0.3394253629881038,0.0
-1.0801646072786173,0.3376879269606705,0.3376879269606705,0.0
-1.0682735036675401,0.3360182934150538,0.3360182934150538,0.0
-1.0563243366802084,0.33441397594709116,0.33441397594709116,0.0
-1.0443189725984698,0.3328797073478381,0.3328797073478381,0.0
-1.0322589997555203,0.33139222272225266,0.33139222272225266,0.0
-1.0201457221720984,0.3299563655001013,0.3299563655001013,0.0
-1.0079804792296128,0.32856701654647213,0.32856701654647213,0.0
-0.9957644710902904,0.32721963595377745,0.32721963595377745,0.0
-0.9834990136462429,0.3259229702110744,0.3259229702110744,0.0
-0.9711854459000605,0.3246676026719458,0.3246676026719458,0.0
-0.95882488217061,0.32344924310786105,0.32344924310786105,0.0
-0.9464183650536365,0.3222668794259348,0.3222668794259348,0.0
-0.9339668132477235,0.3211137310091894,0.3211137310091894,0.0
-0.9214710479170282,0.31999032728521665,0.31999032728521665,0.0
-0.908932245405341,0.3189131112614219,0.3189131112614219,0.0
-0.8963514507783572,0.31785773748002055,0.31785773748002055,0.0
-0.8837293797479269,0.3168306765889245,0.3168306765889245,0.0
-0.8710669185653546,0.315833152871949,0.315833152871949,0.0
-0.8583649908320965,0.3148648261119371,0.3148648261119371,0.0
-0.8456242814436944,0.3139133186170616,0.3139133186170616,0.0
-0.832845569939977,0.31299483719961135,0.31299483719961135,0.0
-0.8200296001475302,0.31209075169671024,0.31209075169671024,0.0
-0.807177149607645,0.31122048830701377,0.31122048830701377,0.0
-0.7942890797500988,0.3103680367483894,0.3103680367483894,0.0
-0.7813658705138246,0.3095302989449824,0.3095302989449824,0.0
-0.7684080111139752,0.30871034642803385,0.30871034642803385,0.0
-0.7554159940556048,0.30790483363802384,0.30790483363802384,0.0
-0.7423903842794756,0.30712006329399655,0.30712006329399655,0.0
-0.729331743013587,0.3063491143528773,0.3063491143528773,0.0
-0.7162404787110126,0.3055912886143251,0.3055912886143251,0.0
-0.703117043135967,0.30484894770293625,0.30484894770293625,0.0
-0.6899619658922012,0.30412297267213956,0.30412297267213956,0.0
-0.6767757565934193,0.30341116259092377,0.30341116259092377,0.0
-0.6635589555368634,0.30271673081225015,0.30271673081225015,0.0
-0.6503120688721002,0.30203453366749633,0.30203453366749633,0.0
-0.6370353107420033,0.3013560919679025,0.3013560919679025,0.0
-0.6237289290034802,0.30069119594415317,0.30069119594415317,0.0
-0.6103932808525891,0.30003482351720556,0.30003482351720556,0.0
-0.5970287200582902,0.2993915710555798,0.2993915710555798,0.0
-0.5836357078232464,0.298761407341717,0.298761407341717,0.0
-0.5702146674256338,0.2981423829121344,0.2981423829121344,0.0
-0.5567658150188817,0.2975270150434356,0.2975270150434356,0.0
-0.5432894450482433,0.29692605144332396,0.29692605144332396,0.0
-0.5297860294254488,0.2963363796941473,0.2963363796941473,0.0
-0.5162558270754529,0.29575151937064764,0.29575151937064764,0.0
-0.5026990753794992,0.2951768256530226,0.2951768256530226,0.0
-0.4891160092745226,0.29460670999445093,0.29460670999445093,0.0
-0.4755068488115911,0.2940459521794335,0.2940459521794335,0.0
-0.46187191099867253,0.29349382621994324,0.29349382621994324,0.0
-0.44821134592187045,0.2929437238165586,0.2929437238165586,0.0
-0.43452523062069026,0.29239901426554576,0.29239901426554576,0.0
-0.4208138260514774,0.2918641034230802,0.2918641034230802,0.0
-0.40707735298652614,0.2913327534967835,0.2913327534967835,0.0
-0.39331600685070345,0.29080998514527895,0.29080998514527895,0.0
-0.3795299902775896,0.2902909887570282,0.2902909887570282,0.0
-0.36571942850255923,0.2897771997857046,0.2897771997857046,0.0
-0.35188441563165485,0.28926581158118597,0.28926581158118597,0.0
-0.33802508160809436,0.28876105189864815,0.28876105189864815,0.0
-0.32414153390809614,0.28825769978407256,0.28825769978407256,0.0
-0.3102338648343963,0.2877602654504482,0.2877602654504482,0.0
-0.29630215247232683,0.28726361063089856,0.28726361063089856,0.0
-0.28234648471963425,0.2867732076279954,0.2867732076279954,0.0
-0.26836699067437925,0.28628523422219987,0.28628523422219987,0.0
-0.2543636864917727,0.2857988220497486,0.2857988220497486,0.0
-0.2403366568326732,0.2853175973950329,0.2853175973950329,0.0
-0.22628606680707294,0.28484115366430746,0.28484115366430746,0.0
-0.2122119580944111,0.28436482876349856,0.28436482876349856,0.0
-0.1981142721172675,0.28388920185556005,0.28388920185556005,0.0
-0.1839930377331085,0.28341721017580856,0.28341721017580856,0.0
-0.16984824287489228,0.2829442629527916,0.2829442629527916,0.0
-0.1556798702292665,0.28247471576205874,0.28247471576205874,0.0
-0.14148793175773175,0.28200538121575164,0.28200538121575164,0.0
-0.12727240579609217,0.2815380850335545,0.2815380850335545,0.0
-0.11303329928376704,0.2810721289347352,0.2810721289347352,0.0
-0.09877054831774111,0.2806054055839936,0.2806054055839936,0.0
-0.08448416978076503,0.2801431906372096,0.2801431906372096,0.0
-0.07017423674280222,0.27968239854163396,0.27968239854163396,0.0
-0.055840729695521646,0.27922245743427293,0.27922245743427293,0.0
-0.04148349856943079,0.27875886405432987,0.27875886405432987,0.0
-0.027102330558159166,0.2782937234633576,0.2782937234633576,0.0
-0.012697239249229227,0.2778337300637516,0.2778337300637516,0.0
0.0017318325667080086,0.27736947152576463,0.27736947152576463,0.0
0.016185106706755444,0.2769040334220959,0.2769040334220959,0.0
0.030662574237376023,0.27644321502489533,0.27644321502489533,0.0
0.04516427660845919,0.27597930140169596,0.27597930140169596,0.0
0.05969036837235085,0.27551569518961727,0.27551569518961727,0.0
0.07424100786359653,0.27504890577201524,0.27504890577201524,0.0
0.08881637344356597,0.27458170288129086,0.27458170288129086,0.0
0.10341669856025437,0.2741093119140007,0.2741093119140007,0.0
0.11804221443883618,0.2736366478540108,0.2736366478540108,0.0
0.1326930970635472,0.273160943471389,0.273160943471389,0.0
0.14736957806662204,0.2726829416142292,0.2726829416142292,0.0
0.16207191258350928,0.2722011053289532,0.2722011053289532,0.0
0.17680037704970736,0.27171626300451585,0.27171626300451585,0.0
0.19155527154874644,0.2712268110706206,0.2712268110706206,0.0
0.20633677322908148,0.27073894663087006,0.27073894663087006,0.0
0.2211453050481593,0.2702375826657253,0.2702375826657253,0.0
0.23598144279560102,0.2697323486297373,0.2697323486297373,0.0
0.2508455667580811,0.2692209391679759,0.2692209391679759,0.0
0.265738222322108,0.2686998332737059,0.2686998332737059,0.0
0.2806596969651404,0.2681820038687364,0.2681820038687364,0.0
0.2956103429237118,0.26765230840172194,0.26765230840172194,0.0
0.31059081534024413,0.26711516263556156,0.26711516263556156,0.0
0.3256017302096095,0.26656781158894816,0.26656781158894816,0.0
0.3406436120009,0.2660164729447188,0.2660164729447188,0.0
0.35571705189162595,0.26545280916708136,0.26545280916708136,0.0
0.3708227417504289,0.26488182815451117,0.26488182815451117,0.0
0.38596149596584545,0.2642945505264525,0.2642945505264525,0.0
0.4011342507194062,0.2636960280548715,0.2636960280548715,0.0
0.4163417802877549,0.26308722956755287,0.26308722956755287,0.0
0.43158513299159973,0.26245809518453633,0.26245809518453633,0.0
0.44686534822662927,0.2618194121839138,0.2618194121839138,0.0
0.46218317043574836,0.26117096287570796,0.26117096287570796,0.0
0.47753972371079,0.2605004277450217,0.2605004277450217,0.0
0.49293622274237253,0.25981753865780177,0.25981753865780177,0.0
0.5083738276558014,0.2591150284860021,0.2591150284860021,0.0
0.5238539665734236,0.25839175600854597,0.25839175600854597,0.0
0.5393780834342721,0.2576490553582542,0.2576490553582542,0.0
0.5549477063009214,0.2568835743844574,0.2568835743844574,0.0
0.5705645883992181,0.25609208157670715,0.25609208157670715,0.0
0.58623065561305,0.2552731324257023,0.2552731324257023,0.0
0.6019477025583839,0.2544334958742132,0.2544334958742132,0.0
0.6177175681354613,0.25356605465993276,0.25356605465993276,0.0
0.6335426294544864,0.2526617991459119,0.2526617991459119,0.0
0.6494253640491982,0.2517279631371093,0.2517279631371093,0.0
0.6653687909170962,0.25074193762586555,0.25074193762586555,0.0
0.6813762332397759,0.2497186977789271,0.2497186977789271,0.0
0.697450950628492,0.24864765439544306,0.24864765439544306,0.0
0.7135965594989615,0.24753071374887597,0.24753071374887597,0.0
0.7298170093847816,0.24635857080706772,0.24635857080706772,0.0
0.7461171131129178,0.24511758644281353,0.24511758644281353,0.0
0.7625022817706317,0.2438074261172185,0.2438074261172185,0.0
0.7789784561840574,0.24241750264294423,0.24241750264294423,0.0
0.7955526381700448,0.2409328584669644,0.2409328584669644,0.0
0.8122331431462656,0.23933735467703687,0.23933735467703687,0.0
0.8290299717127652,0.237607836420527,0.237607836420527,0.0
0.8459547477232472,0.23573295992642207,0.23573295992642207,0.0
0.863021002287463,0.23368542685600607,0.23368542685600607,0.0
0.880246208217907,0.2314035908906759,0.2314035908906759,0.0
0.8976527462100263,0.22884353795019532,0.22884353795019532,0.0
0.9152685968919532,0.2259393791274677,0.2259393791274677,0.0
0.9331343399200502,0.22249061991398664,0.22249061991398664,0.0
0.9513082589642546,0.2183481817166224,0.2183481817166224,0.0
0.9698846926469106,0.21296755450218868,0.21296755450218868,0.0
0.9890434790779152,0.20531285870516877,0.20531285870516877,0.0
1.0092667210814457,0.1913127245055571,0.1913127245055571,0.0
1.0197352632123382,0,0,0
