omega,S,S_edge,S_cont
-1.487008315058726,0,0,0
-1.486857302047098,12.482074040065545,12.482074040065545,0.0
-1.486400689689325,6.168061600681554,6.168061600681554,0.0
-1.485636561616749,4.110877865443688,4.110877865443688,0.0
-1.4845672429628693,3.0860947560545795,3.0860947560545795,0.0
-1.4831922394250665,2.466529732807369,2.466529732807369,0.0
-1.4815114197891404,2.056451233751022,2.056451233751022,0.0
-1.479527368505067,1.7658569159791129,1.7658569159791129,0.0
-1.477242259339955,1.548009743837152,1.548009743837152,0.0
-1.4746577146803075,1.3790197776691107,1.3790197776691107,0.0
-1.4717781360661641,1.2460886212754603,1.2460886212754603,0.0
-1.4686081129629294,1.1373480257454764,1.1373480257454764,0.0
-1.465151003587616,1.0473231524811641,1.0473231524811641,0.0
-1.4614111833125882,0.971608493005712,0.971608493005712,0.0
-1.4573941516834363,0.9075395703410992,0.9075395703410992,0.0
-1.4531062524396576,0.8525724318106205,0.8525724318106205,0.0
-1.4485534569715137,0.8048858889402553,0.8048858889402553,0.0
-1.443742391784561,0.7633953673264083,0.7633953673264083,0.0
-1.438678898120552,0.726570143631668,0.726570143631668,0.0
-1.4333694313222207,0.6942371308745158,0.6942371308745158,0.0
-1.4278209407477869,0.6652759479781568,0.6652759479781568,0.0
-1.4220387093920717,0.6392090786447526,0.6392090786447526,0.0
-1.4160277672621024,0.6155852043044904,0.6155852043044904,0.0
-1.4097945164796672,0.5943989480268681,0.5943989480268681,0.0
-1.403344927830597,0.5749633490699577,0.5749633490699577,0.0
-1.396684009888363,0.5572628153902157,0.5572628153902157,0.0
-1.3898194324298114,0.5413346860092098,0.5413346860092098,0.0
-1.3827573008391418,0.5265122209353553,0.5265122209353553,0.0
-1.3755018309226905,0.5128585979944914,0.5128585979944914,0.0
-1.368058428180722,0.5002519750482686,0.5002519750482686,0.0
-1.3604326903816197,0.4886183814092167,0.4886183814092167,0.0
-1.3526301287860978,0.4778286217418683,0.4778286217418683,0.0
-1.3446554414554226,0.4677481822137096,0.4677481822137096,0.0
-1.3365128428292419,0.4583202942481786,0.4583202942481786,0.0
-1.3282079360082224,0.44963833589884483,0.44963833589884483,0.0
-1.3197462880625248,0.44149447583870277,0.44149447583870277,0.0
-1.3111326794341398,0.4339096390315117,0.4339096390315117,0.0
-1.3023721860895088,0.4268107551758971,0.4268107551758971,0.0
-1.2934689901552565,0.42010922096481884,0.42010922096481884,0.0
-1.284427041022107,0.4138097202830334,0.4138097202830334,0.0
-1.27524983320593,0.40781531803295135,0.40781531803295135,0.0
-1.265941072782541,0.40219429980970933,0.40219429980970933,0.0
-1.2565050533866928,0.3968878724590157,0.3968878724590157,0.0
-1.2469459105598122,0.39189875388999634,0.39189875388999634,0.0
-1.2372678053833908,0.3871894792812878,0.3871894792812878,0.0
-1.2274734284336928,0.38264863688738787,0.38264863688738787,0.0
-1.2175653475673767,0.378352686489359,0.378352686489359,0.0
-1.207547198237891,0.3742855800996391,0.3742855800996391,0.0
-1.1974226885767132,0.37044411433973823,0.37044411433973823,0.0
-1.1871949378112472,0.3667668467114168,0.3667668467114168,0.0
-1.1768667055069217,0.3632705006421473,0.3632705006421473,0.0
-1.166440541427223,0.35990872867440543,0.35990872867440543,0.0
-1.1559189186926253,0.35670818086343614,0.35670818086343614,0.0
-1.145304444323542,0.3536391104097684,0.3536391104097684,0.0
-1.1345991696762852,0.350682403247684,0.350682403247684,0.0
-1.1238054394602726,0.3478661769734415,0.3478661769734415,0.0
-1.1129251778675953,0.345126372871965,0.345126372871965,0.0
-1.1019603537557936,0.3425208290293988,0.3425208290293988,0.0
-1.090913345739922,0.34001007781939613,0.34001007781939613,0.0
-1.0797859791706972,0.33759125759159186,0.33759125759159186,0.0
-1.068580056183364,0.33525942454429114,0.33525942454429114,0.0
-1.0572973390715796,0.33301113796998266,0.33301113796998266,0.0
-1.045939418787495,0.33083428929823255,0.33083428929823255,0.0
-1.034507789744171,0.3287304198476564,0.3287304198476564,0.0
-1.0230039565766105,0.3266941706951236,0.3266941706951236,0.0
-1.0114297163035522,0.32474297193815516,0.32474297193815516,0.0
-0.9997866515150762,0.32284315746508596,0.32284315746508596,0.0
-0.9880760891206897,0.32101007780155205,0.32101007780155205,0.0
-0.9762995330335449,0.3192348528526673,0.3192348528526673,0.0
-0.9644579035315731,0.31749161149422106,0.31749161149422106,0.0
-0.9525520130320305,0.3157979602565208,0.3157979602565208,0.0
-0.9405830540269431,0.3141543765179613,0.3141543765179613,0.0
-0.9285525967227461,0.31257741873787687,0.31257741873787687,0.0
-0.9164622645103968,0.311050405742556,0.311050405742556,0.0
-0.9043128322713476,0.3095437635728046,0.3095437635728046,0.0
-0.8921051569354878,0.30808932156612984,0.30808932156612984,0.0
-0.8798403009677003,0.3066641586522371,0.3066641586522371,0.0
-0.8675191363752305,0.3052796965307167,0.3052796965307167,0.0
-0.8551427275302995,0.3039325017928634,0.3039325017928634,0.0
-0.8427118236828972,0.30260893433037045,0.30260893433037045,0.0
-0.8302272165012654,0.30132328618827214,0.30132328618827214,0.0
-0.8176897330877135,0.3000618001007316,0.3000618001007316,0.0
-0.8051002526504709,0.2988393079916359,0.2988393079916359,0.0
-0.7924598316282117,0.29764813681841285,0.29764813681841285,0.0
-0.7797691377257749,0.2964763261387113,0.2964763261387113,0.0
-0.767028758643975,0.29533107270949727,0.29533107270949727,0.0
-0.7542393593586947,0.29420793268507633,0.29420793268507633,0.0
-0.7414016681973659,0.29311329702501776,0.29311329702501776,0.0
-0.7285162134552164,0.2920308303835559,0.2920308303835559,0.0
-0.7155832068142705,0.2909618123638819,0.2909618123638819,0.0
-0.7026033989474378,0.2899286213422581,0.2899286213422581,0.0
-0.6895775751601205,0.2889096813715513,0.2889096813715513,0.0
-0.6765063019436008,0.28791589816776847,0.28791589816776847,0.0
-0.6633901810562749,0.28693731362142083,0.28693731362142083,0.0
-0.6502296922901525,0.28597784548197086,0.28597784548197086,0.0
-0.637025211686935,0.28502857524515746,0.28502857524515746,0.0
-0.6237770154176254,0.2840936330385222,0.2840936330385222,0.0
-0.6104855440477126,0.28317555092561725,0.28317555092561725,0.0
-0.5971514875189172,0.28228186900587887,0.28228186900587887,0.0
-0.5837754357523602,0.28140022085429484,0.28140022085429484,0.0
-0.5703577622050068,0.28053328334153377,0.28053328334153377,0.0
-0.5568987399863046,0.27967383958796,0.27967383958796,0.0
-0.543398648024438,0.2788289945366015,0.2788289945366015,0.0
-0.5298578061856496,0.2779930591846913,0.2779930591846913,0.0
-0.5162764433152891,0.27716764948825345,0.27716764948825345,0.0
-0.5026549870659792,0.2763589576626212,0.2763589576626212,0.0
-0.48899380311951374,0.2755579391421464,0.2755579391421464,0.0
-0.4752930308536865,0.2747641819764177,0.2747641819764177,0.0
-0.46155293596836944,0.27398294920997657,0.27398294920997657,0.0
-0.4477739666353492,0.27321597395196934,0.27321597395196934,0.0
-0.4339563900376555,0.27245402949291114,0.27245402949291114,0.0
-0.42010013016023606,0.271692601614951,0.271692601614951,0.0
-0.4062053942090311,0.2709471882115827,0.2709471882115827,0.0
-0.39227245869000393,0.2702048573299142,0.2702048573299142,0.0
-0.37830117282333375,0.26946176576671044,0.26946176576671044,0.0
-0.3642915956299099,0.2687298021210114,0.2687298021210114,0.0
-0.3502440337579611,0.26800647501259667,0.26800647501259667,0.0
-0.3361585829452222,0.26728601418541664,0.26728601418541664,0.0
-0.32203522107550053,0.2665695944567881,0.2665695944567881,0.0
-0.3078740809358067,0.26586180713953866,0.26586180713953866,0.0
-0.29367542825005666,0.2651629031772843,0.2651629031772843,0.0
-0.27943931694700525,0.2644645573613913,0.2644645573613913,0.0
-0.26516577419201404,0.263773973501007,0.263773973501007,0.0
-0.2508549904600298,0.26308990902382695,0.26308990902382695,0.0
-0.23650696588633946,0.26240648128039873,0.26240648128039873,0.0
-0.2221216378470413,0.2617272063181915,0.2617272063181915,0.0
-0.20769896063608384,0.2610491784967553,0.2610491784967553,0.0
-0.1932387296896061,0.26036954615233676,0.26036954615233676,0.0
-0.17874085691151415,0.25969537332825443,0.25969537332825443,0.0
-0.16420543563847873,0.25902608504447616,0.25902608504447616,0.0
-0.14963249494276615,0.25835987208296507,0.25835987208296507,0.0
-0.13502214677247726,0.25770138509186036,0.25770138509186036,0.0
-0.1203742236046525,0.257036088465624,0.257036088465624,0.0
-0.10568855424480178,0.25637835375996587,0.25637835375996587,0.0
-0.09096516374964786,0.255720731364651,0.255720731364651,0.0
-0.07620384294157853,0.2550624829890692,0.2550624829890692,0.0
-0.06140431697723386,0.25440214807014194,0.25440214807014194,0.0
-0.04656638902641444,0.25374393838226617,0.25374393838226617,0.0
-0.03168975800067243,0.25308017306366776,0.25308017306366776,0.0
-0.016774178254500734,0.25242047379442833,0.25242047379442833,0.0
-0.0018194635554637322,0.25175734328852856,0.25175734328852856,0.0
0.013174861598557778,0.25108860852117576,0.25108860852117576,0.0
0.028209196442370722,0.25041916563804945,0.25041916563804945,0.0
0.04328383219178788,0.24974787492000952,0.24974787492000952,0.0
0.05839914601109069,0.24907313894266656,0.24907313894266656,0.0
0.07355549526528063,0.24839733739674383,0.24839733739674383,0.0
0.08875325316022262,0.24771771916473237,0.24771771916473237,0.0
0.10399277013513561,0.24703789654728564,0.24703789654728564,0.0
0.11927468985692104,0.246344962293071,0.246344962293071,0.0
0.13459988354537095,0.24564475048601037,0.24564475048601037,0.0
0.1499688156142171,0.24494481568804363,0.24494481568804363,0.0
0.16538209312158875,0.24423331761590752,0.24423331761590752,0.0
0.1808403456646139,0.24352158236940152,0.24352158236940152,0.0
0.19634399047013135,0.24280526661379578,0.24280526661379578,0.0
0.21189383151066848,0.2420768209906906,0.2420768209906906,0.0
0.2274907987305854,0.24134022847347644,0.24134022847347644,0.0
0.24313564408631017,0.24059743903579459,0.24059743903579459,0.0
0.25882915095257947,0.23984589859887048,0.23984589859887048,0.0
0.2745725320290249,0.23907548702930756,0.23907548702930756,0.0
0.2903669870250165,0.23829726237200594,0.23829726237200594,0.0
0.3062135227972878,0.23750661656188127,0.23750661656188127,0.0
0.3221134376259023,0.23669996047555958,0.23669996047555958,0.0
0.3380680004583005,0.2358823981596028,0.2358823981596028,0.0
0.3540781750036876,0.2350584667236897,0.2350584667236897,0.0
0.37014513653363845,0.23421797617587373,0.23421797617587373,0.0
0.3862704679027072,0.23335987324509455,0.23335987324509455,0.0
0.40245590822742106,0.23248158789261208,0.23248158789261208,0.0
0.41870341273270484,0.2315804958770023,0.2315804958770023,0.0
0.4350149708113126,0.23065936334969997,0.23065936334969997,0.0
0.45139242321778783,0.22972076907319197,0.22972076907319197,0.0
0.46783795581781,0.22875364476126442,0.22875364476126442,0.0
0.4843539547729383,0.2277647751290783,0.2277647751290783,0.0
0.5009426697677805,0.226752633845116,0.226752633845116,0.0
0.5176067095577572,0.22571042242076222,0.22571042242076222,0.0
0.5343489108937827,0.22464044709826805,0.22464044709826805,0.0
0.5511722055224633,0.22353977030750782,0.22353977030750782,0.0
0.5680800278396031,0.22240007194338576,0.22240007194338576,0.0
0.5850763466297144,0.22121810132082773,0.22121810132082773,0.0
0.6021654778616308,0.21999102664960263,0.21999102664960263,0.0
0.6193522038555372,0.21871302652718003,0.21871302652718003,0.0
0.6366412825270273,0.21739415245986105,0.21739415245986105,0.0
0.6540377189295552,0.2160220804457584,0.2160220804457584,0.0
0.6715474837898813,0.2145894035588845,0.2145894035588845,0.0
0.6891773119714286,0.21309003621689235,0.21309003621689235,0.0
0.706935140255442,0.21150733076870373,0.21150733076870373,0.0
0.7248302141429337,0.20983439056879774,0.20983439056879774,0.0
0.7428724854849297,0.20807067932936943,0.20807067932936943,0.0
0.7610732166410755,0.20619710622592585,0.20619710622592585,0.0
0.779446841520561,0.20417404614719803,0.20417404614719803,0.0
0.7980097043554837,0.20201520520802851,0.20201520520802851,0.0
0.8167806659600172,0.19967325538694394,0.19967325538694394,0.0
0.8357832261488765,0.19712243420612097,0.19712243420612097,0.0
0.8550470266886963,0.1942964550338766,0.1942964550338766,0.0
0.8746076604105282,0.1911876197690111,0.1911876197690111,0.0
0.8945143178962955,0.1876050963311097,0.1876050963311097,0.0
0.9148357534475791,0.18346904312460835,0.18346904312460835,0.0
0.9356707803329475,0.17848173300965617,0.17848173300965617,0.0
0.9571787784715582,0.17219014978083766,0.17219014978083766,0.0
0.9796378337271866,0.16373671448148808,0.16373671448148808,0.0
1.0037470491250238,0.1496340636593508,0.1496340636593508,0.0
1.0163441513225815,0,0,0
