omega,S,S_edge,S_cont,Sr,Sr_edge,Sr_cont
-1.5175,0.0,0.0,0.0
-1.5124999999999993,0.009500176184455535,0.009500176184455535,0.0
-1.5075000000000003,0.09809308901568767,0.09809308901568767,0.0
-1.5024999999999995,0.3033270538894018,0.3033270538894018,0.0
-1.4975000000000005,0.5373782198559643,0.5373782198559643,0.0
-1.4924999999999997,0.8745289168909756,0.8745289168909756,0.0
-1.4875000000000007,1.1424489649373588,1.1424489649373588,0.0
-1.4825,1.4094039157205593,1.4094039157205593,0.0
-1.4774999999999991,1.52844263127626,1.52844263127626,0.0
-1.4725000000000001,1.4632985660114228,1.4632985660114228,0.0
-1.4674999999999994,1.3007701550335475,1.3007701550335475,0.0
-1.4625000000000004,1.1349393018582181,1.1349393018582181,0.0
-1.4574999999999996,1.0013788884205632,1.0013788884205632,0.0
-1.4525000000000006,0.897465056536304,0.897465056536304,0.0
-1.4474999999999998,0.8304511153240494,0.8304511153240494,0.0
-1.442499999999999,0.7765413853884483,0.7765413853884483,0.0
-1.4375,0.7356152295716033,0.7356152295716033,0.0
-1.4324999999999992,0.6979613566627375,0.6979613566627375,0.0
-1.4275000000000002,0.6739847215305402,0.6739847215305402,0.0
-1.4224999999999994,0.6520438384378691,0.6520438384378691,0.0
-1.4175000000000004,0.6273735396477592,0.6273735396477592,0.0
-1.4124999999999996,0.6039096124366278,0.6039096124366278,0.0
-1.4075000000000006,0.5925697195942299,0.5925697195942299,0.0
-1.4024999999999999,0.5786512075017657,0.5786512075017657,0.0
-1.397499999999999,0.5558055457248607,0.5558055457248607,0.0
-1.3925,0.5517189620010711,0.5517189620010711,0.0
-1.3874999999999993,0.5430330866324261,0.5430330866324261,0.0
-1.3825000000000003,0.5192223275923384,0.5192223275923384,0.0
-1.3774999999999995,0.5201421859213093,0.5201421859213093,0.0
-1.3725000000000005,0.5128285582237524,0.5128285582237524,0.0
-1.3674999999999997,0.49467266596012616,0.49467266596012616,0.0
-1.362499999999999,0.49489886063118466,0.49489886063118466,0.0
-1.3575,0.4848859765256632,0.4848859765256632,0.0
-1.3524999999999991,0.4744659420122366,0.4744659420122366,0.0
-1.3475000000000001,0.4792461893939389,0.4792461893939389,0.0
-1.3424999999999994,0.45768229741969846,0.45768229741969846,0.0
-1.3375000000000004,0.4630506509461527,0.4630506509461527,0.0
-1.3324999999999996,0.45872279290656753,0.45872279290656753,0.0
-1.3275000000000006,0.4370081044849547,0.4370081044849547,0.0
-1.3224999999999998,0.4587529521960419,0.4587529521960419,0.0
-1.317499999999999,0.4267690257083748,0.4267690257083748,0.0
-1.3125,0.4417129536429709,0.4417129536429709,0.0
-1.3074999999999992,0.4329969189848513,0.4329969189848513,0.0
-1.3025000000000002,0.41882205293185426,0.41882205293185426,0.0
-1.2974999999999994,0.4365104762086262,0.4365104762086262,0.0
-1.2925000000000004,0.40138998361561506,0.40138998361561506,0.0
-1.2874999999999996,0.43221277745851533,0.43221277745851533,0.0
-1.2825000000000006,0.39813278035237326,0.39813278035237326,0.0
-1.2774999999999999,0.4199077873529348,0.4199077873529348,0.0
-1.272499999999999,0.399685983760308,0.399685983760308,0.0
-1.2675,0.408432177707902,0.408432177707902,0.0
-1.2624999999999993,0.39469462135228456,0.39469462135228456,0.0
-1.2575000000000003,0.40467734616833145,0.40467734616833145,0.0
-1.2524999999999995,0.3875921086810487,0.3875921086810487,0.0
-1.2475000000000005,0.40019869168137384,0.40019869168137384,0.0
-1.2424999999999997,0.3799316491545354,0.3799316491545354,0.0
-1.237499999999999,0.3984796121813296,0.3984796121813296,0.0
-1.2325,0.372467225009606,0.372467225009606,0.0
-1.2274999999999991,0.39743911669446064,0.39743911669446064,0.0
-1.2225000000000001,0.36497264157520226,0.36497264157520226,0.0
-1.2174999999999994,0.39458906383912395,0.39458906383912395,0.0
-1.2125000000000004,0.36078050033825204,0.36078050033825204,0.0
-1.2074999999999996,0.39018580757585253,0.39018580757585253,0.0
-1.2025000000000006,0.3566788369697252,0.3566788369697252,0.0
-1.1974999999999998,0.3857674716678438,0.3857674716678438,0.0
-1.192499999999999,0.3542962531012427,0.3542962531012427,0.0
-1.1875,0.37938878194399506,0.37938878194399506,0.0
-1.1824999999999992,0.35381370446965127,0.35381370446965127,0.0
-1.1775000000000002,0.37079338444377347,0.37079338444377347,0.0
-1.1724999999999994,0.3551256335617904,0.3551256335617904,0.0
-1.1675000000000004,0.3630273674040994,0.3630273674040994,0.0
-1.1624999999999996,0.3575534563644846,0.3575534563644846,0.0
-1.1575000000000006,0.3535422708643811,0.3535422708643811,0.0
-1.1524999999999999,0.36240910196987297,0.36240910196987297,0.0
-1.147499999999999,0.3446905194036265,0.3446905194036265,0.0
-1.1425,0.365153597312049,0.365153597312049,0.0
-1.1374999999999993,0.3407999710614209,0.3407999710614209,0.0
-1.1325000000000003,0.36452025223308526,0.36452025223308526,0.0
-1.1274999999999995,0.3388396172455808,0.3388396172455808,0.0
-1.1225000000000005,0.35529150965389994,0.35529150965389994,0.0
-1.1174999999999997,0.3411166436009027,0.3411166436009027,0.0
-1.112499999999999,0.3438611389430788,0.3438611389430788,0.0
-1.1075,0.34464528046941484,0.34464528046941484,0.0
-1.1024999999999991,0.33736181206133226,0.33736181206133226,0.0
-1.0975000000000001,0.3518684302985485,0.3518684302985485,0.0
-1.0924999999999994,0.32686637932421947,0.32686637932421947,0.0
-1.0875000000000004,0.35800584570660154,0.35800584570660154,0.0
-1.0824999999999996,0.3200051409687793,0.3200051409687793,0.0
-1.0775000000000006,0.35232081964066536,0.35232081964066536,0.0
-1.0724999999999998,0.32369965392940103,0.32369965392940103,0.0
-1.067499999999999,0.34073965248247196,0.34073965248247196,0.0
-1.0625,0.3316164674164472,0.3316164674164472,0.0
-1.0574999999999992,0.3298219896927167,0.3298219896927167,0.0
-1.0525000000000002,0.3432579531535896,0.3432579531535896,0.0
-1.0474999999999994,0.31704953060028207,0.31704953060028207,0.0
-1.0425000000000004,0.34927473140374476,0.34927473140374476,0.0
-1.0374999999999996,0.3076699915737244,0.3076699915737244,0.0
-1.0325000000000006,0.34616832458787516,0.34616832458787516,0.0
-1.0274999999999999,0.31376216804756574,0.31376216804756574,0.0
-1.022499999999999,0.33107360020590687,0.33107360020590687,0.0
-1.0175,0.33197837889014076,0.33197837889014076,0.0
-1.0124999999999993,0.31655190232395336,0.31655190232395336,0.0
-1.0075000000000003,0.33633639621920053,0.33633639621920053,0.0
-1.0024999999999995,0.30242227520516796,0.30242227520516796,0.0
-0.9975000000000005,0.34218729837724615,0.34218729837724615,0.0
-0.9924999999999997,0.30744379690266593,0.30744379690266593,0.0
-0.9874999999999989,0.32872117562689884,0.32872117562689884,0.0
-0.9824999999999999,0.3227043973767437,0.3227043973767437,0.0
-0.9774999999999991,0.3102335311790536,0.3102335311790536,0.0
-0.9725000000000001,0.3319180603111919,0.3319180603111919,0.0
-0.9674999999999994,0.3002357267182694,0.3002357267182694,0.0
-0.9625000000000004,0.33330538762701706,0.33330538762701706,0.0
-0.9574999999999996,0.30754935441582654,0.30754935441582654,0.0
-0.9525000000000006,0.31967338878456025,0.31967338878456025,0.0
-0.9474999999999998,0.31753207923187343,0.31753207923187343,0.0
-0.942499999999999,0.3029651424157083,0.3029651424157083,0.0
-0.9375,0.3292942021269136,0.3292942021269136,0.0
-0.9324999999999992,0.30089923108670763,0.30089923108670763,0.0
-0.9275000000000002,0.31840669862663284,0.31840669862663284,0.0
-0.9224999999999994,0.3112891063106598,0.3112891063106598,0.0
-0.9175000000000004,0.30373420429730713,0.30373420429730713,0.0
-0.9124999999999996,0.3214377072188163,0.3214377072188163,0.0
-0.9075000000000006,0.30370404500783266,0.30370404500783266,0.0
-0.9024999999999999,0.31276691149490843,0.31276691149490843,0.0
-0.8974999999999991,0.30738347832371704,0.30738347832371704,0.0
-0.8925000000000001,0.3010047885998683,0.3010047885998683,0.0
-0.8874999999999993,0.31534553074497496,0.31534553074497496,0.0
-0.8825000000000003,0.3053477262841908,0.3053477262841908,0.0
-0.8774999999999995,0.3107462391001195,0.3107462391001195,0.0
-0.8725000000000005,0.30587551384999384,0.30587551384999384,0.0
-0.8674999999999997,0.29332924942861766,0.29332924942861766,0.0
-0.8624999999999989,0.31229944250805425,0.31229944250805425,0.0
-0.8574999999999999,0.30545328379735137,0.30545328379735137,0.0
-0.8524999999999991,0.3060564695868407,0.3060564695868407,0.0
-0.8475000000000001,0.3075644340605638,0.3075644340605638,0.0
-0.8424999999999994,0.28391955111258554,0.28391955111258554,0.0
-0.8375000000000004,0.3114700620475066,0.3114700620475066,0.0
-0.8324999999999996,0.3064786996394831,0.3064786996394831,0.0
-0.8275000000000006,0.29836585077085287,0.29836585077085287,0.0
-0.8224999999999998,0.3098113011264112,0.3098113011264112,0.0
-0.817499999999999,0.2763948083887073,0.2763948083887073,0.0
-0.8125,0.31251055753437545,0.31251055753437545,0.0
-0.8074999999999992,0.30668981466580436,0.30668981466580436,0.0
-0.8025000000000002,0.2883077277311197,0.2883077277311197,0.0
-0.7974999999999994,0.312344681442266,0.312344681442266,0.0
-0.7925000000000004,0.2723534635991293,0.2723534635991293,0.0
-0.7874999999999996,0.3108819559027546,0.3108819559027546,0.0
-0.7825000000000006,0.3093739914290315,0.3093739914290315,0.0
-0.7774999999999999,0.27410270238864815,0.27410270238864815,0.0
-0.7724999999999991,0.3161598315607854,0.3161598315607854,0.0
-0.7675000000000001,0.2753995518360499,0.2753995518360499,0.0
-0.7624999999999993,0.30423183257363573,0.30423183257363573,0.0
-0.7575000000000003,0.31352089373177,0.31352089373177,0.0
-0.7524999999999995,0.2546951996118318,0.2546951996118318,0.0
-0.7475000000000005,0.3236091760609775,0.3236091760609775,0.0
-0.7424999999999997,0.279908365612482,0.279908365612482,0.0
-0.7374999999999989,0.2924244707443838,0.2924244707443838,0.0
-0.7324999999999999,0.31905512335033376,0.31905512335033376,0.0
-0.7274999999999991,0.24397357220366056,0.24397357220366056,0.0
-0.7225000000000001,0.3265044678505259,0.3265044678505259,0.0
-0.7174999999999994,0.2887601170732367,0.2887601170732367,0.0
-0.7125000000000004,0.26704542865162395,0.26704542865162395,0.0
-0.7074999999999996,0.3285251402453148,0.3285251402453148,0.0
-0.7025000000000006,0.24608472246687293,0.24608472246687293,0.0
-0.6974999999999998,0.31810510573188827,0.31810510573188827,0.0
-0.692499999999999,0.30383976181046773,0.30383976181046773,0.0
-0.6875,0.23771551963770962,0.23771551963770962,0.0
-0.6824999999999992,0.33687926342974084,0.33687926342974084,0.0
-0.6775000000000002,0.2632604378225791,0.2632604378225791,0.0
-0.6724999999999994,0.28299969278361436,0.28299969278361436,0.0
-0.6675000000000004,0.3287664145611106,0.3287664145611106,0.0
-0.6624999999999996,0.22170093692677034,0.22170093692677034,0.0
-0.6575000000000006,0.337542767798179,0.337542767798179,0.0
-0.6524999999999999,0.2852616394941991,0.2852616394941991,0.0
-0.6474999999999991,0.23715757278243216,0.23715757278243216,0.0
-0.6425000000000001,0.34539926270627636,0.34539926270627636,0.0
-0.6374999999999993,0.24281243955889373,0.24281243955889373,0.0
-0.6325000000000003,0.29557611649446514,0.29557611649446514,0.0
-0.6274999999999995,0.3203821320872101,0.3203821320872101,0.0
-0.6225000000000005,0.21008961047910243,0.21008961047910243,0.0
-0.6174999999999997,0.3496668021669127,0.3496668021669127,0.0
-0.6124999999999989,0.27178043709911454,0.27178043709911454,0.0
-0.6074999999999999,0.23394560845340193,0.23394560845340193,0.0
-0.6024999999999991,0.3540700584301842,0.3540700584301842,0.0
-0.5975000000000001,0.22815502487430525,0.22815502487430525,0.0
-0.5924999999999994,0.29694836416555315,0.29694836416555315,0.0
-0.5875000000000004,0.3195376719819251,0.3195376719819251,0.0
-0.5824999999999996,0.20078546967623093,0.20078546967623093,0.0
-0.5775000000000006,0.3566486776802507,0.3566486776802507,0.0
-0.5724999999999998,0.2682518002306024,0.2682518002306024,0.0
-0.567499999999999,0.21903183980828042,0.21903183980828042,0.0
-0.5625,0.3655607477199542,0.3655607477199542,0.0
-0.5574999999999992,0.2233446182031285,0.2233446182031285,0.0
-0.5525000000000002,0.28028535673091287,0.28028535673091287,0.0
-0.5474999999999994,0.33332046727175435,0.33332046727175435,0.0
-0.5425000000000004,0.1930043729918197,0.1930043729918197,0.0
-0.5374999999999996,0.349093775666898,0.349093775666898,0.0
-0.5325000000000006,0.27932025946773,0.27932025946773,0.0
-0.5274999999999999,0.19850844332090903,0.19850844332090903,0.0
-0.5224999999999991,0.37652364944392114,0.37652364944392114,0.0
-0.5175000000000001,0.22918044071643692,0.22918044071643692,0.0
-0.5124999999999993,0.2434759439273319,0.2434759439273319,0.0
-0.5075000000000003,0.36065986318035415,0.36065986318035415,0.0
-0.5024999999999995,0.19199403679442523,0.19199403679442523,0.0
-0.4975000000000005,0.31576776079761737,0.31576776079761737,0.0
-0.4924999999999997,0.3100525754422068,0.3100525754422068,0.0
-0.48749999999999893,0.18359467467578752,0.18359467467578752,0.0
-0.48249999999999993,0.36806396874633457,0.36806396874633457,0.0
-0.47749999999999915,0.2529610404670502,0.2529610404670502,0.0
-0.47250000000000014,0.20339424821577182,0.20339424821577182,0.0
-0.46749999999999936,0.3852547637467779,0.3852547637467779,0.0
-0.46250000000000036,0.20428394725526847,0.20428394725526847,0.0
-0.4574999999999996,0.252885642243364,0.252885642243364,0.0
-0.45250000000000057,0.3620924294303911,0.3620924294303911,0.0
-0.4474999999999998,0.17670327703087296,0.17670327703087296,0.0
-0.442499999999999,0.31790907035030425,0.31790907035030425,0.0
-0.4375,0.30714220400792125,0.30714220400792125,0.0
-0.4324999999999992,0.17893506445198315,0.17893506445198315,0.0
-0.4275000000000002,0.36780761478580165,0.36780761478580165,0.0
-0.42249999999999943,0.24974907613802003,0.24974907613802003,0.0
-0.4175000000000004,0.19645761163664555,0.19645761163664555,0.0
-0.41249999999999964,0.39116598448377254,0.39116598448377254,0.0
-0.40750000000000064,0.1981012929130038,0.1981012929130038,0.0
-0.40249999999999986,0.23797187359824262,0.23797187359824262,0.0
-0.3974999999999991,0.376840321983403,0.376840321983403,0.0
-0.39250000000000007,0.1709277730965135,0.1709277730965135,0.0
-0.3874999999999993,0.2911879398759309,0.2911879398759309,0.0
-0.3825000000000003,0.33193313995592905,0.33193313995592905,0.0
-0.3774999999999995,0.170113472280703,0.170113472280703,0.0
-0.3725000000000005,0.3414182364956474,0.3414182364956474,0.0
-0.3674999999999997,0.27938057804667893,0.27938057804667893,0.0
-0.36249999999999893,0.17697471063614312,0.17697471063614312,0.0
-0.35749999999999993,0.38169596758879143,0.38169596758879143,0.0
-0.35249999999999915,0.22479226409790265,0.22479226409790265,0.0
-0.34750000000000014,0.20092118647886595,0.20092118647886595,0.0
-0.34249999999999936,0.39225171890485305,0.39225171890485305,0.0
-0.33750000000000036,0.1856756656495254,0.1856756656495254,0.0
-0.3324999999999996,0.24125923615095896,0.24125923615095896,0.0
-0.32750000000000057,0.3719243577990657,0.3719243577990657,0.0
-0.3224999999999998,0.16720310084641743,0.16720310084641743,0.0
-0.317499999999999,0.2850354448231406,0.2850354448231406,0.0
-0.3125,0.33348634336386385,0.33348634336386385,0.0
-0.3074999999999992,0.1642173311884457,0.1642173311884457,0.0
-0.3025000000000002,0.33096804269274627,0.33096804269274627,0.0
-0.29749999999999943,0.2859854624415861,0.2859854624415861,0.0
-0.2925000000000004,0.16818327775433745,0.16818327775433745,0.0
-0.28749999999999964,0.3672496679305241,0.3672496679305241,0.0
-0.28250000000000064,0.24486327124315715,0.24486327124315715,0.0
-0.27749999999999986,0.17938745379410012,0.17938745379410012,0.0
-0.2724999999999991,0.3851492062336173,0.3851492062336173,0.0
-0.26750000000000007,0.21251743328179665,0.21251743328179665,0.0
-0.2624999999999993,0.20033308033411398,0.20033308033411398,0.0
-0.2575000000000003,0.38207295870722224,0.38207295870722224,0.0
-0.2524999999999995,0.19071226699176058,0.19071226699176058,0.0
-0.2475000000000005,0.23183445819018955,0.23183445819018955,0.0
-0.24249999999999972,0.3633440399435813,0.3633440399435813,0.0
-0.23749999999999893,0.17677867525455912,0.17677867525455912,0.0
-0.23249999999999993,0.2710113752175157,0.2710113752175157,0.0
-0.22749999999999915,0.3330339540217469,0.3330339540217469,0.0
-0.22250000000000014,0.1679118441490673,0.1679118441490673,0.0
-0.21749999999999936,0.3061318678105268,0.3061318678105268,0.0
-0.21250000000000036,0.30175877083672975,0.30175877083672975,0.0
-0.20749999999999957,0.16521258774110292,0.16521258774110292,0.0
-0.20250000000000057,0.33608004225866756,0.33608004225866756,0.0
-0.1974999999999998,0.2716899592306911,0.2716899592306911,0.0
-0.192499999999999,0.1664189593200814,0.1664189593200814,0.0
-0.1875,0.35759869529869626,0.35759869529869626,0.0
-0.18249999999999922,0.24807523557218736,0.24807523557218736,0.0
-0.1775000000000002,0.1716214367544261,0.1716214367544261,0.0
-0.17249999999999943,0.3701751190095469,0.3701751190095469,0.0
-0.16750000000000043,0.2270391311637501,0.2270391311637501,0.0
-0.16249999999999964,0.18256925883365585,0.18256925883365585,0.0
-0.15750000000000064,0.37353787978594943,0.37353787978594943,0.0
-0.15249999999999986,0.21090391129491295,0.21090391129491295,0.0
-0.14749999999999908,0.19804097433405485,0.19804097433405485,0.0
-0.14250000000000007,0.36785285372001336,0.36785285372001336,0.0
-0.1374999999999993,0.19837272651827398,0.19837272651827398,0.0
-0.13250000000000028,0.21612146837399485,0.21612146837399485,0.0
-0.1274999999999995,0.35815664215397386,0.35815664215397386,0.0
-0.1225000000000005,0.18826936454432916,0.18826936454432916,0.0
-0.11749999999999972,0.23406624561129974,0.23406624561129974,0.0
-0.11249999999999893,0.3451881476799551,0.3451881476799551,0.0
-0.10749999999999993,0.18201131197837828,0.18201131197837828,0.0
-0.10249999999999915,0.2503824212169837,0.2503824212169837,0.0
-0.09750000000000014,0.3340895291533531,0.3340895291533531,0.0
-0.09249999999999936,0.17688423276771975,0.17688423276771975,0.0
-0.08750000000000036,0.2638183846778565,0.2638183846778565,0.0
-0.08249999999999957,0.32324726458728403,0.32324726458728403,0.0
-0.07750000000000057,0.1735214719913172,0.1735214719913172,0.0
-0.07249999999999979,0.2739971448754875,0.2739971448754875,0.0
-0.067499999999999,0.315812999731829,0.315812999731829,0.0
-0.0625,0.16984203867543285,0.16984203867543285,0.0
-0.05749999999999922,0.2824869848625486,0.2824869848625486,0.0
-0.05250000000000021,0.30946446929745486,0.30946446929745486,0.0
-0.04749999999999943,0.16726341942536635,0.16726341942536635,0.0
-0.042500000000000426,0.2883378870205942,0.2883378870205942,0.0
-0.037499999999999645,0.30359848749467194,0.30359848749467194,0.0
-0.03250000000000064,0.16656975576745373,0.16656975576745373,0.0
-0.027499999999999858,0.29109746200750747,0.29109746200750747,0.0
-0.022499999999999076,0.29978333737615254,0.29978333737615254,0.0
-0.01750000000000007,0.16673563185956328,0.16673563185956328,0.0
-0.01249999999999929,0.2916403292180479,0.2916403292180479,0.0
-0.007500000000000284,0.29724995706029766,0.29724995706029766,0.0
-0.0024999999999995026,0.16702214510957067,0.16702214510957067,0.0
0.0024999999999995026,0.2908109487575001,0.2908109487575001,0.0
0.007500000000000284,0.2960737447707937,0.2960737447707937,0.0
0.012500000000001066,0.16801740166222792,0.16801740166222792,0.0
0.01750000000000007,0.28833788702059415,0.28833788702059415,0.0
0.022500000000000853,0.2962396208629032,0.2962396208629032,0.0
0.027499999999999858,0.16804756095170237,0.16804756095170237,0.0
0.03250000000000064,0.2854425952310458,0.2854425952310458,0.0
0.037499999999999645,0.29711424025766264,0.29711424025766264,0.0
0.042500000000000426,0.168545189228031,0.168545189228031,0.0
0.04749999999999943,0.2820798344546433,0.2820798344546433,0.0
0.05250000000000021,0.29899919584981655,0.29899919584981655,0.0
0.057500000000000995,0.16911821572804575,0.16911821572804575,0.0
0.0625,0.2766662419939774,0.2766662419939774,0.0
0.06750000000000078,0.3013063814946129,0.3013063814946129,0.0
0.07249999999999979,0.1709730120307252,0.1709730120307252,0.0
0.07750000000000057,0.2707851805464573,0.2707851805464573,0.0
0.08249999999999957,0.3034175317578252,0.3034175317578252,0.0
0.08750000000000036,0.17407941884659478,0.17407941884659478,0.0
0.09249999999999936,0.26294376528309715,0.26294376528309715,0.0
0.09750000000000014,0.30530248734997906,0.30530248734997906,0.0
0.10250000000000092,0.17851283439934068,0.17851283439934068,0.0
0.10749999999999993,0.2554793411381678,0.2554793411381678,0.0
0.11250000000000071,0.30655409786316923,0.30655409786316923,0.0
0.11749999999999972,0.18354943574157584,0.18354943574157584,0.0
0.1225000000000005,0.24588868708528885,0.24588868708528885,0.0
0.1274999999999995,0.30858984990269545,0.30858984990269545,0.0
0.13250000000000028,0.18875191317592055,0.18875191317592055,0.0
0.13750000000000107,0.23623771445346106,0.23623771445346106,0.0
0.14250000000000007,0.3092231949816591,0.3092231949816591,0.0
0.14750000000000085,0.1971814345840327,0.1971814345840327,0.0
0.15249999999999986,0.22305810495312117,0.22305810495312117,0.0
0.15750000000000064,0.31166609742909057,0.31166609742909057,0.0
0.16249999999999964,0.2074959115842987,0.2074959115842987,0.0
0.16750000000000043,0.20945626540013867,0.20945626540013867,0.0
0.17249999999999943,0.31091211519222905,0.31091211519222905,0.0
0.1775000000000002,0.21916755661091553,0.21916755661091553,0.0
0.182500000000001,0.19725683280771883,0.19725683280771883,0.0
0.1875,0.30855969061322097,0.30855969061322097,0.0
0.19250000000000078,0.23025109549278028,0.23025109549278028,0.0
0.1974999999999998,0.18979240866278949,0.18979240866278949,0.0
0.20250000000000057,0.301834169060416,0.301834169060416,0.0
0.20749999999999957,0.24364182001944146,0.24364182001944146,0.0
0.21250000000000036,0.1840772233073789,0.1840772233073789,0.0
0.21749999999999936,0.2913387363233032,0.2913387363233032,0.0
0.22250000000000014,0.25550950042764226,0.25550950042764226,0.0
0.22750000000000092,0.1839113472152694,0.1839113472152694,0.0
0.23249999999999993,0.2777972153492697,0.2777972153492697,0.0
0.2375000000000007,0.2637279068094331,0.2637279068094331,0.0
0.24249999999999972,0.19012416084700856,0.19012416084700856,0.0
0.2475000000000005,0.26099849111199436,0.26099849111199436,0.0
0.2524999999999995,0.2692319771385225,0.2692319771385225,0.0
0.2575000000000003,0.20067991216307024,0.20067991216307024,0.0
0.26250000000000107,0.23944967878249124,0.23944967878249124,0.0
0.26750000000000007,0.27564082615184565,0.27564082615184565,0.0
0.27250000000000085,0.213196017294972,0.213196017294972,0.0
0.27749999999999986,0.21790086645298812,0.21790086645298812,0.0
0.28250000000000064,0.28058694962565744,0.28058694962565744,0.0
0.28749999999999964,0.22575736136108546,0.22575736136108546,0.0
0.2925000000000004,0.20170532800520197,0.20170532800520197,0.0
0.29749999999999943,0.28153696724410304,0.28153696724410304,0.0
0.3025000000000002,0.23581548440081856,0.23581548440081856,0.0
0.307500000000001,0.19624649661032434,0.19624649661032434,0.0
0.3125,0.2745852510202395,0.2745852510202395,0.0
0.3175000000000008,0.24646171358530367,0.24646171358530367,0.0
0.3224999999999998,0.19736239032087946,0.19736239032087946,0.0
0.32750000000000057,0.2606214999935636,0.2606214999935636,0.0
0.3324999999999996,0.25186022640123235,0.25186022640123235,0.0
0.33750000000000036,0.2064403364526925,0.2064403364526925,0.0
0.34249999999999936,0.24331006783522235,0.24331006783522235,0.0
0.34750000000000014,0.2518149874670207,0.2518149874670207,0.0
0.3525000000000009,0.22240968022942015,0.22240968022942015,0.0
0.35749999999999993,0.22343509607155188,0.22343509607155188,0.0
0.3625000000000007,0.2529308811775758,0.2529308811775758,0.0
0.3674999999999997,0.23629803303240993,0.23629803303240993,0.0
0.3725000000000005,0.20687764615007223,0.20687764615007223,0.0
0.3774999999999995,0.25588649154607307,0.25588649154607307,0.0
0.3825000000000003,0.2449235898221061,0.2449235898221061,0.0
0.38750000000000107,0.20470617730791096,0.20470617730791096,0.0
0.39250000000000007,0.2455116959668581,0.2455116959668581,0.0
0.39750000000000085,0.24689902328268337,0.24689902328268337,0.0
0.40249999999999986,0.21461350390027173,0.21461350390027173,0.0
0.40750000000000064,0.2323924050454671,0.2323924050454671,0.0
0.41249999999999964,0.2407163689404186,0.2407163689404186,0.0
0.4175000000000004,0.23356861733497114,0.23356861733497114,0.0
0.42249999999999943,0.21625718517662992,0.21625718517662992,0.0
0.4275000000000002,0.23765520105876073,0.23765520105876073,0.0
0.432500000000001,0.24564741276949312,0.24564741276949312,0.0
0.4375,0.2079181416369412,0.2079181416369412,0.0
0.4425000000000008,0.23533293576922715,0.23533293576922715,0.0
0.4474999999999998,0.2517094299538601,0.2517094299538601,0.0
0.45250000000000057,0.21376904379498685,0.21376904379498685,0.0
0.4574999999999996,0.2196953441767186,0.2196953441767186,0.0
0.46250000000000036,0.23999254599303158,0.23999254599303158,0.0
0.46749999999999936,0.23394560845340193,0.23394560845340193,0.0
0.47250000000000014,0.21051184053174493,0.21051184053174493,0.0
0.4775000000000009,0.23083920163753233,0.23083920163753233,0.0
0.48249999999999993,0.2533832705196927,0.2533832705196927,0.0
0.4875000000000007,0.20310773496576445,0.20310773496576445,0.0
0.4924999999999997,0.22524465344001962,0.22524465344001962,0.0
0.4975000000000005,0.2571984206382122,0.2571984206382122,0.0
0.5024999999999995,0.210195167992263,0.210195167992263,0.0
0.5075000000000003,0.20686256650533502,0.20686256650533502,0.0
0.5125000000000011,0.24109336005884935,0.24109336005884935,0.0
0.5175000000000001,0.23972111238776142,0.23972111238776142,0.0
0.5225000000000009,0.19418058528132373,0.19418058528132373,0.0
0.5274999999999999,0.22841137883483817,0.22841137883483817,0.0
0.5325000000000006,0.26380330503311933,0.26380330503311933,0.0
0.5374999999999996,0.19476869142607572,0.19476869142607572,0.0
0.5425000000000004,0.21316585800549756,0.21316585800549756,0.0
0.5474999999999994,0.26024450887513273,0.26024450887513273,0.0
0.5525000000000002,0.21354284912392832,0.21354284912392832,0.0
0.557500000000001,0.18997336439963627,0.18997336439963627,0.0
0.5625,0.23917824517722105,0.23917824517722105,0.0
0.5675000000000008,0.25018638583539976,0.25018638583539976,0.0
0.5724999999999998,0.18261449776786753,0.18261449776786753,0.0
0.5775000000000006,0.21909215838722934,0.21909215838722934,0.0
0.5824999999999996,0.2739066670070641,0.2739066670070641,0.0
0.5875000000000004,0.19537187721556498,0.19537187721556498,0.0
0.5924999999999994,0.19050115196543935,0.19050115196543935,0.0
0.5975000000000001,0.2542126509802403,0.2542126509802403,0.0
0.6025000000000009,0.22862249386115932,0.22862249386115932,0.0
0.6074999999999999,0.17335559589920768,0.17335559589920768,0.0
0.6125000000000007,0.22767247624271383,0.22767247624271383,0.0
0.6174999999999997,0.2721875875070197,0.2721875875070197,0.0
0.6225000000000005,0.1830819667547217,0.1830819667547217,0.0
0.6274999999999995,0.1916924438996806,0.1916924438996806,0.0
0.6325000000000003,0.2670605082963612,0.2670605082963612,0.0
0.6375000000000011,0.2141309552686803,0.2141309552686803,0.0
0.6425000000000001,0.1677761273464322,0.1677761273464322,0.0
0.6475000000000009,0.23215113072967145,0.23215113072967145,0.0
0.6524999999999999,0.2671359065200473,0.2671359065200473,0.0
0.6575000000000006,0.17593421514927418,0.17593421514927418,0.0
0.6624999999999996,0.1882844441890664,0.1882844441890664,0.0
0.6675000000000004,0.2704081894280265,0.2704081894280265,0.0
0.6724999999999994,0.209079274281708,0.209079274281708,0.0
0.6775000000000002,0.16418717189897125,0.16418717189897125,0.0
0.682500000000001,0.22886376817695506,0.22886376817695506,0.0
0.6875,0.2653263491515796,0.2653263491515796,0.0
0.6925000000000008,0.1727825693991929,0.1727825693991929,0.0
0.6974999999999998,0.18033747141254564,0.18033747141254564,0.0
0.7025000000000006,0.2696240479016905,0.2696240479016905,0.0
0.7074999999999996,0.21268330937390614,0.21268330937390614,0.0
0.7125000000000004,0.1599045527935976,0.1599045527935976,0.0
0.7174999999999994,0.21643814091347668,0.21643814091347668,0.0
0.7225000000000001,0.2666231985989815,0.2666231985989815,0.0
0.7275000000000009,0.17828663972828224,0.17828663972828224,0.0
0.7324999999999999,0.1672332601358919,0.1672332601358919,0.0
0.7375000000000007,0.2557055358092263,0.2557055358092263,0.0
0.7424999999999997,0.22851693634799874,0.22851693634799874,0.0
0.7475000000000005,0.15833626974092554,0.15833626974092554,0.0
0.7524999999999995,0.1969853992024487,0.1969853992024487,0.0
0.7575000000000003,0.26484380051998824,0.26484380051998824,0.0
0.7625000000000011,0.19559807188662343,0.19559807188662343,0.0
0.7675000000000001,0.15700926100404924,0.15700926100404924,0.0
0.7725000000000009,0.22578752065055993,0.22578752065055993,0.0
0.7774999999999999,0.24932684608537756,0.24932684608537756,0.0
0.7825000000000006,0.16702214510957064,0.16702214510957064,0.0
0.7874999999999996,0.1698269590306956,0.1698269590306956,0.0
0.7925000000000004,0.2429330767167916,0.2429330767167916,0.0
0.7974999999999994,0.22491290125580052,0.22491290125580052,0.0
0.8025000000000002,0.15509414612242092,0.15509414612242092,0.0
0.807500000000001,0.19154164745230828,0.19154164745230828,0.0
0.8125,0.2451196252036901,0.2451196252036901,0.0
0.8175000000000008,0.20037831926832572,0.20037831926832572,0.0
0.8224999999999998,0.15657195130666957,0.15657195130666957,0.0
0.8275000000000006,0.20663637183427652,0.20663637183427652,0.0
0.8324999999999996,0.2388615726377392,0.2388615726377392,0.0
0.8375000000000004,0.17824140079407053,0.17824140079407053,0.0
0.8424999999999994,0.16316175605683952,0.16316175605683952,0.0
0.8475000000000001,0.21354284912392832,0.21354284912392832,0.0
0.8525000000000009,0.23020585655856865,0.23020585655856865,0.0
0.8574999999999999,0.16444352585950417,0.16444352585950417,0.0
0.8625000000000007,0.16960076435963714,0.16960076435963714,0.0
0.8674999999999997,0.21550320293976832,0.21550320293976832,0.0
0.8725000000000005,0.2179913443214115,0.2179913443214115,0.0
0.8774999999999995,0.15814023435934157,0.15814023435934157,0.0
0.8825000000000003,0.17290320655709074,0.17290320655709074,0.0
0.8875000000000011,0.21491509679501633,0.21491509679501633,0.0
0.8925000000000001,0.20547523918950975,0.20547523918950975,0.0
0.8975000000000009,0.1579592786224948,0.1579592786224948,0.0
0.9024999999999999,0.17602469301769755,0.17602469301769755,0.0
0.9075000000000006,0.20966738042645996,0.20966738042645996,0.0
0.9124999999999996,0.19422582421553541,0.19422582421553541,0.0
0.9175000000000004,0.15640607521456001,0.15640607521456001,0.0
0.9224999999999994,0.17611517088612097,0.17611517088612097,0.0
0.9275000000000002,0.20467601801843655,0.20467601801843655,0.0
0.932500000000001,0.1843034179784374,0.1843034179784374,0.0
0.9375,0.14955991650385714,0.14955991650385714,0.0
0.9425000000000008,0.17688423276771975,0.17688423276771975,0.0
0.9474999999999998,0.19819177078142713,0.19819177078142713,0.0
0.9525000000000006,0.18796777164958453,0.18796777164958453,0.0
0.9574999999999996,0.12555312208218533,0.12555312208218533,0.0
0.9625000000000004,0.17849775475460347,0.17849775475460347,0.0
0.9674999999999994,0.17768345393879298,0.17768345393879298,0.0
0.9725000000000001,0.2241287597294645,0.2241287597294645,0.0
0.9775000000000009,0.10147092943682742,0.10147092943682742,0.0
0.9824999999999999,0.1340278824245092,0.1340278824245092,0.0
0.9875000000000007,0.16964600329384885,0.16964600329384885,0.0
0.9924999999999997,0.23563452866397178,0.23563452866397178,0.0
0.9975000000000005,0.1809557368467721,0.1809557368467721,0.0
1.0024999999999995,0.03637210310620119,0.03637210310620119,0.0
1.0075000000000003,0.10748770768698264,0.10748770768698264,0.0
1.012500000000001,0.1743206931623905,0.1743206931623905,0.0
1.0175,0.26751289763847813,0.26751289763847813,0.0
1.0225000000000009,0.17043014482018487,0.17043014482018487,0.0
1.0274999999999999,0.028681484290213374,0.028681484290213374,0.0
1.0325000000000006,0.00015079644737231004,0.00015079644737231004,0.0
