omega,S,S_edge,S_cont,Sr,Sr_edge,Sr_cont
-1.5274999999999999,0.0,0.0,0.0
-1.522499999999999,0.0014265972239951247,0.0014265972239951247,0.0
-1.5175,0.0030322652292448676,0.0030322652292448676,0.0
-1.5124999999999993,0.008690901916890802,0.008690901916890802,0.0
-1.5075000000000003,0.04003425766249081,0.04003425766249081,0.0
-1.5024999999999995,0.14412213377975858,0.14412213377975858,0.0
-1.4975000000000005,0.31534961481542456,0.31534961481542456,0.0
-1.4924999999999997,0.6382679546518759,0.6382679546518759,0.0
-1.4875000000000007,1.142656624211749,1.142656624211749,0.0
-1.4825,1.6112967968071588,1.6112967968071588,0.0
-1.4774999999999991,1.655503403672881,1.655503403672881,0.0
-1.4725000000000001,1.3600366146027676,1.3600366146027676,0.0
-1.4674999999999994,1.1512938048942636,1.1512938048942636,0.0
-1.4625000000000004,0.9661525241551175,0.9661525241551175,0.0
-1.4574999999999996,0.8600172721055076,0.8600172721055076,0.0
-1.4525000000000006,0.784330021895224,0.784330021895224,0.0
-1.4474999999999998,0.7262872126645615,0.7262872126645615,0.0
-1.442499999999999,0.6823074287884284,0.6823074287884284,0.0
-1.4375,0.643311781657215,0.643311781657215,0.0
-1.4324999999999992,0.6099807402396893,0.6099807402396893,0.0
-1.4275000000000002,0.5816099594629164,0.5816099594629164,0.0
-1.4224999999999994,0.5570533863268664,0.5570533863268664,0.0
-1.4175000000000004,0.5351709368575522,0.5351709368575522,0.0
-1.4124999999999996,0.5156820668310079,0.5156820668310079,0.0
-1.4075000000000006,0.4979003382524243,0.4979003382524243,0.0
-1.4024999999999999,0.4807931096165665,0.4807931096165665,0.0
-1.397499999999999,0.465870544512015,0.465870544512015,0.0
-1.3925,0.45261333767313133,0.45261333767313133,0.0
-1.3874999999999993,0.4396068299280044,0.4396068299280044,0.0
-1.3825000000000003,0.4271494725787247,0.4271494725787247,0.0
-1.3774999999999995,0.41775422558889913,0.41775422558889913,0.0
-1.3725000000000005,0.4057922974010905,0.4057922974010905,0.0
-1.3674999999999997,0.3979310901040128,0.3979310901040128,0.0
-1.362499999999999,0.38642280789538264,0.38642280789538264,0.0
-1.3575,0.378758578457685,0.378758578457685,0.0
-1.3524999999999991,0.37185838435334034,0.37185838435334034,0.0
-1.3475000000000001,0.36264220814476933,0.36264220814476933,0.0
-1.3424999999999994,0.35500185481123897,0.35500185481123897,0.0
-1.3375000000000004,0.34924174468088204,0.34924174468088204,0.0
-1.3324999999999996,0.3425743425921684,0.3425743425921684,0.0
-1.3275000000000006,0.3343430556804978,0.3343430556804978,0.0
-1.3224999999999998,0.3282964323001335,0.3282964323001335,0.0
-1.317499999999999,0.32367043711772253,0.32367043711772253,0.0
-1.3125,0.31810730484674576,0.31810730484674576,0.0
-1.3074999999999992,0.3124725442632671,0.3124725442632671,0.0
-1.3025000000000002,0.30812709330482174,0.30812709330482174,0.0
-1.2974999999999994,0.3017581425181991,0.3017581425181991,0.0
-1.2925000000000004,0.29648152349722967,0.29648152349722967,0.0
-1.2874999999999996,0.29187940441898597,0.29187940441898597,0.0
-1.2825000000000006,0.2876473649553351,0.2876473649553351,0.0
-1.2774999999999999,0.28333175912709885,0.28333175912709885,0.0
-1.272499999999999,0.2795891797988774,0.2795891797988774,0.0
-1.2675,0.27516613150188823,0.27516613150188823,0.0
-1.2624999999999993,0.2719846406215979,0.2719846406215979,0.0
-1.2575000000000003,0.26701841095480316,0.26701841095480316,0.0
-1.2524999999999995,0.26273265025677595,0.26273265025677595,0.0
-1.2475000000000005,0.25857820813166876,0.25857820813166876,0.0
-1.2424999999999997,0.2552952438086674,0.2552952438086674,0.0
-1.237499999999999,0.2528121289752701,0.2528121289752701,0.0
-1.2325,0.2496724212772724,0.2496724212772724,0.0
-1.2274999999999991,0.24600147026155278,0.24600147026155278,0.0
-1.2225000000000001,0.24307664750106064,0.24307664750106064,0.0
-1.2174999999999994,0.23864763017802976,0.23864763017802976,0.0
-1.2125000000000004,0.23688676749569268,0.23688676749569268,0.0
-1.2074999999999996,0.23389031642269867,0.23389031642269867,0.0
-1.2025000000000006,0.22944936104758415,0.22944936104758415,0.0
-1.1974999999999998,0.22732438777669609,0.22732438777669609,0.0
-1.192499999999999,0.2265543834173012,0.2265543834173012,0.0
-1.1875,0.22239397226615223,0.22239397226615223,0.0
-1.1824999999999992,0.21762472045873757,0.21762472045873757,0.0
-1.1775000000000002,0.2177321629274903,0.2177321629274903,0.0
-1.1724999999999994,0.21576238433368955,0.21576238433368955,0.0
-1.1675000000000004,0.21136321214086773,0.21136321214086773,0.0
-1.1624999999999996,0.20781164164598445,0.20781164164598445,0.0
-1.1575000000000006,0.20904126101059956,0.20904126101059956,0.0
-1.1524999999999999,0.20583589402614189,0.20583589402614189,0.0
-1.147499999999999,0.19882228842700264,0.19882228842700264,0.0
-1.1425,0.2022902925573004,0.2022902925573004,0.0
-1.1374999999999993,0.19985492993223763,0.19985492993223763,0.0
-1.1325000000000003,0.19210713412995448,0.19210713412995448,0.0
-1.1274999999999995,0.19541994358316492,0.19541994358316492,0.0
-1.1225000000000005,0.19331287739040223,0.19331287739040223,0.0
-1.1174999999999997,0.1875169531037944,0.1875169531037944,0.0
-1.112499999999999,0.18840036895798382,0.18840036895798382,0.0
-1.1075,0.18537407275478082,0.18537407275478082,0.0
-1.1024999999999991,0.18496817898393703,0.18496817898393703,0.0
-1.0975000000000001,0.17990644490047314,0.17990644490047314,0.0
-1.0924999999999994,0.18223436505678317,0.18223436505678317,0.0
-1.0875000000000004,0.1765697593430954,0.1765697593430954,0.0
-1.0824999999999996,0.1755908390722368,0.1755908390722368,0.0
-1.0775000000000006,0.1773218566243648,0.1773218566243648,0.0
-1.0724999999999998,0.16880405646268679,0.16880405646268679,0.0
-1.067499999999999,0.1760982062857916,0.1760982062857916,0.0
-1.0625,0.164172092254234,0.164172092254234,0.0
-1.0574999999999992,0.17177663143151345,0.17177663143151345,0.0
-1.0525000000000002,0.16359906575421926,0.16359906575421926,0.0
-1.0474999999999994,0.16595086201469655,0.16595086201469655,0.0
-1.0425000000000004,0.16305588438441357,0.16305588438441357,0.0
-1.0374999999999996,0.16112788897290548,0.16112788897290548,0.0
-1.0325000000000006,0.15973113687911944,0.15973113687911944,0.0
-1.0274999999999999,0.15840004407179348,0.15840004407179348,0.0
-1.022499999999999,0.15620344248840348,0.15620344248840348,0.0
-1.0175,0.15635863716549084,0.15635863716549084,0.0
-1.0124999999999993,0.15357110200396062,0.15357110200396062,0.0
-1.0075000000000003,0.15443064175398277,0.15443064175398277,0.0
-1.0024999999999995,0.1497210802069863,0.1497210802069863,0.0
-0.9975000000000005,0.15083728807680677,0.15083728807680677,0.0
-0.9924999999999997,0.14771548745693458,0.14771548745693458,0.0
-0.9874999999999989,0.14766176622255822,0.14766176622255822,0.0
-0.9824999999999999,0.14562035931625555,0.14562035931625555,0.0
-0.9774999999999991,0.14442655410789143,0.14442655410789143,0.0
-0.9725000000000001,0.14344763383703285,0.14344763383703285,0.0
-0.9674999999999994,0.14095258095155183,0.14095258095155183,0.0
-0.9625000000000004,0.14239708525367242,0.14239708525367242,0.0
-0.9574999999999996,0.13806954137335248,0.13806954137335248,0.0
-0.9525000000000006,0.1400751341234042,0.1400751341234042,0.0
-0.9474999999999998,0.13589681589412977,0.13589681589412977,0.0
-0.942499999999999,0.13608185570142622,0.13608185570142622,0.0
-0.9375,0.1361057318055935,0.1361057318055935,0.0
-0.9324999999999992,0.13102609064400417,0.13102609064400417,0.0
-0.9275000000000002,0.13712643525874485,0.13712643525874485,0.0
-0.9224999999999994,0.12800576346684295,0.12800576346684295,0.0
-0.9175000000000004,0.13327641346177055,0.13327641346177055,0.0
-0.9124999999999996,0.12783863073767193,0.12783863073767193,0.0
-0.9075000000000006,0.1278445997637138,0.1278445997637138,0.0
-0.9024999999999999,0.12830421476893394,0.12830421476893394,0.0
-0.8974999999999991,0.12454372836258698,0.12454372836258698,0.0
-0.8925000000000001,0.12534357785219094,0.12534357785219094,0.0
-0.8874999999999993,0.12568978136261652,0.12568978136261652,0.0
-0.8825000000000003,0.12158309144584395,0.12158309144584395,0.0
-0.8774999999999995,0.12417364874799414,0.12417364874799414,0.0
-0.8725000000000005,0.12051463578435807,0.12051463578435807,0.0
-0.8674999999999997,0.11834191030513537,0.11834191030513537,0.0
-0.8624999999999989,0.12229937457086243,0.12229937457086243,0.0
-0.8574999999999999,0.11656314054467282,0.11656314054467282,0.0
-0.8524999999999991,0.11720779535718945,0.11720779535718945,0.0
-0.8475000000000001,0.11870005186764462,0.11870005186764462,0.0
-0.8424999999999994,0.11366219388834803,0.11366219388834803,0.0
-0.8375000000000004,0.11520220260713775,0.11520220260713775,0.0
-0.8324999999999996,0.11560212735193974,0.11560212735193974,0.0
-0.8275000000000006,0.11017031365388295,0.11017031365388295,0.0
-0.8224999999999998,0.11370994609668258,0.11370994609668258,0.0
-0.817499999999999,0.11403824252898273,0.11403824252898273,0.0
-0.8125,0.10509067249229362,0.10509067249229362,0.0
-0.8074999999999992,0.11242063647164931,0.11242063647164931,0.0
-0.8025000000000002,0.11153722061745988,0.11153722061745988,0.0
-0.7974999999999994,0.10250608421618528,0.10250608421618528,0.0
-0.7925000000000004,0.11062992865910315,0.11062992865910315,0.0
-0.7874999999999996,0.10783642447153109,0.10783642447153109,0.0
-0.7825000000000006,0.10128840290365389,0.10128840290365389,0.0
-0.7774999999999999,0.1084452651277968,0.1084452651277968,0.0
-0.7724999999999991,0.10396252657038953,0.10396252657038953,0.0
-0.7675000000000001,0.10093623036718648,0.10093623036718648,0.0
-0.7624999999999993,0.10606362373711037,0.10606362373711037,0.0
-0.7575000000000003,0.1005900268567609,0.1005900268567609,0.0
-0.7524999999999995,0.10101382770573016,0.10101382770573016,0.0
-0.7475000000000005,0.10235685856513976,0.10235685856513976,0.0
-0.7424999999999997,0.09746822623688872,0.09746822623688872,0.0
-0.7374999999999989,0.10159879225782857,0.10159879225782857,0.0
-0.7324999999999999,0.09759954480980874,0.09759954480980874,0.0
-0.7274999999999991,0.09494929724724041,0.09494929724724041,0.0
-0.7225000000000001,0.10312686292453464,0.10312686292453464,0.0
-0.7174999999999994,0.093266031903447,0.093266031903447,0.0
-0.7125000000000004,0.09287804521072865,0.09287804521072865,0.0
-0.7074999999999996,0.10218375680992701,0.10218375680992701,0.0
-0.7025000000000006,0.09136191259610621,0.09136191259610621,0.0
-0.6974999999999998,0.09015020030961662,0.09015020030961662,0.0
-0.692499999999999,0.09922908891922579,0.09922908891922579,0.0
-0.6875,0.09228114260654659,0.09228114260654659,0.0
-0.6824999999999992,0.08708212092412083,0.08708212092412083,0.0
-0.6775000000000002,0.09526565562745688,0.09526565562745688,0.0
-0.6724999999999994,0.09447177516389475,0.09447177516389475,0.0
-0.6675000000000004,0.08433039991884154,0.08433039991884154,0.0
-0.6624999999999996,0.08981593485127469,0.08981593485127469,0.0
-0.6575000000000006,0.09506867776807681,0.09506867776807681,0.0
-0.6524999999999999,0.08583459448138032,0.08583459448138032,0.0
-0.6474999999999991,0.08498102375739999,0.08498102375739999,0.0
-0.6425000000000001,0.09142160285652443,0.09142160285652443,0.0
-0.6374999999999993,0.08921903224709261,0.08921903224709261,0.0
-0.6325000000000003,0.08188906826773691,0.08188906826773691,0.0
-0.6274999999999995,0.08575102811679484,0.08575102811679484,0.0
-0.6225000000000005,0.0902277976481603,0.0902277976481603,0.0
-0.6174999999999997,0.0831604708146447,0.0831604708146447,0.0
-0.6124999999999989,0.08035502857498902,0.08035502857498902,0.0
-0.6074999999999999,0.08764917839809382,0.08764917839809382,0.0
-0.6024999999999991,0.085213815773031,0.085213815773031,0.0
-0.5975000000000001,0.08181743995523506,0.08181743995523506,0.0
-0.5924999999999994,0.07905378089787213,0.07905378089787213,0.0
-0.5875000000000004,0.08633599266889326,0.08633599266889326,0.0
-0.5824999999999996,0.07994913480414521,0.07994913480414521,0.0
-0.5775000000000006,0.0816801523562732,0.0816801523562732,0.0
-0.5724999999999998,0.07830765264264454,0.07830765264264454,0.0
-0.567499999999999,0.08247403281983534,0.08247403281983534,0.0
-0.5625,0.07713772353844771,0.07713772353844771,0.0
-0.5574999999999992,0.08355442653340486,0.08355442653340486,0.0
-0.5525000000000002,0.07535895377798515,0.07535895377798515,0.0
-0.5474999999999994,0.07798532523638625,0.07798532523638625,0.0
-0.5425000000000004,0.07751974120512421,0.07751974120512421,0.0
-0.5374999999999996,0.08325000620527202,0.08325000620527202,0.0
-0.5325000000000006,0.07166412665809821,0.07166412665809821,0.0
-0.5274999999999999,0.07546042722069611,0.07546042722069611,0.0
-0.5224999999999991,0.07763315269991881,0.07763315269991881,0.0
-0.5175000000000001,0.0803789046791563,0.0803789046791563,0.0
-0.5124999999999993,0.07075086567369965,0.07075086567369965,0.0
-0.5075000000000003,0.07318622829876245,0.07318622829876245,0.0
-0.5024999999999995,0.07709594035615495,0.07709594035615495,0.0
-0.4975000000000005,0.07550817942903068,0.07550817942903068,0.0
-0.4924999999999997,0.0726490159549986,0.0726490159549986,0.0
-0.48749999999999893,0.07121644970496166,0.07121644970496166,0.0
-0.48249999999999993,0.07482771046026314,0.07482771046026314,0.0
-0.47749999999999915,0.07191482575185466,0.07191482575185466,0.0
-0.47250000000000014,0.0731086309602188,0.0731086309602188,0.0
-0.46749999999999936,0.0724759141997858,0.0724759141997858,0.0
-0.46250000000000036,0.06934217552782998,0.06934217552782998,0.0
-0.4574999999999996,0.07115675944454346,0.07115675944454346,0.0
-0.45250000000000057,0.0705300117101523,0.0705300117101523,0.0
-0.4474999999999998,0.0757529094967453,0.0757529094967453,0.0
-0.442499999999999,0.06468036618916809,0.06468036618916809,0.0
-0.4375,0.06928845429345361,0.06928845429345361,0.0
-0.4324999999999992,0.06907953838198988,0.06907953838198988,0.0
-0.4275000000000002,0.07495902903318317,0.07495902903318317,0.0
-0.42249999999999943,0.06525339268918287,0.06525339268918287,0.0
-0.4175000000000004,0.06398199014227507,0.06398199014227507,0.0
-0.41249999999999964,0.07050613560598502,0.07050613560598502,0.0
-0.40750000000000064,0.07119854262683621,0.07119854262683621,0.0
-0.40249999999999986,0.06684115361630716,0.06684115361630716,0.0
-0.3974999999999991,0.0627702778557855,0.0627702778557855,0.0
-0.39250000000000007,0.06669789699130346,0.06669789699130346,0.0
-0.3874999999999993,0.06921085695490993,0.06921085695490993,0.0
-0.3825000000000003,0.06664417575692706,0.06664417575692706,0.0
-0.3774999999999995,0.06327167604329843,0.06327167604329843,0.0
-0.3725000000000005,0.06360594150164037,0.06360594150164037,0.0
-0.3674999999999997,0.06839310038718051,0.06839310038718051,0.0
-0.36249999999999893,0.06556975106939937,0.06556975106939937,0.0
-0.35749999999999993,0.06320004773079657,0.06320004773079657,0.0
-0.35249999999999915,0.06096763199115569,0.06096763199115569,0.0
-0.34750000000000014,0.06544440152252112,0.06544440152252112,0.0
-0.34249999999999936,0.06735448985590374,0.06735448985590374,0.0
-0.33750000000000036,0.0614391850484595,0.0614391850484595,0.0
-0.3324999999999996,0.06169585316825778,0.06169585316825778,0.0
-0.32750000000000057,0.05937987106403139,0.05937987106403139,0.0
-0.3224999999999998,0.06487734404854818,0.06487734404854818,0.0
-0.317499999999999,0.06630991029858511,0.06630991029858511,0.0
-0.3125,0.06142127797033403,0.06142127797033403,0.0
-0.3074999999999992,0.05756528714731793,0.05756528714731793,0.0
-0.3025000000000002,0.05592977401185907,0.05592977401185907,0.0
-0.29749999999999943,0.06651285718400701,0.06651285718400701,0.0
-0.2925000000000004,0.06680533946005623,0.06680533946005623,0.0
-0.28749999999999964,0.06096763199115567,0.06096763199115567,0.0
-0.28250000000000064,0.050700907199224224,0.050700907199224224,0.0
-0.27749999999999986,0.05575070323060445,0.05575070323060445,0.0
-0.2724999999999991,0.06405361845477692,0.06405361845477692,0.0
-0.26750000000000007,0.06978388345492471,0.06978388345492471,0.0
-0.2624999999999993,0.06038266743905726,0.06038266743905726,0.0
-0.2575000000000003,0.047125460600173676,0.047125460600173676,0.0
-0.2524999999999995,0.052575181376355896,0.052575181376355896,0.0
-0.2475000000000005,0.061236238163037617,0.061236238163037617,0.0
-0.24249999999999972,0.07445166181962844,0.07445166181962844,0.0
-0.23749999999999893,0.05781598624107439,0.05781598624107439,0.0
-0.23249999999999993,0.04648677481369888,0.04648677481369888,0.0
-0.22749999999999915,0.04786561982935943,0.04786561982935943,0.0
-0.22250000000000014,0.05818009682962545,0.05818009682962545,0.0
-0.21749999999999936,0.0746725157831758,0.0746725157831758,0.0
-0.21250000000000036,0.06034685328280633,0.06034685328280633,0.0
-0.20749999999999957,0.047931279115819465,0.047931279115819465,0.0
-0.20250000000000057,0.043460478610495824,0.043460478610495824,0.0
-0.1974999999999998,0.053124331772203395,0.053124331772203395,0.0
-0.192499999999999,0.0698376046893011,0.0698376046893011,0.0
-0.1875,0.06633975542879422,0.06633975542879422,0.0
-0.18249999999999922,0.05122618149090444,0.05122618149090444,0.0
-0.1775000000000002,0.040702788579174705,0.040702788579174705,0.0
-0.17249999999999943,0.047340345537679226,0.047340345537679226,0.0
-0.16750000000000043,0.06240019824119262,0.06240019824119262,0.0
-0.16249999999999964,0.06740821109028013,0.06740821109028013,0.0
-0.15750000000000064,0.05991111438175342,0.05991111438175342,0.0
-0.15249999999999986,0.041860779631287905,0.041860779631287905,0.0
-0.14749999999999908,0.04118627968856218,0.04118627968856218,0.0
-0.14250000000000007,0.053882398079514615,0.053882398079514615,0.0
-0.1374999999999993,0.06480571573604633,0.06480571573604633,0.0
-0.13250000000000028,0.06504447677771916,0.06504447677771916,0.0
-0.1274999999999995,0.05017563290754403,0.05017563290754403,0.0
-0.1225000000000005,0.037771996792640795,0.037771996792640795,0.0
-0.11749999999999972,0.04651661994390799,0.04651661994390799,0.0
-0.11249999999999893,0.05594768108998453,0.05594768108998453,0.0
-0.10749999999999993,0.06441176001728617,0.06441176001728617,0.0
-0.10249999999999915,0.05862180475672017,0.05862180475672017,0.0
-0.09750000000000014,0.04591971733972592,0.04591971733972592,0.0
-0.09249999999999936,0.036870673860325866,0.036870673860325866,0.0
-0.08750000000000036,0.050486022261718694,0.050486022261718694,0.0
-0.08249999999999957,0.057505596886899726,0.057505596886899726,0.0
-0.07750000000000057,0.06006034003279894,0.06006034003279894,0.0
-0.07249999999999979,0.05413309717327107,0.05413309717327107,0.0
-0.067499999999999,0.04268450522505914,0.04268450522505914,0.0
-0.0625,0.040553562928129186,0.040553562928129186,0.0
-0.05749999999999922,0.05369138924617634,0.05369138924617634,0.0
-0.05250000000000021,0.05360185385554904,0.05360185385554904,0.0
-0.04749999999999943,0.05562535368372623,0.05562535368372623,0.0
-0.042500000000000426,0.05150075668882819,0.05150075668882819,0.0
-0.037499999999999645,0.04085798325626205,0.04085798325626205,0.0
-0.03250000000000064,0.04301280165735929,0.04301280165735929,0.0
-0.027499999999999858,0.05589395985560816,0.05589395985560816,0.0
-0.022499999999999076,0.05012191167316763,0.05012191167316763,0.0
-0.01750000000000007,0.05291541586073968,0.05291541586073968,0.0
-0.01249999999999929,0.04755523047518477,0.04755523047518477,0.0
-0.007500000000000284,0.041592173459405975,0.041592173459405975,0.0
-0.0024999999999995026,0.04507808466782921,0.04507808466782921,0.0
0.0024999999999995026,0.053470535282628975,0.053470535282628975,0.0
0.007500000000000284,0.050474084209635034,0.050474084209635034,0.0
0.012500000000001066,0.05034873466275681,0.05034873466275681,0.0
0.01750000000000007,0.04472591213136179,0.04472591213136179,0.0
0.022500000000000853,0.04289342113652287,0.04289342113652287,0.0
0.027499999999999858,0.04314412023027933,0.04314412023027933,0.0
0.03250000000000064,0.05071881427734969,0.05071881427734969,0.0
0.037499999999999645,0.0502591992721295,0.0502591992721295,0.0
0.042500000000000426,0.0517096726002919,0.0517096726002919,0.0
0.04749999999999943,0.04324559367299029,0.04324559367299029,0.0
0.05250000000000021,0.04305458483965202,0.04305458483965202,0.0
0.057500000000000995,0.04221892119379714,0.04221892119379714,0.0
0.0625,0.045734677532429484,0.045734677532429484,0.0
0.06750000000000078,0.04786561982935943,0.04786561982935943,0.0
0.07249999999999979,0.05153060181903729,0.05153060181903729,0.0
0.07750000000000057,0.046582279230368,0.046582279230368,0.0
0.08249999999999957,0.04174736813649332,0.04174736813649332,0.0
0.08750000000000036,0.04265466009485004,0.04265466009485004,0.0
0.09249999999999936,0.044075288292803355,0.044075288292803355,0.0
0.09750000000000014,0.04189659378753883,0.04189659378753883,0.0
0.10250000000000092,0.04673747390745534,0.04673747390745534,0.0
0.10749999999999993,0.050885947006520674,0.050885947006520674,0.0
0.11250000000000071,0.042678536199017326,0.042678536199017326,0.0
0.11749999999999972,0.0436276113396668,0.0436276113396668,0.0
0.1225000000000005,0.04227264242817353,0.04227264242817353,0.0
0.1274999999999995,0.04560335895950943,0.04560335895950943,0.0
0.13250000000000028,0.03828533303223736,0.03828533303223736,0.0
0.13750000000000107,0.04486916875636549,0.04486916875636549,0.0
0.14250000000000007,0.0463196420845279,0.0463196420845279,0.0
0.14750000000000085,0.043221717568823,0.043221717568823,0.0
0.15249999999999986,0.04344257153237037,0.04344257153237037,0.0
0.15750000000000064,0.04507808466782921,0.04507808466782921,0.0
0.16249999999999964,0.044475213037605335,0.044475213037605335,0.0
0.16750000000000043,0.03807044809473182,0.03807044809473182,0.0
0.17249999999999943,0.03934185064163961,0.03934185064163961,0.0
0.1775000000000002,0.040690850527091066,0.040690850527091066,0.0
0.182500000000001,0.04461250063656721,0.04461250063656721,0.0
0.1875,0.04477963336573818,0.04477963336573818,0.0
0.19250000000000078,0.04626592085015152,0.04626592085015152,0.0
0.1974999999999998,0.0447557572615709,0.0447557572615709,0.0
0.20250000000000057,0.04040433727708368,0.04040433727708368,0.0
0.20749999999999957,0.032513284849796834,0.032513284849796834,0.0
0.21250000000000036,0.034697948381103176,0.034697948381103176,0.0
0.21749999999999936,0.04185481060524609,0.04185481060524609,0.0
0.22250000000000014,0.04706577033975548,0.04706577033975548,0.0
0.22750000000000092,0.04817004015749229,0.04817004015749229,0.0
0.23249999999999993,0.04605700493868779,0.04605700493868779,0.0
0.2375000000000007,0.044009629006343316,0.044009629006343316,0.0
0.24249999999999972,0.02904528071949906,0.02904528071949906,0.0
0.2475000000000005,0.0285916347403207,0.0285916347403207,0.0
0.2524999999999995,0.036769200417614924,0.036769200417614924,0.0
0.2575000000000003,0.043257531725073926,0.043257531725073926,0.0
0.26250000000000107,0.04994284089191301,0.04994284089191301,0.0
0.26750000000000007,0.05209765929301024,0.05209765929301024,0.0
0.27250000000000085,0.04586002707930771,0.04586002707930771,0.0
0.27749999999999986,0.0309971522351744,0.0309971522351744,0.0
0.28250000000000064,0.024962466906893768,0.024962466906893768,0.0
0.28749999999999964,0.028854271886160802,0.028854271886160802,0.0
0.2925000000000004,0.03753920477700979,0.03753920477700979,0.0
0.29749999999999943,0.044528934271981714,0.044528934271981714,0.0
0.3025000000000002,0.05614465894936464,0.05614465894936464,0.0
0.307500000000001,0.05334518573575077,0.05334518573575077,0.0
0.3125,0.03717509418845873,0.03717509418845873,0.0
0.3175000000000008,0.023911918323533343,0.023911918323533343,0.0
0.3224999999999998,0.024299905016251684,0.024299905016251684,0.0
0.32750000000000057,0.027958917979887712,0.027958917979887712,0.0
0.3324999999999996,0.03632749249052021,0.03632749249052021,0.0
0.33750000000000036,0.05065315499088967,0.05065315499088967,0.0
0.34249999999999936,0.05803684020462176,0.05803684020462176,0.0
0.34750000000000014,0.048349110938746914,0.048349110938746914,0.0
0.3525000000000009,0.03456662980818312,0.03456662980818312,0.0
0.35749999999999993,0.02031856464635734,0.02031856464635734,0.0
0.3625000000000007,0.02276586532350379,0.02276586532350379,0.0
0.3674999999999997,0.02420440059958255,0.02420440059958255,0.0
0.3725000000000005,0.03961642583956335,0.03961642583956335,0.0
0.3774999999999995,0.051518663766953646,0.051518663766953646,0.0
0.3825000000000003,0.05547015900663889,0.05547015900663889,0.0
0.38750000000000107,0.04788949593352672,0.04788949593352672,0.0
0.39250000000000007,0.033838408631081014,0.033838408631081014,0.0
0.39750000000000085,0.020360347828650087,0.020360347828650087,0.0
0.40249999999999986,0.019351582427582403,0.019351582427582403,0.0
0.40750000000000064,0.021858573365147054,0.021858573365147054,0.0
0.41249999999999964,0.037533235750967966,0.037533235750967966,0.0
0.4175000000000004,0.0500562523867076,0.0500562523867076,0.0
0.42249999999999943,0.05366751314200908,0.05366751314200908,0.0
0.4275000000000002,0.04852818172000153,0.04852818172000153,0.0
0.432500000000001,0.03550973592279078,0.03550973592279078,0.0
0.4375,0.023022533443302077,0.023022533443302077,0.0
0.4425000000000008,0.018754679823400337,0.018754679823400337,0.0
0.4474999999999998,0.01893375060465496,0.01893375060465496,0.0
0.45250000000000057,0.029743656766392075,0.029743656766392075,0.0
0.4574999999999996,0.04326946977715757,0.04326946977715757,0.0
0.46250000000000036,0.05335115476179258,0.05335115476179258,0.0
0.46749999999999936,0.04979361524086749,0.04979361524086749,0.0
0.47250000000000014,0.03721687737075147,0.03721687737075147,0.0
0.4775000000000009,0.03013164345911042,0.03013164345911042,0.0
0.48249999999999993,0.021410896412010508,0.021410896412010508,0.0
0.4875000000000007,0.01888002937027857,0.01888002937027857,0.0
0.4924999999999997,0.023052378573511178,0.023052378573511178,0.0
0.4975000000000005,0.030853895610170715,0.030853895610170715,0.0
0.5024999999999995,0.04386637238133963,0.04386637238133963,0.0
0.5075000000000003,0.05098742044923162,0.05098742044923162,0.0
0.5125000000000011,0.04268450522505915,0.04268450522505915,0.0
0.5175000000000001,0.03236405919875132,0.03236405919875132,0.0
0.5225000000000009,0.028806519677826242,0.028806519677826242,0.0
0.5274999999999999,0.02399548468811883,0.02399548468811883,0.0
0.5325000000000006,0.020706551339075677,0.020706551339075677,0.0
0.5374999999999996,0.023291139615184,0.023291139615184,0.0
0.5425000000000004,0.033426545834195395,0.033426545834195395,0.0
0.5474999999999994,0.04129969118335677,0.04129969118335677,0.0
0.5525000000000002,0.04005813376665809,0.04005813376665809,0.0
0.557500000000001,0.039837279803110706,0.039837279803110706,0.0
0.5625,0.030913585870588914,0.030913585870588914,0.0
0.5675000000000008,0.026024953542337838,0.026024953542337838,0.0
0.5724999999999998,0.026066736724630585,0.026066736724630585,0.0
0.5775000000000006,0.025028126193353793,0.025028126193353793,0.0
0.5824999999999996,0.026657670302770824,0.026657670302770824,0.0
0.5875000000000004,0.031134439834136267,0.031134439834136267,0.0
0.5924999999999994,0.035378417349870725,0.035378417349870725,0.0
0.5975000000000001,0.037073620745747785,0.037073620745747785,0.0
0.6025000000000009,0.03371305908420278,0.03371305908420278,0.0
0.6074999999999999,0.0323580901727095,0.0323580901727095,0.0
0.6125000000000007,0.025720533214204984,0.025720533214204984,0.0
0.6174999999999997,0.02178694505264521,0.02178694505264521,0.0
0.6225000000000005,0.023929825401658805,0.023929825401658805,0.0
0.6274999999999995,0.027421705636123863,0.027421705636123863,0.0
0.6325000000000003,0.03380259447483008,0.03380259447483008,0.0
0.6375000000000011,0.03185072295915475,0.03185072295915475,0.0
0.6425000000000001,0.03339670070398628,0.03339670070398628,0.0
0.6475000000000009,0.03275204589146966,0.03275204589146966,0.0
0.6524999999999999,0.02739186050591475,0.02739186050591475,0.0
0.6575000000000006,0.028657294026780727,0.028657294026780727,0.0
0.6624999999999996,0.02823349317781146,0.02823349317781146,0.0
0.6675000000000004,0.02258679454224917,0.02258679454224917,0.0
0.6724999999999994,0.019936546979680822,0.019936546979680822,0.0
0.6775000000000002,0.02480727222980644,0.02480727222980644,0.0
0.682500000000001,0.02928404176117189,0.02928404176117189,0.0
0.6875,0.030644979698706984,0.030644979698706984,0.0
0.6925000000000008,0.02918256831846094,0.02918256831846094,0.0
0.6974999999999998,0.031791032698736545,0.031791032698736545,0.0
0.7025000000000006,0.029481019620551965,0.029481019620551965,0.0
0.7074999999999996,0.023935794427700628,0.023935794427700628,0.0
0.7125000000000004,0.029397453255966478,0.029397453255966478,0.0
0.7174999999999994,0.026711391537147206,0.026711391537147206,0.0
0.7225000000000001,0.02130942296929956,0.02130942296929956,0.0
0.7275000000000009,0.02136314420367594,0.02136314420367594,0.0
0.7324999999999999,0.025296732365235722,0.025296732365235722,0.0
0.7375000000000007,0.026114488932965148,0.026114488932965148,0.0
0.7424999999999997,0.025714564188163157,0.025714564188163157,0.0
0.7475000000000005,0.02313594493809667,0.02313594493809667,0.0
0.7524999999999995,0.0230881927297621,0.0230881927297621,0.0
0.7575000000000003,0.023500055526647717,0.023500055526647717,0.0
0.7625000000000011,0.029719780662224797,0.029719780662224797,0.0
0.7675000000000001,0.030113736380984954,0.030113736380984954,0.0
0.7725000000000009,0.026383095104847078,0.026383095104847078,0.0
0.7774999999999999,0.023553776761024107,0.023553776761024107,0.0
0.7825000000000006,0.02202570609431803,0.02202570609431803,0.0
0.7874999999999996,0.022139117589112623,0.022139117589112623,0.0
0.7925000000000004,0.024455099693339016,0.024455099693339016,0.0
0.7974999999999994,0.022240591031823576,0.022240591031823576,0.0
0.8025000000000002,0.021106476083877657,0.021106476083877657,0.0
0.807500000000001,0.020402131010942823,0.020402131010942823,0.0
0.8125,0.017710100266081736,0.017710100266081736,0.0
0.8175000000000008,0.02004398944843359,0.02004398944843359,0.0
0.8224999999999998,0.021900356547439798,0.021900356547439798,0.0
0.8275000000000006,0.023846259037073318,0.023846259037073318,0.0
0.8324999999999996,0.025087816453772005,0.025087816453772005,0.0
0.8375000000000004,0.025207196974608412,0.025207196974608412,0.0
0.8424999999999994,0.023601528969358673,0.023601528969358673,0.0
0.8475000000000001,0.021196011474504967,0.021196011474504967,0.0
0.8525000000000009,0.02239578570891091,0.02239578570891091,0.0
0.8574999999999999,0.02238981668286909,0.02238981668286909,0.0
0.8625000000000007,0.021005002641166712,0.021005002641166712,0.0
0.8674999999999997,0.017101259609816035,0.017101259609816035,0.0
0.8725000000000005,0.018509949755685696,0.018509949755685696,0.0
0.8774999999999995,0.01775188344837448,0.01775188344837448,0.0
0.8825000000000003,0.015209078354558899,0.015209078354558899,0.0
0.8875000000000011,0.014397290812871302,0.014397290812871302,0.0
0.8925000000000001,0.0181637462452601,0.0181637462452601,0.0
0.8975000000000009,0.02151833888076328,0.02151833888076328,0.0
0.9024999999999999,0.022318188370367243,0.022318188370367243,0.0
0.9075000000000006,0.02209136538077806,0.02209136538077806,0.0
0.9124999999999996,0.027630621547587577,0.027630621547587577,0.0
0.9175000000000004,0.025720533214204984,0.025720533214204984,0.0
0.9224999999999994,0.022336095448492705,0.022336095448492705,0.0
0.9275000000000002,0.02267036090683466,0.02267036090683466,0.0
0.932500000000001,0.015740321672280934,0.015740321672280934,0.0
0.9375,0.007598570151237629,0.007598570151237629,0.0
0.9425000000000008,0.008619273604388954,0.008619273604388954,0.0
0.9474999999999998,0.010589052198189753,0.010589052198189753,0.0
0.9525000000000006,0.005885459677235116,0.005885459677235116,0.0
0.9574999999999996,0.006082437536615196,0.006082437536615196,0.0
0.9625000000000004,0.006834534817884592,0.006834534817884592,0.0
0.9674999999999994,0.008350667432507026,0.008350667432507026,0.0
0.9725000000000001,0.010409981416935133,0.010409981416935133,0.0
0.9775000000000009,0.01402721119827842,0.01402721119827842,0.0
0.9824999999999999,0.018909874500487676,0.018909874500487676,0.0
0.9875000000000007,0.026144334063174256,0.026144334063174256,0.0
0.9924999999999997,0.03084792658412889,0.03084792658412889,0.0
0.9975000000000005,0.033748873240453704,0.033748873240453704,0.0
1.0024999999999995,0.03946720018851784,0.03946720018851784,0.0
1.0075000000000003,0.044863199730323676,0.044863199730323676,0.0
1.012500000000001,0.029600400141388386,0.029600400141388386,0.0
1.0175,0.008064154182499639,0.008064154182499639,0.0
1.0225000000000009,0.00034620351042559513,0.00034620351042559513,0.0
