omega,S,S_edge,S_cont,Sr,Sr_edge,Sr_cont
-1.5024999999999995,0.0,0.0,0.0
-1.4975000000000005,2.3561944901923446e-5,2.3561944901923446e-5,0.0
-1.4924999999999997,0.00250542014123786,0.00250542014123786,0.0
-1.4875000000000007,0.028023006470020956,0.028023006470020956,0.0
-1.4825,0.1358503203228567,0.1358503203228567,0.0
-1.4774999999999991,0.4785431009580655,0.4785431009580655,0.0
-1.4725000000000001,0.9165360947399176,0.9165360947399176,0.0
-1.4674999999999994,1.4386216698767267,1.4386216698767267,0.0
-1.4625000000000004,1.7844246272389819,1.7844246272389819,0.0
-1.4574999999999996,1.7938494051997513,1.7938494051997513,0.0
-1.4525000000000006,1.5751238706752004,1.5751238706752004,0.0
-1.4474999999999998,1.3193511047831925,1.3193511047831925,0.0
-1.442499999999999,1.1199228031333168,1.1199228031333168,0.0
-1.4375,0.9898451593114341,0.9898451593114341,0.0
-1.4324999999999992,0.9022497021477185,0.9022497021477185,0.0
-1.4275000000000002,0.8360092210467792,0.8360092210467792,0.0
-1.4224999999999994,0.7834660839154907,0.7834660839154907,0.0
-1.4175000000000004,0.7413530343941197,0.7413530343941197,0.0
-1.4124999999999996,0.7030491659652264,0.7030491659652264,0.0
-1.4075000000000006,0.669622620131031,0.669622620131031,0.0
-1.4024999999999999,0.6426441932183286,0.6426441932183286,0.0
-1.397499999999999,0.6169459653119639,0.6169459653119639,0.0
-1.3925,0.5952925379470964,0.5952925379470964,0.0
-1.3874999999999993,0.5760738448887607,0.5760738448887607,0.0
-1.3825000000000003,0.555347187356702,0.555347187356702,0.0
-1.3774999999999995,0.5390266135213031,0.5390266135213031,0.0
-1.3725000000000005,0.5238291590595624,0.5238291590595624,0.0
-1.3674999999999997,0.5107051557491911,0.5107051557491911,0.0
-1.362499999999999,0.495601949067058,0.495601949067058,0.0
-1.3575,0.48402518013857976,0.48402518013857976,0.0
-1.3524999999999991,0.47206356611003664,0.47206356611003664,0.0
-1.3475000000000001,0.46177485016952996,0.46177485016952996,0.0
-1.3424999999999994,0.45171389969640874,0.45171389969640874,0.0
-1.3375000000000004,0.4427289447071419,0.4427289447071419,0.0
-1.3324999999999996,0.43354764017702574,0.43354764017702574,0.0
-1.3275000000000006,0.4231489684936435,0.4231489684936435,0.0
-1.3224999999999998,0.4154206505658127,0.4154206505658127,0.0
-1.317499999999999,0.40870549626876446,0.40870549626876446,0.0
-1.3125,0.40133846149609625,0.40133846149609625,0.0
-1.3074999999999992,0.3941049444112058,0.3941049444112058,0.0
-1.3025000000000002,0.3870599228855307,0.3870599228855307,0.0
-1.2974999999999994,0.3810280649906383,0.3810280649906383,0.0
-1.2925000000000004,0.3744071584731977,0.3744071584731977,0.0
-1.2874999999999996,0.3692313845764087,0.3692313845764087,0.0
-1.2825000000000006,0.36261833204060206,0.36261833204060206,0.0
-1.2774999999999999,0.357426850180545,0.357426850180545,0.0
-1.272499999999999,0.35231390813682756,0.35231390813682756,0.0
-1.2675,0.3477507448074884,0.3477507448074884,0.0
-1.2624999999999993,0.34250428507599345,0.34250428507599345,0.0
-1.2575000000000003,0.3359540643932587,0.3359540643932587,0.0
-1.2524999999999995,0.33022851178209134,0.33022851178209134,0.0
-1.2475000000000005,0.3273696624673246,0.3273696624673246,0.0
-1.2424999999999997,0.32722829079791305,0.32722829079791305,0.0
-1.237499999999999,0.3213142426275303,0.3213142426275303,0.0
-1.2325,0.31470119009172376,0.31470119009172376,0.0
-1.2274999999999991,0.3086222083070275,0.3086222083070275,0.0
-1.2225000000000001,0.30595185455147617,0.30595185455147617,0.0
-1.2174999999999994,0.3080724295926493,0.3080724295926493,0.0
-1.2125000000000004,0.3010038461220722,0.3010038461220722,0.0
-1.2074999999999996,0.2950740899884215,0.2950740899884215,0.0
-1.2025000000000006,0.2911078292632644,0.2911078292632644,0.0
-1.1974999999999998,0.2913748646388195,0.2913748646388195,0.0
-1.192499999999999,0.28764422336268164,0.28764422336268164,0.0
-1.1875,0.2836151307844527,0.2836151307844527,0.0
-1.1824999999999992,0.2778110383569456,0.2778110383569456,0.0
-1.1775000000000002,0.27848648077746735,0.27848648077746735,0.0
-1.1724999999999994,0.2744024103278006,0.2744024103278006,0.0
-1.1675000000000004,0.269690021347416,0.269690021347416,0.0
-1.1624999999999996,0.2688496453125807,0.2688496453125807,0.0
-1.1575000000000006,0.26720030916944604,0.26720030916944604,0.0
-1.1524999999999999,0.25951126114978496,0.25951126114978496,0.0
-1.147499999999999,0.26094853978880234,0.26094853978880234,0.0
-1.1425,0.2611920132194555,0.2611920132194555,0.0
-1.1374999999999993,0.24928537706235027,0.24928537706235027,0.0
-1.1325000000000003,0.25615761099207784,0.25615761099207784,0.0
-1.1274999999999995,0.24933250095215403,0.24933250095215403,0.0
-1.1225000000000005,0.2426094926734719,0.2426094926734719,0.0
-1.1174999999999997,0.252128518413849,0.252128518413849,0.0
-1.112499999999999,0.23724522321746733,0.23724522321746733,0.0
-1.1075,0.24449444826562575,0.24449444826562575,0.0
-1.1024999999999991,0.23429998010472688,0.23429998010472688,0.0
-1.0975000000000001,0.23521104197426795,0.23521104197426795,0.0
-1.0924999999999994,0.23920086464432697,0.23920086464432697,0.0
-1.0875000000000004,0.2231394722028492,0.2231394722028492,0.0
-1.0824999999999996,0.2390437850116475,0.2390437850116475,0.0
-1.0775000000000006,0.2190946716613523,0.2190946716613523,0.0
-1.0724999999999998,0.2311662414327711,0.2311662414327711,0.0
-1.067499999999999,0.2220791846822626,0.2220791846822626,0.0
-1.0625,0.21889832212050292,0.21889832212050292,0.0
-1.0574999999999992,0.22326513590899275,0.22326513590899275,0.0
-1.0525000000000002,0.21363615442573997,0.21363615442573997,0.0
-1.0474999999999994,0.21880407434089524,0.21880407434089524,0.0
-1.0425000000000004,0.2123716633826701,0.2123716633826701,0.0
-1.0374999999999996,0.21020396445169315,0.21020396445169315,0.0
-1.0325000000000006,0.21461790212998683,0.21461790212998683,0.0
-1.0274999999999999,0.20382653136490586,0.20382653136490586,0.0
-1.022499999999999,0.21223814569489252,0.21223814569489252,0.0
-1.0175,0.20050429713373466,0.20050429713373466,0.0
-1.0124999999999993,0.20868814599633612,0.20868814599633612,0.0
-1.0075000000000003,0.1983287442211237,0.1983287442211237,0.0
-1.0024999999999995,0.20320606681582187,0.20320606681582187,0.0
-0.9975000000000005,0.19671867798615894,0.19671867798615894,0.0
-0.9924999999999997,0.1981873725517123,0.1981873725517123,0.0
-0.9874999999999989,0.19630241695955827,0.19630241695955827,0.0
-0.9824999999999999,0.19247752790381273,0.19247752790381273,0.0
-0.9774999999999991,0.19531281527367755,0.19531281527367755,0.0
-0.9725000000000001,0.18767874512545432,0.18767874512545432,0.0
-0.9674999999999994,0.19363991718564097,0.19363991718564097,0.0
-0.9625000000000004,0.186241466486437,0.186241466486437,0.0
-0.9574999999999996,0.18917885561754347,0.18917885561754347,0.0
-0.9525000000000006,0.1858330594414703,0.1858330594414703,0.0
-0.9474999999999998,0.1835632587492517,0.1835632587492517,0.0
-0.942499999999999,0.185621001937353,0.185621001937353,0.0
-0.9375,0.1795341661710228,0.1795341661710228,0.0
-0.9324999999999992,0.18342188707984017,0.18342188707984017,0.0
-0.9275000000000002,0.176086268233708,0.176086268233708,0.0
-0.9224999999999994,0.18161547130402603,0.18161547130402603,0.0
-0.9175000000000004,0.17326668882711116,0.17326668882711116,0.0
-0.9124999999999996,0.1761333921235118,0.1761333921235118,0.0
-0.9075000000000006,0.17520662229070283,0.17520662229070283,0.0
-0.9024999999999999,0.17047852534705019,0.17047852534705019,0.0
-0.8974999999999991,0.17736646724004582,0.17736646724004582,0.0
-0.8925000000000001,0.16505142403797382,0.16505142403797382,0.0
-0.8874999999999993,0.17614910008677978,0.17614910008677978,0.0
-0.8825000000000003,0.1624124862089584,0.1624124862089584,0.0
-0.8774999999999995,0.17025861386129892,0.17025861386129892,0.0
-0.8725000000000005,0.1685385918834585,0.1685385918834585,0.0
-0.8674999999999997,0.16153284026595324,0.16153284026595324,0.0
-0.8624999999999989,0.17054135720012198,0.17054135720012198,0.0
-0.8574999999999999,0.15660839378145125,0.15660839378145125,0.0
-0.8524999999999991,0.16516923376248344,0.16516923376248344,0.0
-0.8475000000000001,0.15962432272889746,0.15962432272889746,0.0
-0.8424999999999994,0.16182343758641032,0.16182343758641032,0.0
-0.8375000000000004,0.16095949960667313,0.16095949960667313,0.0
-0.8324999999999996,0.15561879209557045,0.15561879209557045,0.0
-0.8275000000000006,0.1595771988390936,0.1595771988390936,0.0
-0.8224999999999998,0.15433073910759867,0.15433073910759867,0.0
-0.817499999999999,0.15725242027543718,0.15725242027543718,0.0
-0.8125,0.15452708864844802,0.15452708864844802,0.0
-0.8074999999999992,0.1506315137579967,0.1506315137579967,0.0
-0.8025000000000002,0.15777863704491343,0.15777863704491343,0.0
-0.7974999999999994,0.14770983259015816,0.14770983259015816,0.0
-0.7925000000000004,0.153301867513548,0.153301867513548,0.0
-0.7874999999999996,0.15115773052747297,0.15115773052747297,0.0
-0.7825000000000006,0.14223560739127797,0.14223560739127797,0.0
-0.7774999999999999,0.1575194556509923,0.1575194556509923,0.0
-0.7724999999999991,0.144081293075262,0.144081293075262,0.0
-0.7675000000000001,0.14286392592199587,0.14286392592199587,0.0
-0.7624999999999993,0.15497476560158457,0.15497476560158457,0.0
-0.7575000000000003,0.13605452384534,0.13605452384534,0.0
-0.7524999999999995,0.15077288542740822,0.15077288542740822,0.0
-0.7475000000000005,0.14420695678140555,0.14420695678140555,0.0
-0.7424999999999997,0.13391824084089896,0.13391824084089896,0.0
-0.7374999999999989,0.15172321720511914,0.15172321720511914,0.0
-0.7324999999999999,0.1387405855641593,0.1387405855641593,0.0
-0.7274999999999991,0.1352377097554067,0.1352377097554067,0.0
-0.7225000000000001,0.14737211137989725,0.14737211137989725,0.0
-0.7174999999999994,0.13588959023102654,0.13588959023102654,0.0
-0.7125000000000004,0.1356304088371054,0.1356304088371054,0.0
-0.7074999999999996,0.140060054478667,0.140060054478667,0.0
-0.7025000000000006,0.13740540868638362,0.13740540868638362,0.0
-0.6974999999999998,0.13558328494730154,0.13558328494730154,0.0
-0.692499999999999,0.13391824084089898,0.13391824084089898,0.0
-0.6875,0.13618018755148362,0.13618018755148362,0.0
-0.6824999999999992,0.13619589551475156,0.13619589551475156,0.0
-0.6775000000000002,0.12877388287064567,0.12877388287064567,0.0
-0.6724999999999994,0.13551259911259578,0.13551259911259578,0.0
-0.6675000000000004,0.13522200179213872,0.13522200179213872,0.0
-0.6624999999999996,0.1267082857009104,0.1267082857009104,0.0
-0.6575000000000006,0.13240242238554187,0.13240242238554187,0.0
-0.6524999999999999,0.13432664788586562,0.13432664788586562,0.0
-0.6474999999999991,0.12323682581869368,0.12323682581869368,0.0
-0.6425000000000001,0.13047034290358417,0.13047034290358417,0.0
-0.6374999999999993,0.13421669214298998,0.13421669214298998,0.0
-0.6325000000000003,0.12043295437536476,0.12043295437536476,0.0
-0.6274999999999995,0.12768217942352322,0.12768217942352322,0.0
-0.6225000000000005,0.13449943548181306,0.13449943548181306,0.0
-0.6174999999999997,0.11993029955079042,0.11993029955079042,0.0
-0.6124999999999989,0.12194091884908788,0.12194091884908788,0.0
-0.6074999999999999,0.13367476741024573,0.13367476741024573,0.0
-0.6024999999999991,0.12091204725503721,0.12091204725503721,0.0
-0.5975000000000001,0.11656879541144932,0.11656879541144932,0.0
-0.5924999999999994,0.13299932498972394,0.13299932498972394,0.0
-0.5875000000000004,0.1216503215286308,0.1216503215286308,0.0
-0.5824999999999996,0.11151083123916976,0.11151083123916976,0.0
-0.5775000000000006,0.13105153754449825,0.13105153754449825,0.0
-0.5724999999999998,0.12282841877372698,0.12282841877372698,0.0
-0.567499999999999,0.11002642871034858,0.11002642871034858,0.0
-0.5625,0.12428925935764625,0.12428925935764625,0.0
-0.5574999999999992,0.12712454672751103,0.12712454672751103,0.0
-0.5525000000000002,0.1081964509896325,0.1081964509896325,0.0
-0.5474999999999994,0.11872078637915834,0.11872078637915834,0.0
-0.5425000000000004,0.1313814047731252,0.1313814047731252,0.0
-0.5374999999999996,0.10671204846081134,0.10671204846081134,0.0
-0.5325000000000006,0.11244545505361273,0.11244545505361273,0.0
-0.5274999999999999,0.12807487850522192,0.12807487850522192,0.0
-0.5224999999999991,0.1112123799370787,0.1112123799370787,0.0
-0.5175000000000001,0.10643715910362223,0.10643715910362223,0.0
-0.5124999999999993,0.12616636096816616,0.12616636096816616,0.0
-0.5075000000000003,0.11656094142981535,0.11656094142981535,0.0
-0.5024999999999995,0.10336625228473822,0.10336625228473822,0.0
-0.4975000000000005,0.11750341922589226,0.11750341922589226,0.0
-0.4924999999999997,0.1191920252771968,0.1191920252771968,0.0
-0.48749999999999893,0.1069319599465626,0.1069319599465626,0.0
-0.48249999999999993,0.10760740236708441,0.10760740236708441,0.0
-0.47749999999999915,0.12024445881614938,0.12024445881614938,0.0
-0.47250000000000014,0.10968085351845369,0.10968085351845369,0.0
-0.46749999999999936,0.1056753228851267,0.1056753228851267,0.0
-0.46250000000000036,0.11501370704792237,0.11501370704792237,0.0
-0.4574999999999996,0.11169932679838512,0.11169932679838512,0.0
-0.45250000000000057,0.10635076530564852,0.10635076530564852,0.0
-0.4474999999999998,0.10970441546335563,0.10970441546335563,0.0
-0.442499999999999,0.10920961462041523,0.10920961462041523,0.0
-0.4375,0.10639003521381839,0.10639003521381839,0.0
-0.4324999999999992,0.11119667197381077,0.11119667197381077,0.0
-0.4275000000000002,0.10741105282623503,0.10741105282623503,0.0
-0.42249999999999943,0.10485850879519336,0.10485850879519336,0.0
-0.4175000000000004,0.10633505734238057,0.10633505734238057,0.0
-0.41249999999999964,0.11177001263309089,0.11177001263309089,0.0
-0.40750000000000064,0.10115928344559139,0.10115928344559139,0.0
-0.40249999999999986,0.10130065511500291,0.10130065511500291,0.0
-0.3974999999999991,0.11092178261662165,0.11092178261662165,0.0
-0.39250000000000007,0.10953162786740817,0.10953162786740817,0.0
-0.3874999999999993,0.0979155890307599,0.0979155890307599,0.0
-0.3825000000000003,0.09934501368814327,0.09934501368814327,0.0
-0.3774999999999995,0.1126339506128281,0.1126339506128281,0.0
-0.3725000000000005,0.10529047778506197,0.10529047778506197,0.0
-0.3674999999999997,0.09469545656083038,0.09469545656083038,0.0
-0.36249999999999893,0.1002010976862465,0.1002010976862465,0.0
-0.35749999999999993,0.11230408338420116,0.11230408338420116,0.0
-0.35249999999999915,0.10287145144179781,0.10287145144179781,0.0
-0.34750000000000014,0.09154600992560662,0.09154600992560662,0.0
-0.34249999999999936,0.10042100917199774,0.10042100917199774,0.0
-0.33750000000000036,0.10972012342662352,0.10972012342662352,0.0
-0.3324999999999996,0.10423019026447539,0.10423019026447539,0.0
-0.32750000000000057,0.08850651903325847,0.08850651903325847,0.0
-0.3224999999999998,0.09808837662670736,0.09808837662670736,0.0
-0.317499999999999,0.10784302181610365,0.10784302181610365,0.0
-0.3125,0.10608372993009339,0.10608372993009339,0.0
-0.3074999999999992,0.08673151918398024,0.08673151918398024,0.0
-0.3025000000000002,0.09293616467482009,0.09293616467482009,0.0
-0.29749999999999943,0.10700264578126839,0.10700264578126839,0.0
-0.2925000000000004,0.10753671653237863,0.10753671653237863,0.0
-0.28749999999999964,0.08796459430051425,0.08796459430051425,0.0
-0.28250000000000064,0.08607178472672639,0.08607178472672639,0.0
-0.27749999999999986,0.10462288934617411,0.10462288934617411,0.0
-0.2724999999999991,0.11097676048805948,0.11097676048805948,0.0
-0.26750000000000007,0.08827089958423924,0.08827089958423924,0.0
-0.2624999999999993,0.08102952851771475,0.08102952851771475,0.0
-0.2575000000000003,0.09910939423912403,0.09910939423912403,0.0
-0.2524999999999995,0.1155634857623006,0.1155634857623006,0.0
-0.2475000000000005,0.08894634200476105,0.08894634200476105,0.0
-0.24249999999999972,0.07813926327641214,0.07813926327641214,0.0
-0.23749999999999893,0.09050928434992198,0.09050928434992198,0.0
-0.23249999999999993,0.11921558722209871,0.11921558722209871,0.0
-0.22749999999999915,0.09283406291357842,0.09283406291357842,0.0
-0.22250000000000014,0.07705541381092366,0.07705541381092366,0.0
-0.21749999999999936,0.08047189582170257,0.08047189582170257,0.0
-0.21250000000000036,0.11763693691366986,0.11763693691366986,0.0
-0.20749999999999957,0.10190541170081897,0.10190541170081897,0.0
-0.20250000000000057,0.07557886526373647,0.07557886526373647,0.0
-0.1974999999999998,0.07248439649995052,0.07248439649995052,0.0
-0.192499999999999,0.10803937135695303,0.10803937135695303,0.0
-0.1875,0.11213129578825372,0.11213129578825372,0.0
-0.18249999999999922,0.07942731626438397,0.07942731626438397,0.0
-0.1775000000000002,0.07026171969753574,0.07026171969753574,0.0
-0.17249999999999943,0.09101193917449633,0.09101193917449633,0.0
-0.16750000000000043,0.11689866264007626,0.11689866264007626,0.0
-0.16249999999999964,0.0916402577052143,0.0916402577052143,0.0
-0.15750000000000064,0.06840032605028377,0.06840032605028377,0.0
-0.15249999999999986,0.07807643142334036,0.07807643142334036,0.0
-0.14749999999999908,0.107733066073228,0.107733066073228,0.0
-0.14250000000000007,0.10657853077303375,0.10657853077303375,0.0
-0.1374999999999993,0.07278284780204154,0.07278284780204154,0.0
-0.13250000000000028,0.06889512689322418,0.06889512689322418,0.0
-0.1274999999999995,0.09287333282174828,0.09287333282174828,0.0
-0.1225000000000005,0.11136160558812423,0.11136160558812423,0.0
-0.11749999999999972,0.08872643051900976,0.08872643051900976,0.0
-0.11249999999999893,0.06361725123519332,0.06361725123519332,0.0
-0.10749999999999993,0.08148505945248528,0.08148505945248528,0.0
-0.10249999999999915,0.10130065511500289,0.10130065511500289,0.0
-0.09750000000000014,0.1050627123176767,0.1050627123176767,0.0
-0.09249999999999936,0.07065441877923447,0.07065441877923447,0.0
-0.08750000000000036,0.07087433026498574,0.07087433026498574,0.0
-0.08249999999999957,0.08454811228973533,0.08454811228973533,0.0
-0.07750000000000057,0.10767023422015623,0.10767023422015623,0.0
-0.07249999999999979,0.08904844376600274,0.08904844376600274,0.0
-0.067499999999999,0.0658085121110722,0.0658085121110722,0.0
-0.0625,0.07570452896988006,0.07570452896988006,0.0
-0.05749999999999922,0.09277908504214058,0.09277908504214058,0.0
-0.05250000000000021,0.10408881859506386,0.10408881859506386,0.0
-0.04749999999999943,0.07574379887804993,0.07574379887804993,0.0
-0.042500000000000426,0.06840032605028379,0.06840032605028379,0.0
-0.037499999999999645,0.07598727230870314,0.07598727230870314,0.0
-0.03250000000000064,0.10196824355389073,0.10196824355389073,0.0
-0.027499999999999858,0.09162454974194634,0.09162454974194634,0.0
-0.022499999999999076,0.07336404244295566,0.07336404244295566,0.0
-0.01750000000000007,0.06736360047459916,0.06736360047459916,0.0
-0.01249999999999929,0.08169711695660259,0.08169711695660259,0.0
-0.007500000000000284,0.10218815503964201,0.10218815503964201,0.0
-0.0024999999999995026,0.0822547496526148,0.0822547496526148,0.0
0.0024999999999995026,0.07146337888753385,0.07146337888753385,0.0
0.007500000000000284,0.06739501640113504,0.06739501640113504,0.0
0.012500000000001066,0.08763472707188731,0.08763472707188731,0.0
0.01750000000000007,0.09598350954880219,0.09598350954880219,0.0
0.022500000000000853,0.07942731626438397,0.07942731626438397,0.0
0.027499999999999858,0.06902864458100173,0.06902864458100173,0.0
0.03250000000000064,0.06887941892995622,0.06887941892995622,0.0
0.037499999999999645,0.09087842148671876,0.09087842148671876,0.0
0.042500000000000426,0.08946470479260336,0.08946470479260336,0.0
0.04749999999999943,0.07879114375203203,0.07879114375203203,0.0
0.05250000000000021,0.06602056961518951,0.06602056961518951,0.0
0.057500000000000995,0.06958627727701393,0.06958627727701393,0.0
0.0625,0.09061138611116364,0.09061138611116364,0.0
0.06750000000000078,0.08654302362476485,0.08654302362476485,0.0
0.07249999999999979,0.07857123226628075,0.07857123226628075,0.0
0.07750000000000057,0.06559645460695489,0.06559645460695489,0.0
0.08249999999999957,0.06815685261963057,0.06815685261963057,0.0
0.08750000000000036,0.08882067829861745,0.08882067829861745,0.0
0.09249999999999936,0.0844931344182975,0.0844931344182975,0.0
0.09750000000000014,0.07939590033784807,0.07939590033784807,0.0
0.10250000000000092,0.06572997229473247,0.06572997229473247,0.0
0.10749999999999993,0.0657535342396344,0.0657535342396344,0.0
0.11250000000000071,0.08312654161398594,0.08312654161398594,0.0
0.11749999999999972,0.08362919643856032,0.08362919643856032,0.0
0.1225000000000005,0.0822783115975167,0.0822783115975167,0.0
0.1274999999999995,0.06548649886407924,0.06548649886407924,0.0
0.13250000000000028,0.06438694143532281,0.06438694143532281,0.0
0.13750000000000107,0.07668627667412688,0.07668627667412688,0.0
0.14250000000000007,0.08300873188947631,0.08300873188947631,0.0
0.14750000000000085,0.08380983801614172,0.08380983801614172,0.0
0.15249999999999986,0.06895795874629597,0.06895795874629597,0.0
0.15750000000000064,0.06296537075957344,0.06296537075957344,0.0
0.16249999999999964,0.06796050307878121,0.06796050307878121,0.0
0.16750000000000043,0.07960795784196538,0.07960795784196538,0.0
0.17249999999999943,0.08611105463489625,0.08611105463489625,0.0
0.1775000000000002,0.07482488302687493,0.07482488302687493,0.0
0.182500000000001,0.0622977823206856,0.0622977823206856,0.0
0.1875,0.06372720697806895,0.06372720697806895,0.0
0.19250000000000078,0.07051304710982292,0.07051304710982292,0.0
0.1974999999999998,0.08603251481855652,0.08603251481855652,0.0
0.20250000000000057,0.08146935148921734,0.08146935148921734,0.0
0.20749999999999957,0.06458329097617217,0.06458329097617217,0.0
0.21250000000000036,0.06102543729598173,0.06102543729598173,0.0
0.21749999999999936,0.060656300159184946,0.060656300159184946,0.0
0.22250000000000014,0.0782806349458237,0.0782806349458237,0.0
0.22750000000000092,0.08640950593698728,0.08640950593698728,0.0
0.23249999999999993,0.07411802467981721,0.07411802467981721,0.0
0.2375000000000007,0.06031857894892405,0.06031857894892405,0.0
0.24249999999999972,0.058410061411868226,0.058410061411868226,0.0
0.2475000000000005,0.06367222910663115,0.06367222910663115,0.0
0.2524999999999995,0.0819405903872558,0.0819405903872558,0.0
0.2575000000000003,0.08574977147973342,0.08574977147973342,0.0
0.26250000000000107,0.06678240583368504,0.06678240583368504,0.0
0.26750000000000007,0.056721455360563715,0.056721455360563715,0.0
0.27250000000000085,0.055653313858343184,0.055653313858343184,0.0
0.27749999999999986,0.06644468462342412,0.06644468462342412,0.0
0.28250000000000064,0.08261603280777761,0.08261603280777761,0.0
0.28749999999999964,0.08432034682235008,0.08432034682235008,0.0
0.2925000000000004,0.06232919824722151,0.06232919824722151,0.0
0.29749999999999943,0.05438096883363931,0.05438096883363931,0.0
0.3025000000000002,0.054930747548017536,0.054930747548017536,0.0
0.307500000000001,0.06662532620100554,0.06662532620100554,0.0
0.3125,0.08295375401803852,0.08295375401803852,0.0
0.3175000000000008,0.08342499291607698,0.08342499291607698,0.0
0.3224999999999998,0.05855143308127977,0.05855143308127977,0.0
0.32750000000000057,0.05259811500272711,0.05259811500272711,0.0
0.3324999999999996,0.05292798223135405,0.05292798223135405,0.0
0.33750000000000036,0.06515663163545232,0.06515663163545232,0.0
0.34249999999999936,0.08193273640562182,0.08193273640562182,0.0
0.34750000000000014,0.08333859911810328,0.08333859911810328,0.0
0.3525000000000009,0.058331521595528485,0.058331521595528485,0.0
0.35749999999999993,0.0497392656879604,0.0497392656879604,0.0
0.3625000000000007,0.05172632304135593,0.05172632304135593,0.0
0.3674999999999997,0.06098616738781186,0.06098616738781186,0.0
0.3725000000000005,0.07923096672353461,0.07923096672353461,0.0
0.3774999999999995,0.08319722744869172,0.08319722744869172,0.0
0.3825000000000003,0.06274545927382215,0.06274545927382215,0.0
0.38750000000000107,0.04639346951188727,0.04639346951188727,0.0
0.39250000000000007,0.05260596898436109,0.05260596898436109,0.0
0.39750000000000085,0.05383119011926111,0.05383119011926111,0.0
0.40249999999999986,0.07453428570641787,0.07453428570641787,0.0
0.40750000000000064,0.08046404184006858,0.08046404184006858,0.0
0.41249999999999964,0.06937421977289662,0.06937421977289662,0.0
0.4175000000000004,0.04984136744920207,0.04984136744920207,0.0
0.42249999999999943,0.049660725871620646,0.049660725871620646,0.0
0.4275000000000002,0.04885961974495526,0.04885961974495526,0.0
0.432500000000001,0.06775629955629789,0.06775629955629789,0.0
0.4375,0.07259435224282615,0.07259435224282615,0.0
0.4425000000000008,0.07419656449615696,0.07419656449615696,0.0
0.4474999999999998,0.05929756133650734,0.05929756133650734,0.0
0.45250000000000057,0.04747731897737574,0.04747731897737574,0.0
0.4574999999999996,0.04640917747515521,0.04640917747515521,0.0
0.46250000000000036,0.06024789311421827,0.06024789311421827,0.0
0.46749999999999936,0.06619335721113695,0.06619335721113695,0.0
0.47250000000000014,0.06605198554172541,0.06605198554172541,0.0
0.4775000000000009,0.06954700736884406,0.06954700736884406,0.0
0.48249999999999993,0.055347008574618176,0.055347008574618176,0.0
0.4875000000000007,0.044013713076793,0.044013713076793,0.0
0.4924999999999997,0.05475010597043613,0.05475010597043613,0.0
0.4975000000000005,0.05911691975892594,0.05911691975892594,0.0
0.5024999999999995,0.06018506126114647,0.06018506126114647,0.0
0.5075000000000003,0.06221138852271188,0.06221138852271188,0.0
0.5125000000000011,0.0654707909008113,0.0654707909008113,0.0
0.5175000000000001,0.055566920060369465,0.055566920060369465,0.0
0.5225000000000009,0.045741589036267384,0.045741589036267384,0.0
0.5274999999999999,0.055174220978670745,0.055174220978670745,0.0
0.5325000000000006,0.05618738460945345,0.05618738460945345,0.0
0.5374999999999996,0.05521349088684062,0.05521349088684062,0.0
0.5425000000000004,0.05647012794827653,0.05647012794827653,0.0
0.5474999999999994,0.06271404334728627,0.06271404334728627,0.0
0.5525000000000002,0.06042068071016569,0.06042068071016569,0.0
0.557500000000001,0.046165704044502,0.046165704044502,0.0
0.5625,0.05236249555370788,0.05236249555370788,0.0
0.5675000000000008,0.05492289356638356,0.05492289356638356,0.0
0.5724999999999998,0.050830969135082844,0.050830969135082844,0.0
0.5775000000000006,0.04874966400207961,0.04874966400207961,0.0
0.5824999999999996,0.060153645334610574,0.060153645334610574,0.0
0.5875000000000004,0.06561216257022284,0.06561216257022284,0.0
0.5924999999999994,0.04959004003691489,0.04959004003691489,0.0
0.5975000000000001,0.04559236338522187,0.04559236338522187,0.0
0.6025000000000009,0.054490924576514964,0.054490924576514964,0.0
0.6074999999999999,0.050053424953319374,0.050053424953319374,0.0
0.6125000000000007,0.04146902302738527,0.04146902302738527,0.0
0.6174999999999997,0.054545902447952786,0.054545902447952786,0.0
0.6225000000000005,0.06404922022506192,0.06404922022506192,0.0
0.6274999999999995,0.05672930934219769,0.05672930934219769,0.0
0.6325000000000003,0.04541172180764046,0.04541172180764046,0.0
0.6375000000000011,0.0466605048874424,0.0466605048874424,0.0
0.6425000000000001,0.05281017250684443,0.05281017250684443,0.0
0.6475000000000009,0.04098993014771283,0.04098993014771283,0.0
0.6524999999999999,0.041186279688562186,0.041186279688562186,0.0
0.6575000000000006,0.05804092427507143,0.05804092427507143,0.0
0.6624999999999996,0.0588813003099067,0.0588813003099067,0.0
0.6675000000000004,0.05262167694762903,0.05262167694762903,0.0
0.6724999999999994,0.0443514342870539,0.0443514342870539,0.0
0.6775000000000002,0.04911880113887641,0.04911880113887641,0.0
0.682500000000001,0.047123889803846894,0.047123889803846894,0.0
0.6875,0.03754203221039802,0.03754203221039802,0.0
0.6925000000000008,0.04143760710084936,0.04143760710084936,0.0
0.6974999999999998,0.05534700857461819,0.05534700857461819,0.0
0.7025000000000006,0.05430242901729958,0.05430242901729958,0.0
0.7074999999999996,0.044634177625876986,0.044634177625876986,0.0
0.7125000000000004,0.047720792408028956,0.047720792408028956,0.0
0.7174999999999994,0.04765010657332319,0.04765010657332319,0.0
0.7225000000000001,0.043793801591041716,0.043793801591041716,0.0
0.7275000000000009,0.044626323644243,0.044626323644243,0.0
0.7324999999999999,0.03695298358784994,0.03695298358784994,0.0
0.7375000000000007,0.04904026132253665,0.04904026132253665,0.0
0.7424999999999997,0.047163159712016775,0.047163159712016775,0.0
0.7475000000000005,0.04105276200078463,0.04105276200078463,0.0
0.7524999999999995,0.04347178834404876,0.04347178834404876,0.0
0.7575000000000003,0.04224656720914873,0.04224656720914873,0.0
0.7625000000000011,0.04622853589757381,0.04622853589757381,0.0
0.7675000000000001,0.04368384584816607,0.04368384584816607,0.0
0.7725000000000009,0.04388019538901543,0.04388019538901543,0.0
0.7774999999999999,0.044068690948230814,0.044068690948230814,0.0
0.7825000000000006,0.04593793857711674,0.04593793857711674,0.0
0.7874999999999996,0.0423800848969263,0.0423800848969263,0.0
0.7925000000000004,0.03442400150171016,0.03442400150171016,0.0
0.7974999999999994,0.0297037585396915,0.0297037585396915,0.0
0.8025000000000002,0.03401559445674348,0.03401559445674348,0.0
0.807500000000001,0.044257186507446214,0.044257186507446214,0.0
0.8125,0.04567090320156161,0.04567090320156161,0.0
0.8175000000000008,0.048176323342799476,0.048176323342799476,0.0
0.8224999999999998,0.04446924401156352,0.04446924401156352,0.0
0.8275000000000006,0.04766581453659114,0.04766581453659114,0.0
0.8324999999999996,0.03956050549032947,0.03956050549032947,0.0
0.8375000000000004,0.03588484208562941,0.03588484208562941,0.0
0.8424999999999994,0.020977984944345843,0.020977984944345843,0.0
0.8475000000000001,0.02044391419323558,0.02044391419323558,0.0
0.8525000000000009,0.02720619238008761,0.02720619238008761,0.0
0.8574999999999999,0.036646678304124936,0.036646678304124936,0.0
0.8625000000000007,0.04584369079750906,0.04584369079750906,0.0
0.8674999999999997,0.04849833658979243,0.04849833658979243,0.0
0.8725000000000005,0.0524174734251457,0.0524174734251457,0.0
0.8774999999999995,0.05174988498625786,0.05174988498625786,0.0
0.8825000000000003,0.046652650905808425,0.046652650905808425,0.0
0.8875000000000011,0.03291603702798706,0.03291603702798706,0.0
0.8925000000000001,0.01259778654089507,0.01259778654089507,0.0
0.8975000000000009,0.01075995483854504,0.01075995483854504,0.0
0.9024999999999999,0.010728538912009143,0.010728538912009143,0.0
0.9075000000000006,0.013029755530763664,0.013029755530763664,0.0
0.9124999999999996,0.025439046512443348,0.025439046512443348,0.0
0.9175000000000004,0.041641810623332706,0.041641810623332706,0.0
0.9224999999999994,0.05043827005338414,0.05043827005338414,0.0
0.9275000000000002,0.05028119042070464,0.05028119042070464,0.0
0.932500000000001,0.055590482005271405,0.055590482005271405,0.0
0.9375,0.06313030437388689,0.06313030437388689,0.0
0.9425000000000008,0.04295342555620645,0.04295342555620645,0.0
0.9474999999999998,0.022203206079245863,0.022203206079245863,0.0
0.9525000000000006,0.008757189521881549,0.008757189521881549,0.0
0.9574999999999996,0.003353650157707104,0.003353650157707104,0.0
0.9625000000000004,0.0028745572780346606,0.0028745572780346606,0.0
0.9674999999999994,0.00546637121724624,0.00546637121724624,0.0
0.9725000000000001,0.00545066325397829,0.00545066325397829,0.0
0.9775000000000009,0.011411835314164924,0.011411835314164924,0.0
0.9824999999999999,0.017247343668207966,0.017247343668207966,0.0
0.9875000000000007,0.026436502179958108,0.026436502179958108,0.0
0.9924999999999997,0.03564922263661018,0.03564922263661018,0.0
0.9975000000000005,0.047328093326330235,0.047328093326330235,0.0
1.0024999999999995,0.0632559680800305,0.0632559680800305,0.0
1.0075000000000003,0.08743052354940398,0.08743052354940398,0.0
1.012500000000001,0.06763848983178827,0.06763848983178827,0.0
1.0175,0.020624555770816996,0.020624555770816996,0.0
1.0225000000000009,0.0019242255003237483,0.0019242255003237483,0.0
