omega,S,S_edge,S_cont,Sr,Sr_edge,Sr_cont
-1.0325000000000006,0.0,0.0,0.0
-1.0274999999999999,0.0004121769561509808,0.0004121769561509808,0.0
-1.022499999999999,0.2161352913816706,0.2161352913816706,0.0
-1.0175,2.5750240114337233,2.5750240114337233,0.0
-1.0124999999999993,7.867530694770773,7.867530694770773,0.0
-1.0075000000000003,7.237750066831847,7.237750066831847,0.0
-1.0024999999999995,4.9291211743704935,4.9291211743704935,0.0
-0.9975000000000005,3.995797979286136,3.995797979286136,0.0
-0.9924999999999997,3.476944474671341,3.476944474671341,0.0
-0.9874999999999989,3.15189142262678,3.15189142262678,0.0
-0.9824999999999999,2.869679012962161,2.869679012962161,0.0
-0.9774999999999991,2.67837738318859,2.67837738318859,0.0
-0.9725000000000001,2.5312817319622116,2.5312817319622116,0.0
-0.9674999999999994,2.4057996098739975,2.4057996098739975,0.0
-0.9625000000000004,2.3156359007159706,2.3156359007159706,0.0
-0.9574999999999996,2.197444158539678,2.197444158539678,0.0
-0.9525000000000006,2.129074305938133,2.129074305938133,0.0
-0.9474999999999998,2.0396319064533706,2.0396319064533706,0.0
-0.942499999999999,1.9999598744238387,1.9999598744238387,0.0
-0.9375,1.9322855704357995,1.9322855704357995,0.0
-0.9324999999999992,1.8751475398893696,1.8751475398893696,0.0
-0.9275000000000002,1.8622927710694104,1.8622927710694104,0.0
-0.9224999999999994,1.7293657027107194,1.7293657027107194,0.0
-0.9175000000000004,1.810023580817514,1.810023580817514,0.0
-0.9124999999999996,1.7070566249590475,1.7070566249590475,0.0
-0.9075000000000006,1.6111739605344257,1.6111739605344257,0.0
-0.9024999999999999,1.6936351128243814,1.6936351128243814,0.0
-0.8974999999999991,1.6338436931227298,1.6338436931227298,0.0
-0.8925000000000001,1.5777876270861961,1.5777876270861961,0.0
-0.8874999999999993,1.5160641279025866,1.5160641279025866,0.0
-0.8825000000000003,1.5218346052887004,1.5218346052887004,0.0
-0.8774999999999995,1.5170688092332045,1.5170688092332045,0.0
-0.8725000000000005,1.5143638979584642,1.5143638979584642,0.0
-0.8674999999999997,1.4722960873713045,1.4722960873713045,0.0
-0.8624999999999989,1.4169613310080351,1.4169613310080351,0.0
-0.8574999999999999,1.3698185916482668,1.3698185916482668,0.0
-0.8524999999999991,1.372085564907097,1.372085564907097,0.0
-0.8475000000000001,1.3645118133378227,1.3645118133378227,0.0
-0.8424999999999994,1.347200381179482,1.347200381179482,0.0
-0.8375000000000004,1.3426406736020613,1.3426406736020613,0.0
-0.8324999999999996,1.3351442052120652,1.3351442052120652,0.0
-0.8275000000000006,1.3186056048465071,1.3186056048465071,0.0
-0.8224999999999998,1.3044885440983365,1.3044885440983365,0.0
-0.817499999999999,1.2836736078127116,1.2836736078127116,0.0
-0.8125,1.2643785740528937,1.2643785740528937,0.0
-0.8074999999999992,1.2486643275996379,1.2486643275996379,0.0
-0.8025000000000002,1.2319453998157635,1.2319453998157635,0.0
-0.7974999999999994,1.2120836227412382,1.2120836227412382,0.0
-0.7925000000000004,1.2009033228056427,1.2009033228056427,0.0
-0.7874999999999996,1.1934326154754062,1.1934326154754062,0.0
-0.7825000000000006,1.1717160420982013,1.1717160420982013,0.0
-0.7774999999999999,1.1569034327365255,1.1569034327365255,0.0
-0.7724999999999991,1.1471657521474585,1.1471657521474585,0.0
-0.7675000000000001,1.1278964794474005,1.1278964794474005,0.0
-0.7624999999999993,1.1612055297163513,1.1612055297163513,0.0
-0.7575000000000003,1.1431985489445053,1.1431985489445053,0.0
-0.7524999999999995,1.100151818086487,1.100151818086487,0.0
-0.7475000000000005,1.0919340400232271,1.0919340400232271,0.0
-0.7424999999999997,1.084437571633231,1.084437571633231,0.0
-0.7374999999999989,1.0620769717620402,1.0620769717620402,0.0
-0.7324999999999999,1.0740558645501783,1.0740558645501783,0.0
-0.7274999999999991,1.07580761661382,1.07580761661382,0.0
-0.7225000000000001,1.0272222579075228,1.0272222579075228,0.0
-0.7174999999999994,1.0299786913017825,1.0299786913017825,0.0
-0.7125000000000004,1.0219927627763576,1.0219927627763576,0.0
-0.7074999999999996,1.013517374115503,1.013517374115503,0.0
-0.7025000000000006,1.041442362894732,1.041442362894732,0.0
-0.6974999999999998,0.9806462618624622,0.9806462618624622,0.0
-0.692499999999999,0.9964120304352371,0.9964120304352371,0.0
-0.6875,0.9539835650114455,0.9539835650114455,0.0
-0.6824999999999992,0.9713722803490652,0.9713722803490652,0.0
-0.6775000000000002,0.9889413231050007,0.9889413231050007,0.0
-0.6724999999999994,0.993681358100737,0.993681358100737,0.0
-0.6675000000000004,0.8805387836372925,0.8805387836372925,0.0
-0.6624999999999996,0.9062225602174506,0.9062225602174506,0.0
-0.6575000000000006,1.0069483038768468,1.0069483038768468,0.0
-0.6524999999999999,0.9144918604002298,0.9144918604002298,0.0
-0.6474999999999991,0.8778081113027926,0.8778081113027926,0.0
-0.6425000000000001,0.9110141173327058,0.9110141173327058,0.0
-0.6374999999999993,0.9255691160967874,0.9255691160967874,0.0
-0.6325000000000003,0.9021265517157001,0.9021265517157001,0.0
-0.6274999999999995,0.8497285561650066,0.8497285561650066,0.0
-0.6225000000000005,0.8581266616465828,0.8581266616465828,0.0
-0.6174999999999997,0.9347658144309061,0.9347658144309061,0.0
-0.6124999999999989,0.8384967341098926,0.8384967341098926,0.0
-0.6074999999999999,0.7964804456422518,0.7964804456422518,0.0
-0.6024999999999991,0.9341217879369201,0.9341217879369201,0.0
-0.5975000000000001,0.8063726925898753,0.8063726925898753,0.0
-0.5924999999999994,0.7870003756507793,0.7870003756507793,0.0
-0.5875000000000004,0.9116323827669323,0.9116323827669323,0.0
-0.5824999999999996,0.7516819627205922,0.7516819627205922,0.0
-0.5775000000000006,0.8417941497591005,0.8417941497591005,0.0
-0.5724999999999998,0.8250236998557073,0.8250236998557073,0.0
-0.567499999999999,0.7380286010480909,0.7380286010480909,0.0
-0.5625,0.8786839873346133,0.8786839873346133,0.0
-0.5574999999999992,0.6757125974900144,0.6757125974900144,0.0
-0.5525000000000002,0.8564521927622196,0.8564521927622196,0.0
-0.5474999999999994,0.7608013778754326,0.7608013778754326,0.0
-0.5425000000000004,0.7153588684597869,0.7153588684597869,0.0
-0.5374999999999996,0.8648760593035553,0.8648760593035553,0.0
-0.5325000000000006,0.6451857416750824,0.6451857416750824,0.0
-0.5274999999999999,0.8239674964055704,0.8239674964055704,0.0
-0.5224999999999991,0.6732137746933492,0.6732137746933492,0.0
-0.5175000000000001,0.7321035573034207,0.7321035573034207,0.0
-0.5124999999999993,0.766726421620103,0.766726421620103,0.0
-0.5075000000000003,0.6827968889238595,0.6827968889238595,0.0
-0.5024999999999995,0.7622697582817205,0.7622697582817205,0.0
-0.4975000000000005,0.6771294557767835,0.6771294557767835,0.0
-0.4924999999999997,0.7088155592808902,0.7088155592808902,0.0
-0.48749999999999893,0.6966563390744362,0.6966563390744362,0.0
-0.48249999999999993,0.6757898806692928,0.6757898806692928,0.0
-0.47749999999999915,0.7156422401171408,0.7156422401171408,0.0
-0.47250000000000014,0.654073307292088,0.654073307292088,0.0
-0.46749999999999936,0.7114689484361121,0.7114689484361121,0.0
-0.46250000000000036,0.609970372983933,0.609970372983933,0.0
-0.4574999999999996,0.7245555667939058,0.7245555667939058,0.0
-0.45250000000000057,0.5759915351612364,0.5759915351612364,0.0
-0.4474999999999998,0.7270801506503306,0.7270801506503306,0.0
-0.442499999999999,0.5636519875364665,0.5636519875364665,0.0
-0.4375,0.7239373013596793,0.7239373013596793,0.0
-0.4324999999999992,0.5587831472419331,0.5587831472419331,0.0
-0.4275000000000002,0.7180122576150089,0.7180122576150089,0.0
-0.42249999999999943,0.5468042544537952,0.5468042544537952,0.0
-0.4175000000000004,0.7037406305082813,0.7037406305082813,0.0
-0.41249999999999964,0.5489424224138283,0.5489424224138283,0.0
-0.40750000000000064,0.6609772713076169,0.6609772713076169,0.0
-0.40249999999999986,0.5561039970269516,0.5561039970269516,0.0
-0.3974999999999991,0.6013404179645218,0.6013404179645218,0.0
-0.39250000000000007,0.5848791007782421,0.5848791007782421,0.0
-0.3874999999999993,0.5571086783575697,0.5571086783575697,0.0
-0.3825000000000003,0.6247314602260899,0.6247314602260899,0.0
-0.3774999999999995,0.5206310177382079,0.5206310177382079,0.0
-0.3725000000000005,0.6336190258430956,0.6336190258430956,0.0
-0.3674999999999997,0.5166380534754952,0.5166380534754952,0.0
-0.36249999999999893,0.6302958491341283,0.6302958491341283,0.0
-0.35749999999999993,0.508239947993919,0.508239947993919,0.0
-0.35249999999999915,0.6023708603548993,0.6023708603548993,0.0
-0.34750000000000014,0.524417893522845,0.524417893522845,0.0
-0.34249999999999936,0.5459026173622148,0.5459026173622148,0.0
-0.33750000000000036,0.5308839195224635,0.5308839195224635,0.0
-0.3324999999999996,0.5008980459624797,0.5008980459624797,0.0
-0.32750000000000057,0.5939727548733229,0.5939727548733229,0.0
-0.3224999999999998,0.4776100479399492,0.4776100479399492,0.0
-0.317499999999999,0.5563358465647865,0.5563358465647865,0.0
-0.3125,0.48863578151698794,0.48863578151698794,0.0
-0.3074999999999992,0.48657489673623294,0.48657489673623294,0.0
-0.3025000000000002,0.5800102604837086,0.5800102604837086,0.0
-0.29749999999999943,0.4335328746915537,0.4335328746915537,0.0
-0.2925000000000004,0.5326614326458646,0.5326614326458646,0.0
-0.28749999999999964,0.5089354966074239,0.5089354966074239,0.0
-0.28250000000000064,0.41328468172063676,0.41328468172063676,0.0
-0.27749999999999986,0.5648369962854006,0.5648369962854006,0.0
-0.2724999999999991,0.45774827086542386,0.45774827086542386,0.0
-0.26750000000000007,0.43201297216574697,0.43201297216574697,0.0
-0.2624999999999993,0.5278698755306095,0.5278698755306095,0.0
-0.2575000000000003,0.42567575146492564,0.42567575146492564,0.0
-0.2524999999999995,0.4630550491758677,0.4630550491758677,0.0
-0.2475000000000005,0.526839433140232,0.526839433140232,0.0
-0.24249999999999972,0.3762660388463267,0.3762660388463267,0.0
-0.23749999999999893,0.44059140506563926,0.44059140506563926,0.0
-0.23249999999999993,0.5130057440494148,0.5130057440494148,0.0
-0.22749999999999915,0.41251184992785367,0.41251184992785367,0.0
-0.22250000000000014,0.3805423747663931,0.3805423747663931,0.0
-0.21749999999999936,0.49515332963612524,0.49515332963612524,0.0
-0.21250000000000036,0.4478302628580409,0.4478302628580409,0.0
-0.20749999999999957,0.34764550145359296,0.34764550145359296,0.0
-0.20250000000000057,0.453214324347763,0.453214324347763,0.0
-0.1974999999999998,0.4774554815813925,0.4774554815813925,0.0
-0.192499999999999,0.34311155493593215,0.34311155493593215,0.0
-0.1875,0.38837373693326177,0.38837373693326177,0.0
-0.18249999999999922,0.4880690382022803,0.4880690382022803,0.0
-0.1775000000000002,0.36505997785097194,0.36505997785097194,0.0
-0.17249999999999943,0.32613501655446364,0.32613501655446364,0.0
-0.16750000000000043,0.5040151341933714,0.5040151341933714,0.0
-0.16249999999999964,0.3819849941129216,0.3819849941129216,0.0
-0.15750000000000064,0.2870554888993988,0.2870554888993988,0.0
-0.15249999999999986,0.4549918374711642,0.4549918374711642,0.0
-0.14749999999999908,0.4034439568925321,0.4034439568925321,0.0
-0.14250000000000007,0.3118376283879765,0.3118376283879765,0.0
-0.1374999999999993,0.3661419423608683,0.3661419423608683,0.0
-0.13250000000000028,0.4534204128258384,0.4534204128258384,0.0
-0.1274999999999995,0.3168352739813072,0.3168352739813072,0.0
-0.1225000000000005,0.3049336643724475,0.3049336643724475,0.0
-0.11749999999999972,0.430003609504511,0.430003609504511,0.0
-0.11249999999999893,0.3721185082250575,0.3721185082250575,0.0
-0.10749999999999993,0.27747237466888847,0.27747237466888847,0.0
-0.10249999999999915,0.35624969541324464,0.35624969541324464,0.0
-0.09750000000000014,0.45184898818051283,0.45184898818051283,0.0
-0.09249999999999936,0.23205562631300222,0.23205562631300222,0.0
-0.08750000000000036,0.3344043167372427,0.3344043167372427,0.0
-0.08249999999999957,0.3729428621373595,0.3729428621373595,0.0
-0.07750000000000057,0.43270852077925165,0.43270852077925165,0.0
-0.07249999999999979,0.16152184469166558,0.16152184469166558,0.0
-0.067499999999999,0.35083987286376306,0.35083987286376306,0.0
-0.0625,0.38842525905278064,0.38842525905278064,0.0
-0.05749999999999922,0.39579292214397943,0.39579292214397943,0.0
-0.05250000000000021,0.1566272433373727,0.1566272433373727,0.0
-0.04749999999999943,0.3298446091598225,0.3298446091598225,0.0
-0.042500000000000426,0.38523088764261054,0.38523088764261054,0.0
-0.037499999999999645,0.38876015282965326,0.38876015282965326,0.0
-0.03250000000000064,0.1649995877591895,0.1649995877591895,0.0
-0.027499999999999858,0.2820063211865492,0.2820063211865492,0.0
-0.022499999999999076,0.39017701111642233,0.39017701111642233,0.0
-0.01750000000000007,0.3612988631260942,0.3612988631260942,0.0
-0.01249999999999929,0.2198706450467889,0.2198706450467889,0.0
-0.007500000000000284,0.23025235212984166,0.23025235212984166,0.0
-0.0024999999999995026,0.34628016528634287,0.34628016528634287,0.0
0.0024999999999995026,0.36055179239307056,0.36055179239307056,0.0
0.007500000000000284,0.2864114624054129,0.2864114624054129,0.0
0.012500000000001066,0.2142804950789912,0.2142804950789912,0.0
0.01750000000000007,0.2546738367817873,0.2546738367817873,0.0
0.022500000000000853,0.3607321198113866,0.3607321198113866,0.0
0.027499999999999858,0.3552965362021456,0.3552965362021456,0.0
0.03250000000000064,0.22046314942125586,0.22046314942125586,0.0
0.037499999999999645,0.1807395952722051,0.1807395952722051,0.0
0.042500000000000426,0.29365032019781445,0.29365032019781445,0.0
0.04749999999999943,0.38311848074233684,0.38311848074233684,0.0
0.05250000000000021,0.3259289280763882,0.3259289280763882,0.0
0.057500000000000995,0.17509792318488854,0.17509792318488854,0.0
0.0625,0.19570677099243755,0.19570677099243755,0.0
0.06750000000000078,0.2629173759048069,0.2629173759048069,0.0
0.07249999999999979,0.4321160164047846,0.4321160164047846,0.0
0.07750000000000057,0.28780255963242246,0.28780255963242246,0.0
0.08249999999999957,0.1454727044615368,0.1454727044615368,0.0
0.08750000000000036,0.19457328436302235,0.19457328436302235,0.0
0.09249999999999936,0.2540040492280419,0.2540040492280419,0.0
0.09750000000000014,0.49249994048090345,0.49249994048090345,0.0
0.10250000000000092,0.22412121990709583,0.22412121990709583,0.0
0.10749999999999993,0.13344228955388002,0.13344228955388002,0.0
0.11250000000000071,0.1861494178216867,0.1861494178216867,0.0
0.11749999999999972,0.2601609425105472,0.2601609425105472,0.0
0.1225000000000005,0.5124647617944665,0.5124647617944665,0.0
0.1274999999999995,0.2118847165213636,0.2118847165213636,0.0
0.13250000000000028,0.10649622104550965,0.10649622104550965,0.0
0.13750000000000107,0.17432509139210545,0.17432509139210545,0.0
0.14250000000000007,0.2644888005501325,0.2644888005501325,0.0
0.14750000000000085,0.500382824767291,0.500382824767291,0.0
0.15249999999999986,0.24980499648725385,0.24980499648725385,0.0
0.15750000000000064,0.08331126726201699,0.08331126726201699,0.0
0.16249999999999964,0.14333453650150357,0.14333453650150357,0.0
0.16750000000000043,0.2522265361046408,0.2522265361046408,0.0
0.17249999999999943,0.462539827980679,0.462539827980679,0.0
0.1775000000000002,0.3307204851916433,0.3307204851916433,0.0
0.182500000000001,0.08264147970827163,0.08264147970827163,0.0
0.1875,0.09812387662369286,0.09812387662369286,0.0
0.19250000000000078,0.22713526389894992,0.22713526389894992,0.0
0.1974999999999998,0.3737156939301425,0.3737156939301425,0.0
0.20250000000000057,0.46689344708002367,0.46689344708002367,0.0
0.20749999999999957,0.11036038000942511,0.11036038000942511,0.0
0.21250000000000036,0.04333010251537186,0.04333010251537186,0.0
0.21749999999999936,0.18439766575804506,0.18439766575804506,0.0
0.22250000000000014,0.28710701101891767,0.28710701101891767,0.0
0.22750000000000092,0.5514670062702531,0.5514670062702531,0.0
0.23249999999999993,0.20206975275301836,0.20206975275301836,0.0
0.2375000000000007,0.0315830592650689,0.0315830592650689,0.0
0.24249999999999972,0.1111332118022082,0.1111332118022082,0.0
0.2475000000000005,0.23450292699014869,0.23450292699014869,0.0
0.2524999999999995,0.44620731609319636,0.44620731609319636,0.0
0.2575000000000003,0.4177928671785381,0.4177928671785381,0.0
0.26250000000000107,0.065304286490171,0.065304286490171,0.0
0.26750000000000007,0.032149802579776496,0.032149802579776496,0.0
0.27250000000000085,0.16881222460358605,0.16881222460358605,0.0
0.27749999999999986,0.2907393204449981,0.2907393204449981,0.0
0.28250000000000064,0.5651718900622733,0.5651718900622733,0.0
0.28749999999999964,0.21585191972431678,0.21585191972431678,0.0
0.2925000000000004,0.016126423409407127,0.016126423409407127,0.0
0.29749999999999943,0.06831833048202504,0.06831833048202504,0.0
0.3025000000000002,0.19271848806034295,0.19271848806034295,0.0
0.307500000000001,0.3963596654586871,0.3963596654586871,0.0
0.3125,0.5276637870525339,0.5276637870525339,0.0
0.3175000000000008,0.10126672591434409,0.10126672591434409,0.0
0.3224999999999998,0.0020351237209954675,0.0020351237209954675,0.0
0.32750000000000057,0.10402315930860379,0.10402315930860379,0.0
0.3324999999999996,0.2071189204658679,0.2071189204658679,0.0
0.33750000000000036,0.4989402054207625,0.4989402054207625,0.0
0.34249999999999936,0.42580455676372275,0.42580455676372275,0.0
0.34750000000000014,0.05087809302488669,0.05087809302488669,0.0
0.3525000000000009,0.005667433147075986,0.005667433147075986,0.0
0.35749999999999993,0.1141214947343028,0.1141214947343028,0.0
0.3625000000000007,0.2320298652532428,0.2320298652532428,0.0
0.3674999999999997,0.5674903854406227,0.5674903854406227,0.0
0.3725000000000005,0.33399213978109177,0.33399213978109177,0.0
0.3774999999999995,0.03490623597403618,0.03490623597403618,0.0
0.3825000000000003,0.008526910780373416,0.008526910780373416,0.0
0.38750000000000107,0.10644469892599079,0.10644469892599079,0.0
0.39250000000000007,0.25011412920436704,0.25011412920436704,0.0
0.39750000000000085,0.6091717801313904,0.6091717801313904,0.0
0.40249999999999986,0.2856386306126298,0.2856386306126298,0.0
0.40750000000000064,0.02815683831706387,0.02815683831706387,0.0
0.41249999999999964,0.011257583114873664,0.011257583114873664,0.0
0.4175000000000004,0.08730423152472963,0.08730423152472963,0.0
0.42249999999999943,0.250345978742202,0.250345978742202,0.0
0.4275000000000002,0.6233403629990806,0.6233403629990806,0.0
0.432500000000001,0.28751918797506865,0.28751918797506865,0.0
0.4375,0.02828564361586106,0.02828564361586106,0.0
0.4425000000000008,0.010021052246420721,0.010021052246420721,0.0
0.4474999999999998,0.06252209203615189,0.06252209203615189,0.0
0.45250000000000057,0.22906734338090762,0.22906734338090762,0.0
0.4574999999999996,0.6034270638050362,0.6034270638050362,0.0
0.46250000000000036,0.3333738743468652,0.3333738743468652,0.0
0.46749999999999936,0.049641562156433734,0.049641562156433734,0.0
0.47250000000000014,0.0047142739359768435,0.0047142739359768435,0.0
0.4775000000000009,0.040496385941833864,0.040496385941833864,0.0
0.48249999999999993,0.1896786830087295,0.1896786830087295,0.0
0.4875000000000007,0.5325326273470673,0.5325326273470673,0.0
0.4924999999999997,0.42789120260423696,0.42789120260423696,0.0
0.4975000000000005,0.09204426652046589,0.09204426652046589,0.0
0.5024999999999995,0.0012880529879718153,0.0012880529879718153,0.0
0.5075000000000003,0.03021772309781879,0.03021772309781879,0.0
0.5125000000000011,0.1282900776019928,0.1282900776019928,0.0
0.5175000000000001,0.41009031031046655,0.41009031031046655,0.0
0.5225000000000009,0.560972837321485,0.560972837321485,0.0
0.5274999999999999,0.15551951776771694,0.15551951776771694,0.0
0.5325000000000006,0.00237001749786814,0.00237001749786814,0.0
0.5374999999999996,0.015379352676383472,0.015379352676383472,0.0
0.5425000000000004,0.07527381661707286,0.07527381661707286,0.0
0.5474999999999994,0.2876737543336252,0.2876737543336252,0.0
0.5525000000000002,0.6004645419327009,0.6004645419327009,0.0
0.557500000000001,0.27608127744187894,0.27608127744187894,0.0
0.5625,0.03318024497015394,0.03318024497015394,0.0
0.5675000000000008,0.0007985928525425253,0.0007985928525425253,0.0
0.5724999999999998,0.045751642132758875,0.045751642132758875,0.0
0.5775000000000006,0.18097144481004002,0.18097144481004002,0.0
0.5824999999999996,0.47096369452201464,0.47096369452201464,0.0
0.5875000000000004,0.4727669687051751,0.4727669687051751,0.0
0.5924999999999994,0.11587324679794446,0.11587324679794446,0.0
0.5975000000000001,0.0009273981513397068,0.0009273981513397068,0.0
0.6025000000000009,0.00968615846954805,0.00968615846954805,0.0
0.6074999999999999,0.08890141722981466,0.08890141722981466,0.0
0.6125000000000007,0.3186385481644677,0.3186385481644677,0.0
0.6174999999999997,0.5500243869237247,0.5500243869237247,0.0
0.6225000000000005,0.2945777183491542,0.2945777183491542,0.0
0.6274999999999995,0.02622475883510615,0.02622475883510615,0.0
0.6325000000000003,0.0002318495378349267,0.0002318495378349267,0.0
0.6375000000000011,0.03160882032482834,0.03160882032482834,0.0
0.6425000000000001,0.16141880045262788,0.16141880045262788,0.0
0.6475000000000009,0.43840171498608704,0.43840171498608704,0.0
0.6524999999999999,0.49734301971567746,0.49734301971567746,0.0
0.6575000000000006,0.15765768572775016,0.15765768572775016,0.0
0.6624999999999996,0.0013910972270095602,0.0013910972270095602,0.0
0.6675000000000004,0.0009789202708585794,0.0009789202708585794,0.0
0.6724999999999994,0.06185230448240655,0.06185230448240655,0.0
0.6775000000000002,0.2486972709175981,0.2486972709175981,0.0
0.682500000000001,0.4822727997564072,0.4822727997564072,0.0
0.6875,0.4210645217679864,0.4210645217679864,0.0
0.6925000000000008,0.07318717077655854,0.07318717077655854,0.0
0.6974999999999998,0.0,0.0,0.0
0.7025000000000006,0.004121769561509808,0.004121769561509808,0.0
0.7074999999999996,0.09073045247273463,0.09073045247273463,0.0
0.7125000000000004,0.32422869813226535,0.32422869813226535,0.0
0.7174999999999994,0.49999640887089947,0.49999640887089947,0.0
0.7225000000000001,0.341978068306517,0.341978068306517,0.0
0.7275000000000009,0.026997590627889236,0.026997590627889236,0.0
0.7324999999999999,0.0,0.0,0.0
0.7375000000000007,0.009299742573156503,0.009299742573156503,0.0
0.7424999999999997,0.11654303435168982,0.11654303435168982,0.0
0.7475000000000005,0.3698515349662271,0.3698515349662271,0.0
0.7524999999999995,0.5002282584087343,0.5002282584087343,0.0
0.7575000000000003,0.2797135868679594,0.2797135868679594,0.0
0.7625000000000011,0.012416830804048299,0.012416830804048299,0.0
0.7675000000000001,0.0,0.0,0.0
0.7725000000000009,0.016461317186279797,0.016461317186279797,0.0
0.7774999999999999,0.13534860797607828,0.13534860797607828,0.0
0.7825000000000006,0.37544168493402474,0.37544168493402474,0.0
0.7874999999999996,0.5090127797867021,0.5090127797867021,0.0
0.7925000000000004,0.2395520947029982,0.2395520947029982,0.0
0.7974999999999994,0.012236503385732244,0.012236503385732244,0.0
0.8025000000000002,0.0,0.0,0.0
0.807500000000001,0.019037423162223427,0.019037423162223427,0.0
0.8125,0.13715188215923887,0.13715188215923887,0.0
0.8175000000000008,0.35632697859252305,0.35632697859252305,0.0
0.8224999999999998,0.5282305303672417,0.5282305303672417,0.0
0.8275000000000006,0.23156616617757295,0.23156616617757295,0.0
0.8324999999999996,0.01574000751301558,0.01574000751301558,0.0
0.8375000000000004,0.0,0.0,0.0
0.8424999999999994,0.013653361672501241,0.013653361672501241,0.0
0.8475000000000001,0.12682169719570494,0.12682169719570494,0.0
0.8525000000000009,0.3148516723798306,0.3148516723798306,0.0
0.8574999999999999,0.5564388908038245,0.5564388908038245,0.0
0.8625000000000007,0.25191740338752766,0.25191740338752766,0.0
0.8674999999999997,0.02403506875555407,0.02403506875555407,0.0
0.8725000000000005,0.0003348937768726719,0.0003348937768726719,0.0
0.8774999999999995,0.006208415402024149,0.006208415402024149,0.0
0.8825000000000003,0.10317304433654238,0.10317304433654238,0.0
0.8875000000000011,0.26054735840693877,0.26054735840693877,0.0
0.8925000000000001,0.5714575886435757,0.5714575886435757,0.0
0.8975000000000009,0.3053200802688391,0.3053200802688391,0.0
0.9024999999999999,0.03835821798180064,0.03835821798180064,0.0
0.9075000000000006,0.0029882829320946112,0.0029882829320946112,0.0
0.9124999999999996,0.0025503449161841936,0.0025503449161841936,0.0
0.9175000000000004,0.06125980010793952,0.06125980010793952,0.0
0.9224999999999994,0.21608376926215175,0.21608376926215175,0.0
0.9275000000000002,0.5030877360420316,0.5030877360420316,0.0
0.932500000000001,0.4232284507877791,0.4232284507877791,0.0
0.9375,0.07115204705556305,0.07115204705556305,0.0
0.9425000000000008,0.010690839800166066,0.010690839800166066,0.0
0.9474999999999998,0.0016229467648444867,0.0016229467648444867,0.0
0.9525000000000006,0.02176809549672368,0.02176809549672368,0.0
0.9574999999999996,0.16113542879527407,0.16113542879527407,0.0
0.9625000000000004,0.37245340200193017,0.37245340200193017,0.0
0.9674999999999994,0.5689330047871508,0.5689330047871508,0.0
0.9725000000000001,0.1331331568367668,0.1331331568367668,0.0
0.9775000000000009,0.02841444891465824,0.02841444891465824,0.0
0.9824999999999999,0.0008501149720613981,0.0008501149720613981,0.0
0.9875000000000007,0.008501149720613981,0.008501149720613981,0.0
0.9924999999999997,0.07795296683205424,0.07795296683205424,0.0
0.9975000000000005,0.26358716345855226,0.26358716345855226,0.0
1.0024999999999995,0.5541203954254751,0.5541203954254751,0.0
1.0075000000000003,0.3169383182203449,0.3169383182203449,0.0
1.012500000000001,0.054046703375297336,0.054046703375297336,0.0
1.0175,0.012648680341883226,0.012648680341883226,0.0
1.0225000000000009,0.0028337165735379927,0.0028337165735379927,0.0
1.0274999999999999,0.017723609114492177,0.017723609114492177,0.0
1.0325000000000006,0.1466834742702303,0.1466834742702303,0.0
1.0374999999999996,0.404268310804834,0.404268310804834,0.0
1.0425000000000004,0.523181362654392,0.523181362654392,0.0
1.0474999999999994,0.15132046502692884,0.15132046502692884,0.0
1.0525000000000002,0.0382551737427629,0.0382551737427629,0.0
1.057500000000001,0.003786875784637136,0.003786875784637136,0.0
1.0625,0.0072646188521610375,0.0072646188521610375,0.0
1.0675000000000008,0.033772749344620996,0.033772749344620996,0.0
1.0724999999999998,0.23081909544454926,0.23081909544454926,0.0
1.0775000000000006,0.48134540160506756,0.48134540160506756,0.0
1.0824999999999996,0.40893106262129186,0.40893106262129186,0.0
1.0875000000000004,0.08807706331751271,0.08807706331751271,0.0
1.0924999999999994,0.03735353665118263,0.03735353665118263,0.0
1.0975000000000001,0.0007728317927830889,0.0007728317927830889,0.0
1.102500000000001,0.009351264692675379,0.009351264692675379,0.0
1.1075,0.05283593356660385,0.05283593356660385,0.0
1.1125000000000007,0.2969219747872629,0.2969219747872629,0.0
1.1174999999999997,0.4587014300765229,0.4587014300765229,0.0
1.1225000000000005,0.3559920848156503,0.3559920848156503,0.0
1.1274999999999995,0.07803025001133254,0.07803025001133254,0.0
1.1325000000000003,0.035885156244894766,0.035885156244894766,0.0
1.137500000000001,0.0006440264939859074,0.0006440264939859074,0.0
1.1425,0.01107725569655761,0.01107725569655761,0.0
1.1475000000000009,0.06352677336676991,0.06352677336676991,0.0
1.1524999999999999,0.30699454915320246,0.30699454915320246,0.0
1.1575000000000006,0.4301581758630676,0.4301581758630676,0.0
1.1624999999999996,0.3400459888245592,0.3400459888245592,0.0
1.1675000000000004,0.10008171716540999,0.10008171716540999,0.0
1.1724999999999994,0.03454558113740407,0.03454558113740407,0.0
1.1775000000000002,0.0017002299441227957,0.0017002299441227957,0.0
1.182500000000001,0.010304423903774522,0.010304423903774522,0.0
1.1875,0.061775021303128244,0.061775021303128244,0.0
1.1925000000000008,0.25392676604876374,0.25392676604876374,0.0
1.1974999999999998,0.4246453090745481,0.4246453090745481,0.0
1.2025000000000006,0.33144179486490755,0.33144179486490755,0.0
1.2074999999999996,0.15688485393496707,0.15688485393496707,0.0
1.2125000000000004,0.042145093766437776,0.042145093766437776,0.0
1.2174999999999994,0.006440264939859075,0.006440264939859075,0.0
1.2225000000000001,0.008088972764463,0.008088972764463,0.0
1.227500000000001,0.05036287182969796,0.05036287182969796,0.0
1.2325,0.16595274697028864,0.16595274697028864,0.0
1.2375000000000007,0.3796407376748129,0.3796407376748129,0.0
1.2424999999999997,0.3723503577628924,0.3723503577628924,0.0
1.2475000000000005,0.18888009015618695,0.18888009015618695,0.0
1.2524999999999995,0.10270934526087253,0.10270934526087253,0.0
1.2575000000000003,0.01988753813428483,0.01988753813428483,0.0
1.262500000000001,0.001777513123401105,0.001777513123401105,0.0
1.2675,0.04155258939197075,0.04155258939197075,0.0
1.2725000000000009,0.08802554119799383,0.08802554119799383,0.0
1.2774999999999999,0.22566688349266203,0.22566688349266203,0.0
1.2825000000000006,0.41356805337799046,0.41356805337799046,0.0
1.2874999999999996,0.273196038748822,0.273196038748822,0.0
1.2925000000000004,0.15770920784726902,0.15770920784726902,0.0
1.2974999999999994,0.08096701082390827,0.08096701082390827,0.0
1.3025000000000002,0.005873521625151477,0.005873521625151477,0.0
1.307500000000001,0.01749175957665725,0.01749175957665725,0.0
1.3125,0.04670480134385801,0.04670480134385801,0.0
1.3175000000000008,0.09266253195469237,0.09266253195469237,0.0
1.3224999999999998,0.2423342891570173,0.2423342891570173,0.0
1.3275000000000006,0.41506219484403784,0.41506219484403784,0.0
1.3324999999999996,0.23009778577128503,0.23009778577128503,0.0
1.3375000000000004,0.14936262448521168,0.14936262448521168,0.0
1.3424999999999994,0.0879997801382344,0.0879997801382344,0.0
1.3475000000000001,0.009093654095081016,0.009093654095081016,0.0
1.352500000000001,0.01944960011837441,0.01944960011837441,0.0
1.3575,0.041939005288362294,0.041939005288362294,0.0
1.3625000000000007,0.06391318926316146,0.06391318926316146,0.0
1.3674999999999997,0.19511426661797054,0.19511426661797054,0.0
1.3725000000000005,0.36874380939657125,0.36874380939657125,0.0
1.3774999999999995,0.2721140742389257,0.2721140742389257,0.0
1.3825000000000003,0.18390820562261576,0.18390820562261576,0.0
1.387500000000001,0.10464142474283025,0.10464142474283025,0.0
1.3925,0.03462286431668237,0.03462286431668237,0.0
1.3975000000000009,0.007831362166868635,0.007831362166868635,0.0
1.4024999999999999,0.02400930769579463,0.02400930769579463,0.0
1.4075000000000006,0.03333481132871057,0.03333481132871057,0.0
1.4124999999999996,0.0889271782895741,0.0889271782895741,0.0
1.4175000000000004,0.23692446660753572,0.23692446660753572,0.0
1.4224999999999994,0.2805894628997802,0.2805894628997802,0.0
1.4275000000000002,0.2931608600623852,0.2931608600623852,0.0
1.432500000000001,0.20740229212322167,0.20740229212322167,0.0
1.4375,0.07393424150958218,0.07393424150958218,0.0
1.4425000000000008,0.03822941268300347,0.03822941268300347,0.0
1.4474999999999998,0.004276335920066426,0.004276335920066426,0.0
1.4525000000000006,0.0,0.0,0.0
1.4574999999999996,0.0012622919282123787,0.0012622919282123787,0.0
1.4625000000000004,0.030166200978299907,0.030166200978299907,0.0
1.4674999999999994,0.10969059245567975,0.10969059245567975,0.0
1.4725000000000001,0.19521731085700833,0.19521731085700833,0.0
1.477500000000001,0.251762837028971,0.251762837028971,0.0
1.4825,0.2827791529793323,0.2827791529793323,0.0
1.4875000000000007,0.2048004250875186,0.2048004250875186,0.0
1.4924999999999997,0.1271050688530587,0.1271050688530587,0.0
1.4975000000000005,0.07009584360542617,0.07009584360542617,0.0
1.5024999999999995,0.013292706835869129,0.013292706835869129,0.0
1.5075000000000003,0.0018805573624388501,0.0018805573624388501,0.0
