omega,S,S_edge,S_cont,Sr,Sr_edge,Sr_cont
-1.0274999999999999,0.0,0.0,0.0
-1.022499999999999,0.04185795219789969,0.04185795219789969,0.0
-1.0175,0.8282186995844081,0.8282186995844081,0.0
-1.0124999999999993,4.524729713133634,4.524729713133634,0.0
-1.0075000000000003,7.848804289281243,7.848804289281243,0.0
-1.0024999999999995,6.766769407709501,6.766769407709501,0.0
-0.9975000000000005,4.819157263353941,4.819157263353941,0.0
-0.9924999999999997,3.9628125130604928,3.9628125130604928,0.0
-0.9874999999999989,3.4695353425571005,3.4695353425571005,0.0
-0.9824999999999999,3.137885574258533,3.137885574258533,0.0
-0.9774999999999991,2.883991480773372,2.883991480773372,0.0
-0.9725000000000001,2.6826097368114943,2.6826097368114943,0.0
-0.9674999999999994,2.5286760950153133,2.5286760950153133,0.0
-0.9625000000000004,2.387169337119671,2.387169337119671,0.0
-0.9574999999999996,2.2723472672236196,2.2723472672236196,0.0
-0.9525000000000006,2.1843072746994214,2.1843072746994214,0.0
-0.9474999999999998,2.084463690257155,2.084463690257155,0.0
-0.942499999999999,2.009532307239325,2.009532307239325,0.0
-0.9375,1.940054729068126,1.940054729068126,0.0
-0.9324999999999992,1.8711614871304947,1.8711614871304947,0.0
-0.9275000000000002,1.822018809887451,1.822018809887451,0.0
-0.9224999999999994,1.7758562474356028,1.7758562474356028,0.0
-0.9175000000000004,1.718747119541586,1.718747119541586,0.0
-0.9124999999999996,1.660196628938102,1.660196628938102,0.0
-0.9075000000000006,1.6495032758638137,1.6495032758638137,0.0
-0.9024999999999999,1.5941666345449526,1.5941666345449526,0.0
-0.8974999999999991,1.5478677269719383,1.5478677269719383,0.0
-0.8925000000000001,1.5406219576756985,1.5406219576756985,0.0
-0.8874999999999993,1.479597777016778,1.479597777016778,0.0
-0.8825000000000003,1.4740076270489806,1.4740076270489806,0.0
-0.8774999999999995,1.4302213652803075,1.4302213652803075,0.0
-0.8725000000000005,1.412515977403206,1.412515977403206,0.0
-0.8674999999999997,1.3762676530475562,1.3762676530475562,0.0
-0.8624999999999989,1.3712813171877785,1.3712813171877785,0.0
-0.8574999999999999,1.3239306043943422,1.3239306043943422,0.0
-0.8524999999999991,1.310179225031049,1.310179225031049,0.0
-0.8475000000000001,1.3086794286982253,1.3086794286982253,0.0
-0.8424999999999994,1.2530116635136757,1.2530116635136757,0.0
-0.8375000000000004,1.2459606729619586,1.2459606729619586,0.0
-0.8324999999999996,1.2500510265969325,1.2500510265969325,0.0
-0.8275000000000006,1.2099460830997357,1.2099460830997357,0.0
-0.8224999999999998,1.1838846870826165,1.1838846870826165,0.0
-0.817499999999999,1.1839431207059732,1.1839431207059732,0.0
-0.8125,1.1708734669485088,1.1708734669485088,0.0
-0.8074999999999992,1.14196830126136,1.14196830126136,0.0
-0.8025000000000002,1.1224319931857465,1.1224319931857465,0.0
-0.7974999999999994,1.108291056333408,1.108291056333408,0.0
-0.7925000000000004,1.1008894640415505,1.1008894640415505,0.0
-0.7874999999999996,1.092572411650437,1.092572411650437,0.0
-0.7825000000000006,1.075587705128069,1.075587705128069,0.0
-0.7774999999999999,1.0620116266348458,1.0620116266348458,0.0
-0.7724999999999991,1.0478122561591507,1.0478122561591507,0.0
-0.7675000000000001,1.0310223283813056,1.0310223283813056,0.0
-0.7624999999999993,1.0228221432369053,1.0228221432369053,0.0
-0.7575000000000003,1.0111743743144557,1.0111743743144557,0.0
-0.7524999999999995,0.9988838355350818,0.9988838355350818,0.0
-0.7475000000000005,0.9859505268987835,0.9859505268987835,0.0
-0.7424999999999997,0.9746338818420223,0.9746338818420223,0.0
-0.7374999999999989,0.9625770775560755,0.9625770775560755,0.0
-0.7324999999999999,0.9506371405168421,0.9506371405168421,0.0
-0.7274999999999991,0.9390867609666538,0.9390867609666538,0.0
-0.7225000000000001,0.9314319563069171,0.9314319563069171,0.0
-0.7174999999999994,0.9200763555012512,0.9200763555012512,0.0
-0.7125000000000004,0.9083311972065404,0.9083311972065404,0.0
-0.7074999999999996,0.9000531005643313,0.9000531005643313,0.0
-0.7025000000000006,0.8914244021819815,0.8914244021819815,0.0
-0.6974999999999998,0.8817438985792099,0.8817438985792099,0.0
-0.692499999999999,0.8713427136217047,0.8713427136217047,0.0
-0.6875,0.8642138115721788,0.8642138115721788,0.0
-0.6824999999999992,0.8581367147430747,0.8581367147430747,0.0
-0.6775000000000002,0.8453787069768465,0.8453787069768465,0.0
-0.6724999999999994,0.8405092383637824,0.8405092383637824,0.0
-0.6675000000000004,0.8321142744748597,0.8321142744748597,0.0
-0.6624999999999996,0.819921125067747,0.819921125067747,0.0
-0.6575000000000006,0.8069293828080918,0.8069293828080918,0.0
-0.6524999999999999,0.804144046761419,0.804144046761419,0.0
-0.6474999999999991,0.7926910565834921,0.7926910565834921,0.0
-0.6425000000000001,0.7913470832462864,0.7913470832462864,0.0
-0.6374999999999993,0.785328420040539,0.785328420040539,0.0
-0.6325000000000003,0.7781410843676563,0.7781410843676563,0.0
-0.6274999999999995,0.7669607844320608,0.7669607844320608,0.0
-0.6225000000000005,0.7437626359594232,0.7437626359594232,0.0
-0.6174999999999997,0.7545144226570689,0.7545144226570689,0.0
-0.6124999999999989,0.7531314935709588,0.7531314935709588,0.0
-0.6074999999999999,0.7347249022135761,0.7347249022135761,0.0
-0.6024999999999991,0.7217526378283732,0.7217526378283732,0.0
-0.5975000000000001,0.7267000179392462,0.7267000179392462,0.0
-0.5924999999999994,0.7284530266399495,0.7284530266399495,0.0
-0.5875000000000004,0.6886207733850843,0.6886207733850843,0.0
-0.5824999999999996,0.7065209400067084,0.7065209400067084,0.0
-0.5775000000000006,0.705138010920598,0.705138010920598,0.0
-0.5724999999999998,0.6853290126026531,0.6853290126026531,0.0
-0.567499999999999,0.6723567482174501,0.6723567482174501,0.0
-0.5625,0.6902958705879784,0.6902958705879784,0.0
-0.5574999999999992,0.6665718195051297,0.6665718195051297,0.0
-0.5525000000000002,0.6536969444921882,0.6536969444921882,0.0
-0.5474999999999994,0.6664549522584163,0.6664549522584163,0.0
-0.5425000000000004,0.6479704494032247,0.6479704494032247,0.0
-0.5374999999999996,0.6433541931580399,0.6433541931580399,0.0
-0.5325000000000006,0.6354266982559714,0.6354266982559714,0.0
-0.5274999999999999,0.6330309196983437,0.6330309196983437,0.0
-0.5224999999999991,0.6390106271551864,0.6390106271551864,0.0
-0.5175000000000001,0.5959450467412469,0.5959450467412469,0.0
-0.5124999999999993,0.6274212918560937,0.6274212918560937,0.0
-0.5075000000000003,0.6150917973278153,0.6150917973278153,0.0
-0.5024999999999995,0.5828169593604259,0.5828169593604259,0.0
-0.4975000000000005,0.6211883720313716,0.6211883720313716,0.0
-0.4924999999999997,0.5634364742804304,0.5634364742804304,0.0
-0.48749999999999893,0.6087030545074751,0.6087030545074751,0.0
-0.48249999999999993,0.5669814474307412,0.5669814474307412,0.0
-0.47749999999999915,0.5718898717927098,0.5718898717927098,0.0
-0.47250000000000014,0.5765450837867993,0.5765450837867993,0.0
-0.46749999999999936,0.5499577851594687,0.5499577851594687,0.0
-0.46250000000000036,0.5743051282247897,0.5743051282247897,0.0
-0.4574999999999996,0.5399072019421043,0.5399072019421043,0.0
-0.45250000000000057,0.5487891126923333,0.5487891126923333,0.0
-0.4474999999999998,0.5439585998281737,0.5439585998281737,0.0
-0.442499999999999,0.5342586183509497,0.5342586183509497,0.0
-0.4375,0.5374529897611198,0.5374529897611198,0.0
-0.4324999999999992,0.5179361595599585,0.5179361595599585,0.0
-0.4275000000000002,0.5203708938664907,0.5203708938664907,0.0
-0.42249999999999943,0.5145664872797182,0.5145664872797182,0.0
-0.4175000000000004,0.5095022399221314,0.5095022399221314,0.0
-0.41249999999999964,0.5098723195367243,0.5098723195367243,0.0
-0.40750000000000064,0.49849724085660646,0.49849724085660646,0.0
-0.40249999999999986,0.49873097535003347,0.49873097535003347,0.0
-0.3974999999999991,0.49055026808008556,0.49055026808008556,0.0
-0.39250000000000007,0.4832265872860371,0.4832265872860371,0.0
-0.3874999999999993,0.4819020918232837,0.4819020918232837,0.0
-0.3825000000000003,0.4723774112161302,0.4723774112161302,0.0
-0.3774999999999995,0.47056596889207025,0.47056596889207025,0.0
-0.3725000000000005,0.4659886683957899,0.4659886683957899,0.0
-0.3674999999999997,0.46004791668785155,0.46004791668785155,0.0
-0.36249999999999893,0.4625216067432882,0.4625216067432882,0.0
-0.35749999999999993,0.4427710420486999,0.4427710420486999,0.0
-0.35249999999999915,0.45913245658859553,0.45913245658859553,0.0
-0.34750000000000014,0.4261369372664726,0.4261369372664726,0.0
-0.34249999999999936,0.4572431027667266,0.4572431027667266,0.0
-0.33750000000000036,0.4143138674739527,0.4143138674739527,0.0
-0.3324999999999996,0.44656922756688994,0.44656922756688994,0.0
-0.32750000000000057,0.41686546902719845,0.41686546902719845,0.0
-0.3224999999999998,0.41996245106510716,0.41996245106510716,0.0
-0.317499999999999,0.4224750968694484,0.4224750968694484,0.0
-0.3125,0.4000755412493531,0.4000755412493531,0.0
-0.3074999999999992,0.4097950006010293,0.4097950006010293,0.0
-0.3025000000000002,0.4024518419325284,0.4024518419325284,0.0
-0.29749999999999943,0.38936271030061187,0.38936271030061187,0.0
-0.2925000000000004,0.4030167002916439,0.4030167002916439,0.0
-0.28749999999999964,0.3822922418744427,0.3822922418744427,0.0
-0.28250000000000064,0.38708379898969786,0.38708379898969786,0.0
-0.27749999999999986,0.384512719562,0.384512719562,0.0
-0.2724999999999991,0.3651906681053613,0.3651906681053613,0.0
-0.26750000000000007,0.3832271798481511,0.3832271798481511,0.0
-0.2624999999999993,0.36733323429510956,0.36733323429510956,0.0
-0.2575000000000003,0.3529196072004396,0.3529196072004396,0.0
-0.2524999999999995,0.36322340278568344,0.36322340278568344,0.0
-0.2475000000000005,0.3575358634456245,0.3575358634456245,0.0
-0.24249999999999972,0.35153667811432937,0.35153667811432937,0.0
-0.23749999999999893,0.3401031658108547,0.3401031658108547,0.0
-0.23249999999999993,0.3487318641932044,0.3487318641932044,0.0
-0.22749999999999915,0.34265476736410033,0.34265476736410033,0.0
-0.22250000000000014,0.31661284922143307,0.31661284922143307,0.0
-0.21749999999999936,0.3483423067041593,0.3483423067041593,0.0
-0.21250000000000036,0.3263128306986569,0.3263128306986569,0.0
-0.20749999999999957,0.2989853728421407,0.2989853728421407,0.0
-0.20250000000000057,0.3499784481581488,0.3499784481581488,0.0
-0.1974999999999998,0.31505461926525247,0.31505461926525247,0.0
-0.192499999999999,0.2766052950964977,0.2766052950964977,0.0
-0.1875,0.338915015469267,0.338915015469267,0.0
-0.18249999999999922,0.31312630969447913,0.31312630969447913,0.0
-0.1775000000000002,0.2621137565040187,0.2621137565040187,0.0
-0.17249999999999943,0.31844376941994523,0.31844376941994523,0.0
-0.16750000000000043,0.3114122567426806,0.3114122567426806,0.0
-0.16249999999999964,0.25932842045734594,0.25932842045734594,0.0
-0.15750000000000064,0.2776376224424673,0.2776376224424673,0.0
-0.15249999999999986,0.312892575201052,0.312892575201052,0.0
-0.14749999999999908,0.2712683574965794,0.2712683574965794,0.0
-0.14250000000000007,0.2384286611700745,0.2384286611700745,0.0
-0.1374999999999993,0.29727131989034217,0.29727131989034217,0.0
-0.13250000000000028,0.29625847041882486,0.29625847041882486,0.0
-0.1274999999999995,0.2179963708696572,0.2179963708696572,0.0
-0.1225000000000005,0.24705735955242425,0.24705735955242425,0.0
-0.11749999999999972,0.30761407122449047,0.30761407122449047,0.0
-0.11249999999999893,0.24927783723998156,0.24927783723998156,0.0
-0.10749999999999993,0.19918074414877712,0.19918074414877712,0.0
-0.10249999999999915,0.2507386778239008,0.2507386778239008,0.0
-0.09750000000000014,0.2976608773793873,0.2976608773793873,0.0
-0.09249999999999936,0.22257367136593753,0.22257367136593753,0.0
-0.08750000000000036,0.19616167360867742,0.19616167360867742,0.0
-0.08249999999999957,0.23270216608111105,0.23270216608111105,0.0
-0.07750000000000057,0.2690478798090221,0.2690478798090221,0.0
-0.07249999999999979,0.2194572114535764,0.2194572114535764,0.0
-0.067499999999999,0.20179077932537956,0.20179077932537956,0.0
-0.0625,0.21626284004340637,0.21626284004340637,0.0
-0.05749999999999922,0.2272288833600269,0.2272288833600269,0.0
-0.05250000000000021,0.2218919457601086,0.2218919457601086,0.0
-0.04749999999999943,0.20068054048160092,0.20068054048160092,0.0
-0.042500000000000426,0.19886909815754103,0.19886909815754103,0.0
-0.037499999999999645,0.20738092929317728,0.20738092929317728,0.0
-0.03250000000000064,0.21088694669458347,0.21088694669458347,0.0
-0.027499999999999858,0.20545261972240383,0.20545261972240383,0.0
-0.022499999999999076,0.1710157376908139,0.1710157376908139,0.0
-0.01750000000000007,0.18163117926729386,0.18163117926729386,0.0
-0.01249999999999929,0.2085690796347649,0.2085690796347649,0.0
-0.007500000000000284,0.19629801872984315,0.19629801872984315,0.0
-0.0024999999999995026,0.19094160325547255,0.19094160325547255,0.0
0.0024999999999995026,0.166243658450011,0.166243658450011,0.0
0.007500000000000284,0.1727297906426125,0.1727297906426125,0.0
0.012500000000001066,0.1714442509287636,0.1714442509287636,0.0
0.01750000000000007,0.17602155142504392,0.17602155142504392,0.0
0.022500000000000853,0.17518400282359686,0.17518400282359686,0.0
0.027499999999999858,0.17105469343971844,0.17105469343971844,0.0
0.03250000000000064,0.18094945366146487,0.18094945366146487,0.0
0.037499999999999645,0.17415167547762728,0.17415167547762728,0.0
0.042500000000000426,0.1398900943161077,0.1398900943161077,0.0
0.04749999999999943,0.13264432501986823,0.13264432501986823,0.0
0.05250000000000021,0.1541089426662551,0.1541089426662551,0.0
0.057500000000000995,0.16415952588361957,0.16415952588361957,0.0
0.0625,0.17555408243818973,0.17555408243818973,0.0
0.06750000000000078,0.1741906312265318,0.1741906312265318,0.0
0.07249999999999979,0.14203266050585595,0.14203266050585595,0.0
0.07750000000000057,0.12008109599816262,0.12008109599816262,0.0
0.08249999999999957,0.1206264764828258,0.1206264764828258,0.0
0.08750000000000036,0.12808650239804012,0.12808650239804012,0.0
0.09249999999999936,0.1492394740531909,0.1492394740531909,0.0
0.09750000000000014,0.16678903893467426,0.16678903893467426,0.0
0.10250000000000092,0.1507003146371102,0.1507003146371102,0.0
0.10749999999999993,0.14470112930581508,0.14470112930581508,0.0
0.11250000000000071,0.11340018506103856,0.11340018506103856,0.0
0.11749999999999972,0.09832431023499186,0.09832431023499186,0.0
0.1225000000000005,0.10650501750493972,0.10650501750493972,0.0
0.1274999999999995,0.12497004248567907,0.12497004248567907,0.0
0.13250000000000028,0.15436215503413445,0.15436215503413445,0.0
0.13750000000000107,0.14822662458167357,0.14822662458167357,0.0
0.14250000000000007,0.12826180326811043,0.12826180326811043,0.0
0.14750000000000085,0.10895922968592404,0.10895922968592404,0.0
0.15249999999999986,0.10003836318679044,0.10003836318679044,0.0
0.15750000000000064,0.09374700973871154,0.09374700973871154,0.0
0.16249999999999964,0.09869438984958474,0.09869438984958474,0.0
0.16750000000000043,0.12093812247406191,0.12093812247406191,0.0
0.17249999999999943,0.13336500637460172,0.13336500637460172,0.0
0.1775000000000002,0.12025639686823295,0.12025639686823295,0.0
0.182500000000001,0.10847228282461764,0.10847228282461764,0.0
0.1875,0.10327169034586509,0.10327169034586509,0.0
0.19250000000000078,0.09799318636930351,0.09799318636930351,0.0
0.1974999999999998,0.10171346038968453,0.10171346038968453,0.0
0.20250000000000057,0.0860727272045224,0.0860727272045224,0.0
0.20749999999999957,0.08948135523366733,0.08948135523366733,0.0
0.21250000000000036,0.10929035355161242,0.10929035355161242,0.0
0.21749999999999936,0.10449879643635723,0.10449879643635723,0.0
0.22250000000000014,0.09392231060878187,0.09392231060878187,0.0
0.22750000000000092,0.1150947601383849,0.1150947601383849,0.0
0.23249999999999993,0.09910342521308216,0.09910342521308216,0.0
0.2375000000000007,0.08868276238112481,0.08868276238112481,0.0
0.24249999999999972,0.07976189588199124,0.07976189588199124,0.0
0.2475000000000005,0.07946972776520737,0.07946972776520737,0.0
0.2524999999999995,0.08172916120166913,0.08172916120166913,0.0
0.2575000000000003,0.09738937226128355,0.09738937226128355,0.0
0.26250000000000107,0.09824639873718287,0.09824639873718287,0.0
0.26750000000000007,0.08527413435197988,0.08527413435197988,0.0
0.27250000000000085,0.08393016101477417,0.08393016101477417,0.0
0.27749999999999986,0.0764896129740121,0.0764896129740121,0.0
0.28250000000000064,0.08073578960460406,0.08073578960460406,0.0
0.28749999999999964,0.08036570999001119,0.08036570999001119,0.0
0.2925000000000004,0.07438600253316838,0.07438600253316838,0.0
0.29749999999999943,0.0746976485244045,0.0746976485244045,0.0
0.3025000000000002,0.07775567481340878,0.07775567481340878,0.0
0.307500000000001,0.07428861316090708,0.07428861316090708,0.0
0.3125,0.08036570999001119,0.08036570999001119,0.0
0.3175000000000008,0.08850746151105449,0.08850746151105449,0.0
0.3224999999999998,0.08708557667603974,0.08708557667603974,0.0
0.32750000000000057,0.07828157742361973,0.07828157742361973,0.0
0.3324999999999996,0.06597156076979348,0.06597156076979348,0.0
0.33750000000000036,0.05486917233200716,0.05486917233200716,0.0
0.34249999999999936,0.04737019066788833,0.04737019066788833,0.0
0.34750000000000014,0.05895952596698106,0.05895952596698106,0.0
0.3525000000000009,0.07925547114623255,0.07925547114623255,0.0
0.35749999999999993,0.07237978146458593,0.07237978146458593,0.0
0.3625000000000007,0.0684842065741346,0.0684842065741346,0.0
0.3674999999999997,0.06589364927198446,0.06589364927198446,0.0
0.3725000000000005,0.06488079980046711,0.06488079980046711,0.0
0.3774999999999995,0.06190068500927183,0.06190068500927183,0.0
0.3825000000000003,0.06782195884275785,0.06782195884275785,0.0
0.38750000000000107,0.06949705604565193,0.06949705604565193,0.0
0.39250000000000007,0.07216552484561112,0.07216552484561112,0.0
0.39750000000000085,0.059271171958217184,0.059271171958217184,0.0
0.40249999999999986,0.054206924600630424,0.054206924600630424,0.0
0.40750000000000064,0.046513164191989025,0.046513164191989025,0.0
0.41249999999999964,0.047311757044531555,0.047311757044531555,0.0
0.4175000000000004,0.05325250875246985,0.05325250875246985,0.0
0.42249999999999943,0.062387631870578254,0.062387631870578254,0.0
0.4275000000000002,0.06897115343544101,0.06897115343544101,0.0
0.432500000000001,0.06815308270844622,0.06815308270844622,0.0
0.4375,0.05851153485457916,0.05851153485457916,0.0
0.4425000000000008,0.04604569520513488,0.04604569520513488,0.0
0.4474999999999998,0.048246695018239874,0.048246695018239874,0.0
0.45250000000000057,0.04388365114093437,0.04388365114093437,0.0
0.4574999999999996,0.04353304940079375,0.04353304940079375,0.0
0.46250000000000036,0.04567561559054199,0.04567561559054199,0.0
0.46749999999999936,0.048051916273717306,0.048051916273717306,0.0
0.47250000000000014,0.053038252133495015,0.053038252133495015,0.0
0.4775000000000009,0.05843362335677014,0.05843362335677014,0.0
0.48249999999999993,0.05186957966635963,0.05186957966635963,0.0
0.4875000000000007,0.05149950005176673,0.05149950005176673,0.0
0.4924999999999997,0.05206435841088219,0.05206435841088219,0.0
0.4975000000000005,0.04933745598756624,0.04933745598756624,0.0
0.5024999999999995,0.048850509126259836,0.048850509126259836,0.0
0.5075000000000003,0.042461766305919635,0.042461766305919635,0.0
0.5125000000000011,0.04668846506205934,0.04668846506205934,0.0
0.5175000000000001,0.05070090719922421,0.05070090719922421,0.0
0.5225000000000009,0.047935049027003775,0.047935049027003775,0.0
0.5274999999999999,0.03864410291327732,0.03864410291327732,0.0
0.5325000000000006,0.03398889091918796,0.03398889091918796,0.0
0.5374999999999996,0.03287865207540933,0.03287865207540933,0.0
0.5425000000000004,0.0313204221192288,0.0313204221192288,0.0
0.5474999999999994,0.03922843914684502,0.03922843914684502,0.0
0.5525000000000002,0.03663788184469488,0.03663788184469488,0.0
0.557500000000001,0.034495315654946644,0.034495315654946644,0.0
0.5625,0.034378448408233106,0.034378448408233106,0.0
0.5675000000000008,0.03346298830897703,0.03346298830897703,0.0
0.5724999999999998,0.03679370484031293,0.03679370484031293,0.0
0.5775000000000006,0.043903129015386635,0.043903129015386635,0.0
0.5824999999999996,0.04425373075552725,0.04425373075552725,0.0
0.5875000000000004,0.04057241248405074,0.04057241248405074,0.0
0.5924999999999994,0.033872023672474424,0.033872023672474424,0.0
0.5975000000000001,0.028905165687148963,0.028905165687148963,0.0
0.6025000000000009,0.028262395830224493,0.028262395830224493,0.0
0.6074999999999999,0.03285917420095708,0.03285917420095708,0.0
0.6125000000000007,0.03737804107388063,0.03737804107388063,0.0
0.6174999999999997,0.04290975741832154,0.04290975741832154,0.0
0.6225000000000005,0.04499388998471301,0.04499388998471301,0.0
0.6274999999999995,0.042909757418321544,0.042909757418321544,0.0
0.6325000000000003,0.04403947413655243,0.04403947413655243,0.0
0.6375000000000011,0.03913104977458374,0.03913104977458374,0.0
0.6425000000000001,0.035332864256393676,0.035332864256393676,0.0
0.6475000000000009,0.029918015158666322,0.029918015158666322,0.0
0.6524999999999999,0.032313793716293886,0.032313793716293886,0.0
0.6575000000000006,0.029918015158666315,0.029918015158666315,0.0
0.6624999999999996,0.029138900180576043,0.029138900180576043,0.0
0.6675000000000004,0.02845717457474706,0.02845717457474706,0.0
0.6724999999999994,0.026509387129521382,0.026509387129521382,0.0
0.6775000000000002,0.02793127196453613,0.02793127196453613,0.0
0.682500000000001,0.02578870577478789,0.02578870577478789,0.0
0.6875,0.03303447507102738,0.03303447507102738,0.0
0.6925000000000008,0.03476800589727823,0.03476800589727823,0.0
0.6974999999999998,0.03217744859512809,0.03217744859512809,0.0
0.7025000000000006,0.03363828917904734,0.03363828917904734,0.0
0.7074999999999996,0.0328007405776003,0.0328007405776003,0.0
0.7125000000000004,0.03026861689880694,0.03026861689880694,0.0
0.7174999999999994,0.028924643561601217,0.028924643561601217,0.0
0.7225000000000001,0.02964532491633472,0.02964532491633472,0.0
0.7275000000000009,0.03445635990604213,0.03445635990604213,0.0
0.7324999999999999,0.03295656357321836,0.03295656357321836,0.0
0.7375000000000007,0.03336559893671575,0.03336559893671575,0.0
0.7424999999999997,0.02945054617181216,0.02945054617181216,0.0
0.7475000000000005,0.02771701534556131,0.02771701534556131,0.0
0.7524999999999995,0.026197741138285283,0.026197741138285283,0.0
0.7575000000000003,0.019653175322327025,0.019653175322327025,0.0
0.7625000000000011,0.0156602110596144,0.0156602110596144,0.0
0.7675000000000001,0.01649775966106144,0.01649775966106144,0.0
0.7725000000000009,0.020529679672678578,0.020529679672678578,0.0
0.7774999999999999,0.022691723736879072,0.022691723736879072,0.0
0.7825000000000006,0.019789520443492824,0.019789520443492824,0.0
0.7874999999999996,0.018796148846427732,0.018796148846427732,0.0
0.7925000000000004,0.017880688747171667,0.017880688747171667,0.0
0.7974999999999994,0.013946158107815809,0.013946158107815809,0.0
0.8025000000000002,0.017354786136960735,0.017354786136960735,0.0
0.807500000000001,0.022847546732497125,0.022847546732497125,0.0
0.8125,0.025632882779169835,0.025632882779169835,0.0
0.8175000000000008,0.02691842249301878,0.02691842249301878,0.0
0.8224999999999998,0.025379670411290505,0.025379670411290505,0.0
0.8275000000000006,0.02859351969591286,0.02859351969591286,0.0
0.8324999999999996,0.02732745785651617,0.02732745785651617,0.0
0.8375000000000004,0.025866617272596915,0.025866617272596915,0.0
0.8424999999999994,0.025048546545602138,0.025048546545602138,0.0
0.8475000000000001,0.023431882966064826,0.023431882966064826,0.0
0.8525000000000009,0.02054915754713084,0.02054915754713084,0.0
0.8574999999999999,0.025516015532456297,0.025516015532456297,0.0
0.8625000000000007,0.02530175891348147,0.02530175891348147,0.0
0.8674999999999997,0.02419152006970284,0.02419152006970284,0.0
0.8725000000000005,0.028944121436053485,0.028944121436053485,0.0
0.8774999999999995,0.03266439545643451,0.03266439545643451,0.0
0.8825000000000003,0.028301351579129008,0.028301351579129008,0.0
0.8875000000000011,0.02933367892509861,0.02933367892509861,0.0
0.8925000000000001,0.03198266985060552,0.03198266985060552,0.0
0.8975000000000009,0.030911386755731404,0.030911386755731404,0.0
0.9024999999999999,0.026178263263833025,0.026178263263833025,0.0
0.9075000000000006,0.02711320123754135,0.02711320123754135,0.0
0.9124999999999996,0.024600555433200232,0.024600555433200232,0.0
0.9175000000000004,0.02561340490471758,0.02561340490471758,0.0
0.9224999999999994,0.027249546358707143,0.027249546358707143,0.0
0.9275000000000002,0.027833882592274848,0.027833882592274848,0.0
0.932500000000001,0.02594452877040595,0.02594452877040595,0.0
0.9375,0.023860396204014478,0.023860396204014478,0.0
0.9425000000000008,0.020023254936919907,0.020023254936919907,0.0
0.9474999999999998,0.015387520817282806,0.015387520817282806,0.0
0.9525000000000006,0.011355600805665665,0.011355600805665665,0.0
0.9574999999999996,0.013128087380821028,0.013128087380821028,0.0
0.9625000000000004,0.013595556367675185,0.013595556367675185,0.0
0.9674999999999994,0.01437467134576546,0.01437467134576546,0.0
0.9725000000000001,0.012095760034851421,0.012095760034851421,0.0
0.9775000000000009,0.010790742446550221,0.010790742446550221,0.0
0.9824999999999999,0.012076282160399163,0.012076282160399163,0.0
0.9875000000000007,0.012621662645062353,0.012621662645062353,0.0
0.9924999999999997,0.012796963515132662,0.012796963515132662,0.0
0.9975000000000005,0.012874875012941689,0.012874875012941689,0.0
1.0024999999999995,0.012524273272801069,0.012524273272801069,0.0
1.0075000000000003,0.014647361588097051,0.014647361588097051,0.0
1.012500000000001,0.01926361783328189,0.01926361783328189,0.0
1.0175,0.016049768548659533,0.016049768548659533,0.0
1.0225000000000009,0.01719896314134268,0.01719896314134268,0.0
1.0274999999999999,0.016517237535513696,0.016517237535513696,0.0
1.0325000000000006,0.021620440642004954,0.021620440642004954,0.0
1.0374999999999996,0.01809494536614649,0.01809494536614649,0.0
1.0425000000000004,0.02058811329603535,0.02058811329603535,0.0
1.0474999999999994,0.021737307888718492,0.021737307888718492,0.0
1.0525000000000002,0.01786121087271941,0.01786121087271941,0.0
1.057500000000001,0.016653582656679496,0.016653582656679496,0.0
1.0625,0.014920051830428648,0.014920051830428648,0.0
1.0675000000000008,0.017004184396820117,0.017004184396820117,0.0
1.0724999999999998,0.01739374188586525,0.01739374188586525,0.0
1.0775000000000006,0.018484502855191622,0.018484502855191622,0.0
1.0824999999999996,0.01926361783328189,0.01926361783328189,0.0
1.0875000000000004,0.01809494536614649,0.01809494536614649,0.0
1.0924999999999994,0.014764228834810591,0.014764228834810591,0.0
1.0975000000000001,0.013011220134107484,0.013011220134107484,0.0
1.102500000000001,0.008628698382349724,0.008628698382349724,0.0
1.1075,0.006758822434933079,0.006758822434933079,0.0
1.1125000000000007,0.005297981851013827,0.005297981851013827,0.0
1.1174999999999997,0.007674282534189146,0.007674282534189146,0.0
1.1225000000000005,0.008394963888922647,0.008394963888922647,0.0
1.1274999999999995,0.007421070166309809,0.007421070166309809,0.0
1.1325000000000003,0.0072847250451440115,0.0072847250451440115,0.0
1.137500000000001,0.009232512490369684,0.009232512490369684,0.0
1.1425,0.01186202554142434,0.01186202554142434,0.0
1.1475000000000009,0.008940344373585834,0.008940344373585834,0.0
1.1524999999999999,0.006719866686028568,0.006719866686028568,0.0
1.1575000000000006,0.006817256058289851,0.006817256058289851,0.0
1.1624999999999996,0.0067003888115763095,0.0067003888115763095,0.0
1.1675000000000004,0.005979707456842813,0.005979707456842813,0.0
1.1724999999999994,0.0078301055298072,0.0078301055298072,0.0
1.1775000000000002,0.008862432875776807,0.008862432875776807,0.0
1.182500000000001,0.011667246796901773,0.011667246796901773,0.0
1.1875,0.010771264572097964,0.010771264572097964,0.0
1.1925000000000008,0.011530901675735976,0.011530901675735976,0.0
1.1974999999999998,0.016595149033322723,0.016595149033322723,0.0
1.2025000000000006,0.017978078119432948,0.017978078119432948,0.0
1.2074999999999996,0.021211405278507563,0.021211405278507563,0.0
1.2125000000000004,0.025126458043411157,0.025126458043411157,0.0
1.2174999999999994,0.024697944805461513,0.024697944805461513,0.0
1.2225000000000001,0.026528865003973643,0.026528865003973643,0.0
1.227500000000001,0.02419152006970284,0.02419152006970284,0.0
1.2325,0.02541862616019501,0.02541862616019501,0.0
1.2375000000000007,0.023977263450728016,0.023977263450728016,0.0
1.2424999999999997,0.021737307888718495,0.021737307888718495,0.0
1.2475000000000005,0.020802369915010173,0.020802369915010173,0.0
1.2524999999999995,0.020588113296035347,0.020588113296035347,0.0
1.2575000000000003,0.020373856677060525,0.020373856677060525,0.0
1.262500000000001,0.017880688747171667,0.017880688747171667,0.0
1.2675,0.019477874452256714,0.019477874452256714,0.0
1.2725000000000009,0.021990520256597833,0.021990520256597833,0.0
1.2774999999999999,0.020704980542748892,0.020704980542748892,0.0
1.2825000000000006,0.020704980542748896,0.020704980542748896,0.0
1.2874999999999996,0.01743269763476976,0.01743269763476976,0.0
1.2925000000000004,0.01714052951798591,0.01714052951798591,0.0
1.2974999999999994,0.017374264011412992,0.017374264011412992,0.0
1.3025000000000002,0.019146750586568353,0.019146750586568353,0.0
1.307500000000001,0.01731583038805622,0.01731583038805622,0.0
1.3125,0.016517237535513693,0.016517237535513693,0.0
1.3175000000000008,0.0188545824697845,0.0188545824697845,0.0
1.3224999999999998,0.017724865751553614,0.017724865751553614,0.0
1.3275000000000006,0.015601777436257628,0.015601777436257628,0.0
1.3324999999999996,0.01606924642311179,0.01606924642311179,0.0
1.3375000000000004,0.01603029067420728,0.01603029067420728,0.0
1.3424999999999994,0.016225069418729844,0.016225069418729844,0.0
1.3475000000000001,0.015212219947212498,0.015212219947212498,0.0
1.352500000000001,0.014433104969122229,0.014433104969122229,0.0
1.3575,0.014647361588097051,0.014647361588097051,0.0
1.3625000000000007,0.012738529891775891,0.012738529891775891,0.0
1.3674999999999997,0.011121866312238585,0.011121866312238585,0.0
1.3725000000000005,0.012446361774992042,0.012446361774992042,0.0
1.3774999999999995,0.014218848350147403,0.014218848350147403,0.0
1.3825000000000003,0.013439733372057136,0.013439733372057136,0.0
1.387500000000001,0.014647361588097051,0.014647361588097051,0.0
1.3925,0.015971857050850507,0.015971857050850507,0.0
1.3975000000000009,0.01749113125812653,0.01749113125812653,0.0
1.4024999999999999,0.017062618020176883,0.017062618020176883,0.0
1.4075000000000006,0.018893538218689013,0.018893538218689013,0.0
1.4124999999999996,0.017530087007031046,0.017530087007031046,0.0
1.4175000000000004,0.015738122557423427,0.015738122557423427,0.0
1.4224999999999994,0.013050175883012001,0.013050175883012001,0.0
1.4275000000000002,0.011706202545806288,0.011706202545806288,0.0
1.432500000000001,0.012387928151635277,0.012387928151635277,0.0
1.4375,0.009622069979414817,0.009622069979414817,0.0
1.4425000000000008,0.009096167369203888,0.009096167369203888,0.0
1.4474999999999998,0.009057211620299373,0.009057211620299373,0.0
1.4525000000000006,0.005473282721084137,0.005473282721084137,0.0
1.4574999999999996,0.004187743007235194,0.004187743007235194,0.0
1.4625000000000004,0.0014218848350147405,0.0014218848350147405,0.0
1.4674999999999994,0.00038955748904513437,0.00038955748904513437,0.0
1.4725000000000001,0.0003311238656883642,0.0003311238656883642,0.0
1.477500000000001,3.895574890451344e-5,3.895574890451344e-5,0.0
