omega,S,S_edge,S_cont,Sr,Sr_edge,Sr_cont
-1.4975000000000005,0.0,0.0,0.0
-1.4924999999999997,5.969026041820606e-5,5.969026041820606e-5,0.0
-1.4875000000000007,0.003903743031350677,0.003903743031350677,0.0
-1.4825,0.023720909490195088,0.023720909490195088,0.0
-1.4774999999999991,0.08896236412729433,0.08896236412729433,0.0
-1.4725000000000001,0.2761152066425377,0.2761152066425377,0.0
-1.4674999999999994,0.5989798252446146,0.5989798252446146,0.0
-1.4625000000000004,1.027424576474414,1.027424576474414,0.0
-1.4574999999999996,1.442510647422614,1.442510647422614,0.0
-1.4525000000000006,1.7142207128462823,1.7142207128462823,0.0
-1.4474999999999998,1.7690880002226963,1.7690880002226963,0.0
-1.442499999999999,1.6848172905642749,1.6848172905642749,0.0
-1.4375,1.510748553132706,1.510748553132706,0.0
-1.4324999999999992,1.3049484732628192,1.3049484732628192,0.0
-1.4275000000000002,1.141349407508602,1.141349407508602,0.0
-1.4224999999999994,1.0254070456722792,1.0254070456722792,0.0
-1.4175000000000004,0.9448132560556172,0.9448132560556172,0.0
-1.4124999999999996,0.8823891817102572,0.8823891817102572,0.0
-1.4075000000000006,0.8306019117714214,0.8306019117714214,0.0
-1.4024999999999999,0.7877920569994843,0.7877920569994843,0.0
-1.397499999999999,0.7522405378944006,0.7522405378944006,0.0
-1.3925,0.7219895139144538,0.7219895139144538,0.0
-1.3874999999999993,0.6937082685283077,0.6937082685283077,0.0
-1.3825000000000003,0.669808288256858,0.669808288256858,0.0
-1.3774999999999995,0.6490599537354894,0.6490599537354894,0.0
-1.3725000000000005,0.6277863449224408,0.6277863449224408,0.0
-1.3674999999999997,0.6123026913699582,0.6123026913699582,0.0
-1.362499999999999,0.5965325245674682,0.5965325245674682,0.0
-1.3575,0.5809772427024837,0.5809772427024837,0.0
-1.3524999999999991,0.566890341243787,0.566890341243787,0.0
-1.3475000000000001,0.5534839087538581,0.5534839087538581,0.0
-1.3424999999999994,0.5416771752431367,0.5416771752431367,0.0
-1.3375000000000004,0.5294884240657391,0.5294884240657391,0.0
-1.3324999999999996,0.5221823361905505,0.5221823361905505,0.0
-1.3275000000000006,0.5107695583985895,0.5107695583985895,0.0
-1.3224999999999998,0.5034634705234011,0.5034634705234011,0.0
-1.317499999999999,0.49263565728353875,0.49263565728353875,0.0
-1.3125,0.4840163836791497,0.4840163836791497,0.0
-1.3074999999999992,0.4781070478977472,0.4781070478977472,0.0
-1.3025000000000002,0.4736422164184653,0.4736422164184653,0.0
-1.2974999999999994,0.46372169513695943,0.46372169513695943,0.0
-1.2925000000000004,0.4539205543762901,0.4539205543762901,0.0
-1.2874999999999996,0.44798734249072036,0.44798734249072036,0.0
-1.2825000000000006,0.44754563456362567,0.44754563456362567,0.0
-1.2774999999999999,0.44039474136552453,0.44039474136552453,0.0
-1.272499999999999,0.4314889545111283,0.4314889545111283,0.0
-1.2675,0.42559155678180954,0.42559155678180954,0.0
-1.2624999999999993,0.4248036453442891,0.4248036453442891,0.0
-1.2575000000000003,0.42043431828167643,0.42043431828167643,0.0
-1.2524999999999995,0.4103347262189159,0.4103347262189159,0.0
-1.2475000000000005,0.40803068216677335,0.40803068216677335,0.0
-1.2424999999999997,0.40676524864590724,0.40676524864590724,0.0
-1.237499999999999,0.39953078908322076,0.39953078908322076,0.0
-1.2325,0.39278578965596334,0.39278578965596334,0.0
-1.2274999999999991,0.3960329398227138,0.3960329398227138,0.0
-1.2225000000000001,0.3871032768641502,0.3871032768641502,0.0
-1.2174999999999994,0.3838919408536507,0.3838919408536507,0.0
-1.2125000000000004,0.38191022420776627,0.38191022420776627,0.0
-1.2074999999999996,0.37626352557220394,0.37626352557220394,0.0
-1.2025000000000006,0.3742340567179849,0.3742340567179849,0.0
-1.1974999999999998,0.3719061365616749,0.3719061365616749,0.0
-1.192499999999999,0.3675606856032295,0.3675606856032295,0.0
-1.1875,0.3637524469885479,0.3637524469885479,0.0
-1.1824999999999992,0.3628093408739403,0.3628093408739403,0.0
-1.1775000000000002,0.359526376550939,0.359526376550939,0.0
-1.1724999999999994,0.3556703857279228,0.3556703857279228,0.0
-1.1675000000000004,0.35451239467580964,0.35451239467580964,0.0
-1.1624999999999996,0.34836429785273443,0.34836429785273443,0.0
-1.1575000000000006,0.3476838288839668,0.3476838288839668,0.0
-1.1524999999999999,0.3472540590089558,0.3472540590089558,0.0
-1.147499999999999,0.3402106082796074,0.3402106082796074,0.0
-1.1425,0.34331450182135415,0.34331450182135415,0.0
-1.1374999999999993,0.33728578551911537,0.33728578551911537,0.0
-1.1325000000000003,0.33479073263363435,0.33479073263363435,0.0
-1.1274999999999995,0.3357219006961583,0.3357219006961583,0.0
-1.1225000000000005,0.3269593704667657,0.3269593704667657,0.0
-1.1174999999999997,0.33590097147741294,0.33590097147741294,0.0
-1.112499999999999,0.3207157692270214,0.3207157692270214,0.0
-1.1075,0.3298245029668396,0.3298245029668396,0.0
-1.1024999999999991,0.31948614986240625,0.31948614986240625,0.0
-1.0975000000000001,0.32359283977917885,0.32359283977917885,0.0
-1.0924999999999994,0.3181729641332057,0.3181729641332057,0.0
-1.0875000000000004,0.3174208668519364,0.3174208668519364,0.0
-1.0824999999999996,0.3167523359352525,0.3167523359352525,0.0
-1.0775000000000006,0.3122158761434688,0.3122158761434688,0.0
-1.0724999999999998,0.31414984058101875,0.31414984058101875,0.0
-1.067499999999999,0.3074764694662633,0.3074764694662633,0.0
-1.0625,0.3094223719558967,0.3094223719558967,0.0
-1.0574999999999992,0.3062468501016482,0.3062468501016482,0.0
-1.0525000000000002,0.3046590891745239,0.3046590891745239,0.0
-1.0474999999999994,0.304790407747444,0.304790407747444,0.0
-1.0425000000000004,0.2995496028827255,0.2995496028827255,0.0
-1.0374999999999996,0.3034652839661598,0.3034652839661598,0.0
-1.0325000000000006,0.29414166528883595,0.29414166528883595,0.0
-1.0274999999999999,0.30173426641403184,0.30173426641403184,0.0
-1.022499999999999,0.29040505498665625,0.29040505498665625,0.0
-1.0175,0.300397204580664,0.300397204580664,0.0
-1.0124999999999993,0.2867042588407275,0.2867042588407275,0.0
-1.0075000000000003,0.2979857180597685,0.2979857180597685,0.0
-1.0024999999999995,0.28312284321563513,0.28312284321563513,0.0
-0.9975000000000005,0.29587268284096396,0.29587268284096396,0.0
-0.9924999999999997,0.280365153184314,0.280365153184314,0.0
-0.9874999999999989,0.2929717361846391,0.2929717361846391,0.0
-0.9824999999999999,0.2781924277050913,0.2781924277050913,0.0
-0.9774999999999991,0.29007078952831433,0.29007078952831433,0.0
-0.9725000000000001,0.2754705518300211,0.2754705518300211,0.0
-0.9674999999999994,0.2899872231637288,0.2899872231637288,0.0
-0.9625000000000004,0.2732978263507984,0.2732978263507984,0.0
-0.9574999999999996,0.28690720572614936,0.28690720572614936,0.0
-0.9525000000000006,0.26886880902776755,0.26886880902776755,0.0
-0.9474999999999998,0.285223940382356,0.285223940382356,0.0
-0.942499999999999,0.26541871197559525,0.26541871197559525,0.0
-0.9375,0.28079492305932513,0.28079492305932513,0.0
-0.9324999999999992,0.2665647649756247,0.2665647649756247,0.0
-0.9275000000000002,0.2743841890904098,0.2743841890904098,0.0
-0.9224999999999994,0.2717936317882596,0.2717936317882596,0.0
-0.9175000000000004,0.26878524266318204,0.26878524266318204,0.0
-0.9124999999999996,0.2726412334861982,0.2726412334861982,0.0
-0.9075000000000006,0.2627804024651105,0.2627804024651105,0.0
-0.9024999999999999,0.27199657867368154,0.27199657867368154,0.0
-0.8974999999999991,0.25974813723586565,0.25974813723586565,0.0
-0.8925000000000001,0.27110122476740844,0.27110122476740844,0.0
-0.8874999999999993,0.25892441164209434,0.25892441164209434,0.0
-0.8825000000000003,0.2662066234131155,0.2662066234131155,0.0
-0.8774999999999995,0.25810068604832315,0.25810068604832315,0.0
-0.8725000000000005,0.2602495354233786,0.2602495354233786,0.0
-0.8674999999999997,0.2606554291942223,0.2606554291942223,0.0
-0.8624999999999989,0.2605718628296369,0.2605718628296369,0.0
-0.8574999999999999,0.2593422434650219,0.2593422434650219,0.0
-0.8524999999999991,0.2579454913712358,0.2579454913712358,0.0
-0.8475000000000001,0.2550087305586601,0.2550087305586601,0.0
-0.8424999999999994,0.25338515547528484,0.25338515547528484,0.0
-0.8375000000000004,0.2560115269336859,0.2560115269336859,0.0
-0.8324999999999996,0.2502215716731199,0.2502215716731199,0.0
-0.8275000000000006,0.2578977391629012,0.2578977391629012,0.0
-0.8224999999999998,0.24806078424598085,0.24806078424598085,0.0
-0.817499999999999,0.2555459429024239,0.2555459429024239,0.0
-0.8125,0.2496604832251888,0.2496604832251888,0.0
-0.8074999999999992,0.24600743928759458,0.24600743928759458,0.0
-0.8025000000000002,0.25268081040235,0.25268081040235,0.0
-0.7974999999999994,0.24205594404790937,0.24205594404790937,0.0
-0.7925000000000004,0.2541491908086379,0.2541491908086379,0.0
-0.7874999999999996,0.24207982015207663,0.24207982015207663,0.0
-0.7825000000000006,0.24622232422510013,0.24622232422510013,0.0
-0.7774999999999999,0.2478100851522244,0.2478100851522244,0.0
-0.7724999999999991,0.23861778504782066,0.23861778504782066,0.0
-0.7675000000000001,0.24881288152725028,0.24881288152725028,0.0
-0.7624999999999993,0.2384506523186497,0.2384506523186497,0.0
-0.7575000000000003,0.24398990848545926,0.24398990848545926,0.0
-0.7524999999999995,0.24285579353751335,0.24285579353751335,0.0
-0.7475000000000005,0.23560939592274305,0.23560939592274305,0.0
-0.7424999999999997,0.24630589058968563,0.24630589058968563,0.0
-0.7374999999999989,0.23381868811019685,0.23381868811019685,0.0
-0.7324999999999999,0.2398474044124357,0.2398474044124357,0.0
-0.7274999999999991,0.23965639557909746,0.23965639557909746,0.0
-0.7225000000000001,0.23305465277684384,0.23305465277684384,0.0
-0.7174999999999994,0.24293935990209878,0.24293935990209878,0.0
-0.7125000000000004,0.2283152460996383,0.2283152460996383,0.0
-0.7074999999999996,0.2365525020373507,0.2365525020373507,0.0
-0.7025000000000006,0.23660025424568532,0.23660025424568532,0.0
-0.6974999999999998,0.23291139615184012,0.23291139615184012,0.0
-0.692499999999999,0.23892817440199532,0.23892817440199532,0.0
-0.6875,0.221606060828632,0.221606060828632,0.0
-0.6824999999999992,0.23319790940184756,0.23319790940184756,0.0
-0.6775000000000002,0.23782987361030036,0.23782987361030036,0.0
-0.6724999999999994,0.22662004270376118,0.22662004270376118,0.0
-0.6675000000000004,0.23580040475608133,0.23580040475608133,0.0
-0.6624999999999996,0.21949302560982745,0.21949302560982745,0.0
-0.6575000000000006,0.2308222370372029,0.2308222370372029,0.0
-0.6524999999999999,0.23859390894365337,0.23859390894365337,0.0
-0.6474999999999991,0.21392989333885065,0.21392989333885065,0.0
-0.6425000000000001,0.23378287395394598,0.23378287395394598,0.0
-0.6374999999999993,0.2260589542558301,0.2260589542558301,0.0
-0.6325000000000003,0.21933783093274,0.21933783093274,0.0
-0.6274999999999995,0.23971608583951567,0.23971608583951567,0.0
-0.6225000000000005,0.21198399084921712,0.21198399084921712,0.0
-0.6174999999999997,0.22518747645372433,0.22518747645372433,0.0
-0.6124999999999989,0.23495280305814276,0.23495280305814276,0.0
-0.6074999999999999,0.20643279663032396,0.20643279663032396,0.0
-0.6024999999999991,0.2321354227664035,0.2321354227664035,0.0
-0.5975000000000001,0.22399367124536024,0.22399367124536024,0.0
-0.5924999999999994,0.20607465506781472,0.20607465506781472,0.0
-0.5875000000000004,0.23910724518325,0.23910724518325,0.0
-0.5824999999999996,0.21304647748466116,0.21304647748466116,0.0
-0.5775000000000006,0.21223468994297356,0.21223468994297356,0.0
-0.5724999999999998,0.23658831619360163,0.23658831619360163,0.0
-0.567499999999999,0.20331696503649355,0.20331696503649355,0.0
-0.5625,0.2203406273077659,0.2203406273077659,0.0
-0.5574999999999992,0.23091774145387214,0.23091774145387214,0.0
-0.5525000000000002,0.19811197432802602,0.19811197432802602,0.0
-0.5474999999999994,0.22579631710999,0.22579631710999,0.0
-0.5425000000000004,0.2230147509745016,0.2230147509745016,0.0
-0.5374999999999996,0.19770608055718225,0.19770608055718225,0.0
-0.5325000000000006,0.229091219485075,0.229091219485075,0.0
-0.5274999999999999,0.2148371852972074,0.2148371852972074,0.0
-0.5224999999999991,0.19995043434890675,0.19995043434890675,0.0
-0.5175000000000001,0.230356653005941,0.230356653005941,0.0
-0.5124999999999993,0.20627760195323663,0.20627760195323663,0.0
-0.5075000000000003,0.2032214606198245,0.2032214606198245,0.0
-0.5024999999999995,0.229556803516337,0.229556803516337,0.0
-0.4975000000000005,0.19989074408848853,0.19989074408848853,0.0
-0.4924999999999997,0.2052389914219599,0.2052389914219599,0.0
-0.48749999999999893,0.2294135468913333,0.2294135468913333,0.0
-0.48249999999999993,0.19570048780713048,0.19570048780713048,0.0
-0.47749999999999915,0.20615822143240023,0.20615822143240023,0.0
-0.47250000000000014,0.2274437682975325,0.2274437682975325,0.0
-0.46749999999999936,0.19294279777580936,0.19294279777580936,0.0
-0.46250000000000036,0.20835482301579014,0.20835482301579014,0.0
-0.4574999999999996,0.2231938217557562,0.2231938217557562,0.0
-0.45250000000000057,0.19106852359867768,0.19106852359867768,0.0
-0.4474999999999998,0.2106946812241838,0.2106946812241838,0.0
-0.442499999999999,0.21752324701602663,0.21752324701602663,0.0
-0.4375,0.18989859449448085,0.18989859449448085,0.0
-0.4324999999999992,0.21322554826591583,0.21322554826591583,0.0
-0.4275000000000002,0.21194817669296614,0.21194817669296614,0.0
-0.42249999999999943,0.18923006357779693,0.18923006357779693,0.0
-0.4175000000000004,0.21367919424509418,0.21367919424509418,0.0
-0.41249999999999964,0.20888009730747037,0.20888009730747037,0.0
-0.40750000000000064,0.1884063379840257,0.1884063379840257,0.0
-0.40249999999999986,0.21246151293256277,0.21246151293256277,0.0
-0.3974999999999991,0.20737590274493164,0.20737590274493164,0.0
-0.39250000000000007,0.18743935576525075,0.18743935576525075,0.0
-0.3874999999999993,0.21033653966167462,0.21033653966167462,0.0
-0.3825000000000003,0.20583589402614189,0.20583589402614189,0.0
-0.3774999999999995,0.18764230265067267,0.18764230265067267,0.0
-0.3725000000000005,0.20728039832826248,0.20728039832826248,0.0
-0.3674999999999997,0.20467790297402869,0.20467790297402869,0.0
-0.36249999999999893,0.1883108335673566,0.1883108335673566,0.0
-0.35749999999999993,0.20275587658856245,0.20275587658856245,0.0
-0.35249999999999915,0.20427200920318486,0.20427200920318486,0.0
-0.34750000000000014,0.19016123164032095,0.19016123164032095,0.0
-0.34249999999999936,0.19832685926553154,0.19832685926553154,0.0
-0.33750000000000036,0.20203959346354397,0.20203959346354397,0.0
-0.3324999999999996,0.19282341725497293,0.19282341725497293,0.0
-0.32750000000000057,0.1939933463591698,0.1939933463591698,0.0
-0.3224999999999998,0.200475708640587,0.200475708640587,0.0
-0.317499999999999,0.19574824001546506,0.19574824001546506,0.0
-0.3125,0.1892181255257133,0.1892181255257133,0.0
-0.3074999999999992,0.19893569992179724,0.19893569992179724,0.0
-0.3025000000000002,0.19770608055718225,0.19770608055718225,0.0
-0.29749999999999943,0.18502786924435521,0.18502786924435521,0.0
-0.2925000000000004,0.19685847885924368,0.19685847885924368,0.0
-0.28749999999999964,0.19998624850515764,0.19998624850515764,0.0
-0.28250000000000064,0.18213886064011406,0.18213886064011406,0.0
-0.27749999999999986,0.1942917976612608,0.1942917976612608,0.0
-0.2724999999999991,0.2014904430676965,0.2014904430676965,0.0
-0.26750000000000007,0.18213886064011403,0.18213886064011403,0.0
-0.2624999999999993,0.18938525825488428,0.18938525825488428,0.0
-0.2575000000000003,0.20260068191147512,0.20260068191147512,0.0
-0.2524999999999995,0.18310584285888898,0.18310584285888898,0.0
-0.2475000000000005,0.1831655331193072,0.1831655331193072,0.0
-0.24249999999999972,0.2034244075052464,0.2034244075052464,0.0
-0.23749999999999893,0.18558895769228634,0.18558895769228634,0.0
-0.23249999999999993,0.17521479043160215,0.17521479043160215,0.0
-0.22749999999999915,0.20360347828650094,0.20360347828650094,0.0
-0.22250000000000014,0.1893375060465497,0.1893375060465497,0.0
-0.21749999999999936,0.1692935165981161,0.1692935165981161,0.0
-0.21250000000000036,0.20229029255730044,0.20229029255730044,0.0
-0.20749999999999957,0.19203550581745266,0.19203550581745266,0.0
-0.20250000000000057,0.16636869383762398,0.16636869383762398,0.0
-0.1974999999999998,0.19669134613007275,0.19669134613007275,0.0
-0.192499999999999,0.19642870898423262,0.19642870898423262,0.0
-0.1875,0.16788482645224642,0.16788482645224642,0.0
-0.18249999999999922,0.18642462133814122,0.18642462133814122,0.0
-0.1775000000000002,0.19984299188015403,0.19984299188015403,0.0
-0.17249999999999943,0.17374641002531424,0.17374641002531424,0.0
-0.16750000000000043,0.17357927729614328,0.17357927729614328,0.0
-0.16249999999999964,0.20486891180736697,0.20486891180736697,0.0
-0.15750000000000064,0.178414188390018,0.178414188390018,0.0
-0.15249999999999986,0.1622023136604332,0.1622023136604332,0.0
-0.14749999999999908,0.20337665529691176,0.20337665529691176,0.0
-0.14250000000000007,0.18488461261935152,0.18488461261935152,0.0
-0.1374999999999993,0.16039966779580336,0.16039966779580336,0.0
-0.13250000000000028,0.19351582427582414,0.19351582427582414,0.0
-0.1274999999999995,0.1905193732028302,0.1905193732028302,0.0
-0.1225000000000005,0.16544946382718362,0.16544946382718362,0.0
-0.11749999999999972,0.175286418744104,0.175286418744104,0.0
-0.11249999999999893,0.20059508916142335,0.20059508916142335,0.0
-0.10749999999999993,0.1706544545356512,0.1706544545356512,0.0
-0.10249999999999915,0.1632170480875427,0.1632170480875427,0.0
-0.09750000000000014,0.1987685671926263,0.1987685671926263,0.0
-0.09249999999999936,0.17933341840045836,0.17933341840045836,0.0
-0.08750000000000036,0.16149796858749838,0.16149796858749838,0.0
-0.08249999999999957,0.1852308161297771,0.1852308161297771,0.0
-0.07750000000000057,0.18988665644239722,0.18988665644239722,0.0
-0.07249999999999979,0.1624888269104406,0.1624888269104406,0.0
-0.067499999999999,0.16744311852515167,0.16744311852515167,0.0
-0.0625,0.19972361135931754,0.19972361135931754,0.0
-0.05749999999999922,0.1665119504626277,0.1665119504626277,0.0
-0.05250000000000021,0.16166510131666936,0.16166510131666936,0.0
-0.04749999999999943,0.1892897538382151,0.1892897538382151,0.0
-0.042500000000000426,0.180610789973408,0.180610789973408,0.0
-0.037499999999999645,0.1621903756083496,0.1621903756083496,0.0
-0.03250000000000064,0.166368693837624,0.166368693837624,0.0
-0.027499999999999858,0.19751507172384397,0.19751507172384397,0.0
-0.022499999999999076,0.1622858800250187,0.1622858800250187,0.0
-0.01750000000000007,0.16068618104581078,0.16068618104581078,0.0
-0.01249999999999929,0.1901851077444882,0.1901851077444882,0.0
-0.007500000000000284,0.1722780296190264,0.1722780296190264,0.0
-0.0024999999999995026,0.1612711455979092,0.1612711455979092,0.0
0.0024999999999995026,0.1664403221501258,0.1664403221501258,0.0
0.007500000000000284,0.1915937978903579,0.1915937978903579,0.0
0.012500000000001066,0.16123533144165825,0.16123533144165825,0.0
0.01750000000000007,0.15725996009780574,0.15725996009780574,0.0
0.022500000000000853,0.18689020536940323,0.18689020536940323,0.0
0.027499999999999858,0.17398517106698708,0.17398517106698708,0.0
0.03250000000000064,0.1569018185352965,0.1569018185352965,0.0
0.037499999999999645,0.16340805692088098,0.16340805692088098,0.0
0.042500000000000426,0.18612617003605023,0.18612617003605023,0.0
0.04749999999999943,0.16429147277507045,0.16429147277507045,0.0
0.05250000000000021,0.1540844382435572,0.1540844382435572,0.0
0.057500000000000995,0.17756658669207948,0.17756658669207948,0.0
0.0625,0.17866488748377443,0.17866488748377443,0.0
0.06750000000000078,0.15404862408730627,0.15404862408730627,0.0
0.07249999999999979,0.15905066791035194,0.15905066791035194,0.0
0.07750000000000057,0.17982287853588763,0.17982287853588763,0.0
0.08249999999999957,0.17121554298358233,0.17121554298358233,0.0
0.08750000000000036,0.15028813768095928,0.15028813768095928,0.0
0.09249999999999936,0.16236944638960418,0.16236944638960418,0.0
0.09750000000000014,0.18227017921303407,0.18227017921303407,0.0
0.10250000000000092,0.160280287274967,0.160280287274967,0.0
0.10749999999999993,0.1542276948685609,0.1542276948685609,0.0
0.11250000000000071,0.16690590618138784,0.16690590618138784,0.0
0.11749999999999972,0.17756658669207945,0.17756658669207945,0.0
0.1225000000000005,0.15098054470181044,0.15098054470181044,0.0
0.1274999999999995,0.1524369870560147,0.1524369870560147,0.0
0.13250000000000028,0.17588332134828605,0.17588332134828605,0.0
0.13750000000000107,0.1707141447960694,0.1707141447960694,0.0
0.14250000000000007,0.15235342069142918,0.15235342069142918,0.0
0.14750000000000085,0.14763789011839093,0.14763789011839093,0.0
0.15249999999999986,0.17648022395246812,0.17648022395246812,0.0
0.15750000000000064,0.16623737526470397,0.16623737526470397,0.0
0.16249999999999964,0.1492853413059334,0.1492853413059334,0.0
0.16750000000000043,0.15377404888938254,0.15377404888938254,0.0
0.17249999999999943,0.1725884189732011,0.1725884189732011,0.0
0.1775000000000002,0.1644944196604923,0.1644944196604923,0.0
0.182500000000001,0.1398900943161078,0.1398900943161078,0.0
0.1875,0.16331255250421184,0.16331255250421184,0.0
0.19250000000000078,0.1712991093481678,0.1712991093481678,0.0
0.1974999999999998,0.1607697474103963,0.1607697474103963,0.0
0.20250000000000057,0.1324407498159156,0.1324407498159156,0.0
0.20749999999999957,0.16612993279595117,0.16612993279595117,0.0
0.21250000000000036,0.17183632169193166,0.17183632169193166,0.0
0.21749999999999936,0.1550514204623321,0.1550514204623321,0.0
0.22250000000000014,0.1328108294305085,0.1328108294305085,0.0
0.22750000000000092,0.1627156499000298,0.1627156499000298,0.0
0.23249999999999993,0.17772178136916678,0.17772178136916678,0.0
0.2375000000000007,0.14490407619123705,0.14490407619123705,0.0
0.24249999999999972,0.13546107699307688,0.13546107699307688,0.0
0.2475000000000005,0.1591939245353556,0.1591939245353556,0.0
0.2524999999999995,0.18289095792138343,0.18289095792138343,0.0
0.2575000000000003,0.1342792098367964,0.1342792098367964,0.0
0.26250000000000107,0.13751442195146316,0.13751442195146316,0.0
0.26750000000000007,0.15683019022279465,0.15683019022279465,0.0
0.27250000000000085,0.18478910820268238,0.18478910820268238,0.0
0.27749999999999986,0.12858475899289953,0.12858475899289953,0.0
0.28250000000000064,0.1373472892222922,0.1373472892222922,0.0
0.28749999999999964,0.15538568592067406,0.15538568592067406,0.0
0.2925000000000004,0.18594709925479558,0.18594709925479558,0.0
0.29749999999999943,0.12518241414906178,0.12518241414906178,0.0
0.3025000000000002,0.13507905932640032,0.13507905932640032,0.0
0.307500000000001,0.15375017278521522,0.15375017278521522,0.0
0.3125,0.18500399314018792,0.18500399314018792,0.0
0.3175000000000008,0.1256599362324074,0.1256599362324074,0.0
0.3224999999999998,0.13148570564922435,0.13148570564922435,0.0
0.32750000000000057,0.14988224391011545,0.14988224391011545,0.0
0.3324999999999996,0.1861500461402175,0.1861500461402175,0.0
0.33750000000000036,0.1267821131282697,0.1267821131282697,0.0
0.34249999999999936,0.12789235197204835,0.12789235197204835,0.0
0.34750000000000014,0.14382965150370938,0.14382965150370938,0.0
0.3525000000000009,0.1890151786402914,0.1890151786402914,0.0
0.35749999999999993,0.1273909537845354,0.1273909537845354,0.0
0.3625000000000007,0.12534954687823274,0.12534954687823274,0.0
0.3674999999999997,0.13719209454520484,0.13719209454520484,0.0
0.3725000000000005,0.18876447954653494,0.18876447954653494,0.0
0.3774999999999995,0.131032059670046,0.131032059670046,0.0
0.3825000000000003,0.12414380361778499,0.12414380361778499,0.0
0.38750000000000107,0.1308052366804568,0.1308052366804568,0.0
0.39250000000000007,0.18218661284844864,0.18218661284844864,0.0
0.39750000000000085,0.1390305545660856,0.1390305545660856,0.0
0.40249999999999986,0.12302162672192272,0.12302162672192272,0.0
0.40750000000000064,0.12624490078450584,0.12624490078450584,0.0
0.41249999999999964,0.16766994151474085,0.16766994151474085,0.0
0.4175000000000004,0.15192365081641815,0.15192365081641815,0.0
0.42249999999999943,0.12478845843030162,0.12478845843030162,0.0
0.4275000000000002,0.12137417553438024,0.12137417553438024,0.0
0.432500000000001,0.15123124379556693,0.15123124379556693,0.0
0.4375,0.16045935805622158,0.16045935805622158,0.0
0.4425000000000008,0.12751033430537184,0.12751033430537184,0.0
0.4474999999999998,0.12181588346147494,0.12181588346147494,0.0
0.45250000000000057,0.13952001470151487,0.13952001470151487,0.0
0.4574999999999996,0.15825081842074798,0.15825081842074798,0.0
0.46250000000000036,0.13452990893055283,0.13452990893055283,0.0
0.46749999999999936,0.12357077711777019,0.12357077711777019,0.0
0.47250000000000014,0.1286922014616523,0.1286922014616523,0.0
0.4775000000000009,0.1534636595352078,0.1534636595352078,0.0
0.48249999999999993,0.13910218287858742,0.13910218287858742,0.0
0.4875000000000007,0.12374984789902481,0.12374984789902481,0.0
0.4924999999999997,0.12630459104492406,0.12630459104492406,0.0
0.4975000000000005,0.14573973983709199,0.14573973983709199,0.0
0.5024999999999995,0.13497161685764755,0.13497161685764755,0.0
0.5075000000000003,0.1309604313575441,0.1309604313575441,0.0
0.5125000000000011,0.12415574166986863,0.12415574166986863,0.0
0.5175000000000001,0.13655937778477187,0.13655937778477187,0.0
0.5225000000000009,0.13946032444109668,0.13946032444109668,0.0
0.5274999999999999,0.12488396284697076,0.12488396284697076,0.0
0.5325000000000006,0.12545698934698551,0.12545698934698551,0.0
0.5374999999999996,0.13158121006589346,0.13158121006589346,0.0
0.5425000000000004,0.14344763383703288,0.14344763383703288,0.0
0.5474999999999994,0.12006098980517971,0.12006098980517971,0.0
0.5525000000000002,0.12080114903436545,0.12080114903436545,0.0
0.557500000000001,0.12833405989914307,0.12833405989914307,0.0
0.5625,0.13780093520147055,0.13780093520147055,0.0
0.5675000000000008,0.13497161685764758,0.13497161685764758,0.0
0.5724999999999998,0.10973457475283004,0.10973457475283004,0.0
0.5775000000000006,0.11915369784682296,0.11915369784682296,0.0
0.5824999999999996,0.13400463463887263,0.13400463463887263,0.0
0.5875000000000004,0.14306561617035632,0.14306561617035632,0.0
0.5924999999999994,0.12178006930522403,0.12178006930522403,0.0
0.5975000000000001,0.10143762855469939,0.10143762855469939,0.0
0.6025000000000009,0.12163681268022032,0.12163681268022032,0.0
0.6074999999999999,0.137287598961874,0.137287598961874,0.0
0.6125000000000007,0.14020048367028246,0.14020048367028246,0.0
0.6174999999999997,0.11174016750288177,0.11174016750288177,0.0
0.6225000000000005,0.098023345658778,0.098023345658778,0.0
0.6274999999999995,0.12161293657605306,0.12161293657605306,0.0
0.6325000000000003,0.13977071379527134,0.13977071379527134,0.0
0.6375000000000011,0.13524619205557134,0.13524619205557134,0.0
0.6425000000000001,0.10427888495060601,0.10427888495060601,0.0
0.6475000000000009,0.09785621292960703,0.09785621292960703,0.0
0.6524999999999999,0.1175778749717823,0.1175778749717823,0.0
0.6575000000000006,0.14267166045159618,0.14267166045159618,0.0
0.6624999999999996,0.12916972354499792,0.12916972354499792,0.0
0.6675000000000004,0.09953947827340044,0.09953947827340044,0.0
0.6724999999999994,0.09956335437756773,0.09956335437756773,0.0
0.6775000000000002,0.1114297781487071,0.1114297781487071,0.0
0.682500000000001,0.14083320043071543,0.14083320043071543,0.0
0.6875,0.1264597857220114,0.1264597857220114,0.0
0.6925000000000008,0.09346300976282707,0.09346300976282707,0.0
0.6974999999999998,0.10261949571097989,0.10261949571097989,0.0
0.7025000000000006,0.1070007608256762,0.1070007608256762,0.0
0.7074999999999996,0.12922941380541617,0.12922941380541617,0.0
0.7125000000000004,0.12920553770124887,0.12920553770124887,0.0
0.7174999999999994,0.09366595664824896,0.09366595664824896,0.0
0.7225000000000001,0.0970683014920867,0.0970683014920867,0.0
0.7275000000000009,0.10944806150282267,0.10944806150282267,0.0
0.7324999999999999,0.11786438822178973,0.11786438822178973,0.0
0.7375000000000007,0.1283459979512267,0.1283459979512267,0.0
0.7424999999999997,0.09805915981502893,0.09805915981502893,0.0
0.7475000000000005,0.08547645291887108,0.08547645291887108,0.0
0.7524999999999995,0.10680975199233793,0.10680975199233793,0.0
0.7575000000000003,0.11656314054467282,0.11656314054467282,0.0
0.7625000000000011,0.11864036160722641,0.11864036160722641,0.0
0.7675000000000001,0.10621284938815588,0.10621284938815588,0.0
0.7725000000000009,0.0825277540542117,0.0825277540542117,0.0
0.7774999999999999,0.08853259425228324,0.08853259425228324,0.0
0.7825000000000006,0.11758981302386598,0.11758981302386598,0.0
0.7874999999999996,0.11448591948211924,0.11448591948211924,0.0
0.7925000000000004,0.11517832650297045,0.11517832650297045,0.0
0.7974999999999994,0.08826995710644311,0.08826995710644311,0.0
0.8025000000000002,0.0727982416060441,0.0727982416060441,0.0
0.807500000000001,0.08735072709600276,0.08735072709600276,0.0
0.8125,0.12283061788858445,0.12283061788858445,0.0
0.8175000000000008,0.1158946096279889,0.1158946096279889,0.0
0.8224999999999998,0.10857658370071685,0.10857658370071685,0.0
0.8275000000000006,0.07950742687705047,0.07950742687705047,0.0
0.8324999999999996,0.06454904761624802,0.06454904761624802,0.0
0.8375000000000004,0.07694074567906763,0.07694074567906763,0.0
0.8424999999999994,0.11538127338839234,0.11538127338839234,0.0
0.8475000000000001,0.12564799818032382,0.12564799818032382,0.0
0.8525000000000009,0.11169241529454721,0.11169241529454721,0.0
0.8574999999999999,0.07639159528322012,0.07639159528322012,0.0
0.8625000000000007,0.05860389767859471,0.05860389767859471,0.0
0.8674999999999997,0.057684667668154326,0.057684667668154326,0.0
0.8725000000000005,0.08509443525219457,0.08509443525219457,0.0
0.8774999999999995,0.12022812253435065,0.12022812253435065,0.0
0.8825000000000003,0.1368339529826956,0.1368339529826956,0.0
0.8875000000000011,0.09527759367954053,0.09527759367954053,0.0
0.8925000000000001,0.06379695033497863,0.06379695033497863,0.0
0.8975000000000009,0.04289342113652288,0.04289342113652288,0.0
0.9024999999999999,0.04011185500103447,0.04011185500103447,0.0
0.9075000000000006,0.08152495767918586,0.08152495767918586,0.0
0.9124999999999996,0.11550065390922876,0.11550065390922876,0.0
0.9175000000000004,0.13667875830560827,0.13667875830560827,0.0
0.9224999999999994,0.110701556971605,0.110701556971605,0.0
0.9275000000000002,0.06693665803297627,0.06693665803297627,0.0
0.932500000000001,0.03151645750081279,0.03151645750081279,0.0
0.9375,0.01896956476090588,0.01896956476090588,0.0
0.9425000000000008,0.0388464214801685,0.0388464214801685,0.0
0.9474999999999998,0.0827545770438009,0.0827545770438009,0.0
0.9525000000000006,0.11452173363837015,0.11452173363837015,0.0
0.9574999999999996,0.1494882881913553,0.1494882881913553,0.0
0.9625000000000004,0.1173391139301095,0.1173391139301095,0.0
0.9674999999999994,0.05951118963695145,0.05951118963695145,0.0
0.9725000000000001,0.010016025698174976,0.010016025698174976,0.0
0.9775000000000009,0.0041425040730235,0.0041425040730235,0.0
0.9824999999999999,0.00809399931270874,0.00809399931270874,0.0
0.9875000000000007,0.023935794427700628,0.023935794427700628,0.0
0.9924999999999997,0.045006456355327365,0.045006456355327365,0.0
0.9975000000000005,0.09638783252331916,0.09638783252331916,0.0
1.0024999999999995,0.1712394190877496,0.1712394190877496,0.0
1.0075000000000003,0.16599861422303108,0.16599861422303108,0.0
1.012500000000001,0.07289374602271324,0.07289374602271324,0.0
1.0175,0.006840503843926414,0.006840503843926414,0.0
1.0225000000000009,0.00014325662500369452,0.00014325662500369452,0.0
