omega,S,S_edge,S_cont,Sr,Sr_edge,Sr_cont
-1.5075000000000003,0.0,0.0,0.0
-1.5024999999999995,0.011247530018382178,0.011247530018382178,0.0
-1.4975000000000005,0.014567879293961224,0.014567879293961224,0.0
-1.4924999999999997,0.03930509400759261,0.03930509400759261,0.0
-1.4875000000000007,0.050797668252954786,0.050797668252954786,0.0
-1.4825,0.10021083662347259,0.10021083662347259,0.0
-1.4774999999999991,0.2121102828738914,0.2121102828738914,0.0
-1.4725000000000001,0.38318790993998125,0.38318790993998125,0.0
-1.4674999999999994,0.5944895468648386,0.5944895468648386,0.0
-1.4625000000000004,0.8859328982235065,0.8859328982235065,0.0
-1.4574999999999996,1.273151785697307,1.273151785697307,0.0
-1.4525000000000006,1.6052234698892531,1.6052234698892531,0.0
-1.4474999999999998,1.7167676020105487,1.7167676020105487,0.0
-1.442499999999999,1.6548694302754012,1.6548694302754012,0.0
-1.4375,1.499450129313337,1.499450129313337,0.0
-1.4324999999999992,1.295156757280111,1.295156757280111,0.0
-1.4275000000000002,1.1418325844587243,1.1418325844587243,0.0
-1.4224999999999994,1.0220549663108989,1.0220549663108989,0.0
-1.4175000000000004,0.9399038892158526,0.9399038892158526,0.0
-1.4124999999999996,0.8719898817083446,0.8719898817083446,0.0
-1.4075000000000006,0.8249413901281835,0.8249413901281835,0.0
-1.4024999999999999,0.7836514378820529,0.7836514378820529,0.0
-1.397499999999999,0.7461229145200653,0.7461229145200653,0.0
-1.3925,0.7176120187109419,0.7176120187109419,0.0
-1.3874999999999993,0.6893584193401473,0.6893584193401473,0.0
-1.3825000000000003,0.6660792177770469,0.6660792177770469,0.0
-1.3774999999999995,0.6437066798537725,0.6437066798537725,0.0
-1.3725000000000005,0.6265168273311252,0.6265168273311252,0.0
-1.3674999999999997,0.6081385103076249,0.6081385103076249,0.0
-1.362499999999999,0.5911201887438636,0.5911201887438636,0.0
-1.3575,0.5779858181777354,0.5779858181777354,0.0
-1.3524999999999991,0.5629768592752102,0.5629768592752102,0.0
-1.3475000000000001,0.551398519550405,0.551398519550405,0.0
-1.3424999999999994,0.5392198214694989,0.5392198214694989,0.0
-1.3375000000000004,0.5274454463631096,0.5274454463631096,0.0
-1.3324999999999996,0.5164184561490094,0.5164184561490094,0.0
-1.3275000000000006,0.5102923504745094,0.5102923504745094,0.0
-1.3224999999999998,0.5005518424520541,0.5005518424520541,0.0
-1.317499999999999,0.49197529450775407,0.49197529450775407,0.0
-1.3125,0.48102181756174783,0.48102181756174783,0.0
-1.3074999999999992,0.4737440040204417,0.4737440040204417,0.0
-1.3025000000000002,0.4694924866823386,0.4694924866823386,0.0
-1.2974999999999994,0.46040134586138043,0.46040134586138043,0.0
-1.2925000000000004,0.4543855100890214,0.4543855100890214,0.0
-1.2874999999999996,0.44954588660616634,0.44954588660616634,0.0
-1.2825000000000006,0.43682809122590405,0.43682809122590405,0.0
-1.2774999999999999,0.43725691862311916,0.43725691862311916,0.0
-1.272499999999999,0.4332014366666,0.4332014366666,0.0
-1.2675,0.42310561451502393,0.42310561451502393,0.0
-1.2624999999999993,0.4200915705231698,0.4200915705231698,0.0
-1.2575000000000003,0.41539897357650274,0.41539897357650274,0.0
-1.2524999999999995,0.41182132786259457,0.41182132786259457,0.0
-1.2475000000000005,0.4056217089200006,0.4056217089200006,0.0
-1.2424999999999997,0.3978783113474325,0.3978783113474325,0.0
-1.237499999999999,0.40198280214934756,0.40198280214934756,0.0
-1.2325,0.39162968355944233,0.39162968355944233,0.0
-1.2274999999999991,0.3857853787459692,0.3857853787459692,0.0
-1.2225000000000001,0.3919727454772143,0.3919727454772143,0.0
-1.2174999999999994,0.37631441937319215,0.37631441937319215,0.0
-1.2125000000000004,0.37889963596783105,0.37889963596783105,0.0
-1.2074999999999996,0.3767800034044541,0.3767800034044541,0.0
-1.2025000000000006,0.3688650748729999,0.3688650748729999,0.0
-1.1974999999999998,0.37217317193723,0.37217317193723,0.0
-1.192499999999999,0.3609869029755928,0.3609869029755928,0.0
-1.1875,0.36507914156615884,0.36507914156615884,0.0
-1.1824999999999992,0.35468926634220677,0.35468926634220677,0.0
-1.1775000000000002,0.35965141193855177,0.35965141193855177,0.0
-1.1724999999999994,0.35223882407240675,0.35223882407240675,0.0
-1.1675000000000004,0.3479505501002566,0.3479505501002566,0.0
-1.1624999999999996,0.35307197444413874,0.35307197444413874,0.0
-1.1575000000000006,0.3376464403557474,0.3376464403557474,0.0
-1.1524999999999999,0.35128315158718465,0.35128315158718465,0.0
-1.147499999999999,0.33044214008253536,0.33044214008253536,0.0
-1.1425,0.3467008245426586,0.3467008245426586,0.0
-1.1374999999999993,0.32737908724528525,0.32737908724528525,0.0
-1.1325000000000003,0.3382713031345464,0.3382713031345464,0.0
-1.1274999999999995,0.32728106955449326,0.32728106955449326,0.0
-1.1225000000000005,0.33259852927995937,0.33259852927995937,0.0
-1.1174999999999997,0.3247326095939012,0.3247326095939012,0.0
-1.112499999999999,0.32654593687355327,0.32654593687355327,0.0
-1.1075,0.3215225302204632,0.3215225302204632,0.0
-1.1024999999999991,0.3215592868545102,0.3215592868545102,0.0
-1.0975000000000001,0.3185084862286091,0.3185084862286091,0.0
-1.0924999999999994,0.31616831386095007,0.31616831386095007,0.0
-1.0875000000000004,0.3141712034110631,0.3141712034110631,0.0
-1.0824999999999996,0.312039318636337,0.312039318636337,0.0
-1.0775000000000006,0.310618062119853,0.310618062119853,0.0
-1.0724999999999998,0.308890500319644,0.308890500319644,0.0
-1.067499999999999,0.308645456092664,0.308645456092664,0.0
-1.0625,0.3049207838425679,0.3049207838425679,0.0
-1.0574999999999992,0.3056804209462059,0.3056804209462059,0.0
-1.0525000000000002,0.3001791780505048,0.3001791780505048,0.0
-1.0474999999999994,0.30329123973315086,0.30329123973315086,0.0
-1.0425000000000004,0.29638099253231476,0.29638099253231476,0.0
-1.0374999999999996,0.29993413382352485,0.29993413382352485,0.0
-1.0325000000000006,0.29487397053638775,0.29487397053638775,0.0
-1.0274999999999999,0.2955233377378847,0.2955233377378847,0.0
-1.022499999999999,0.2929626255659437,0.2929626255659437,0.0
-1.0175,0.29257055480277566,0.29257055480277566,0.0
-1.0124999999999993,0.2915903778948557,0.2915903778948557,0.0
-1.0075000000000003,0.2890664223569616,0.2890664223569616,0.0
-1.0024999999999995,0.2892747099498947,0.2892747099498947,0.0
-0.9975000000000005,0.28405526791522057,0.28405526791522057,0.0
-0.9924999999999997,0.28971578955845867,0.28971578955845867,0.0
-0.9874999999999989,0.2799997859587015,0.2799997859587015,0.0
-0.9824999999999999,0.2868977809481886,0.2868977809481886,0.0
-0.9774999999999991,0.27805168435421046,0.27805168435421046,0.0
-0.9725000000000001,0.2825482459192935,0.2825482459192935,0.0
-0.9674999999999994,0.27726754282787447,0.27726754282787447,0.0
-0.9625000000000004,0.27794141445206944,0.27794141445206944,0.0
-0.9574999999999996,0.27757384811159946,0.27757384811159946,0.0
-0.9525000000000006,0.2741309767225304,0.2741309767225304,0.0
-0.9474999999999998,0.27743907378676047,0.27743907378676047,0.0
-0.942499999999999,0.27145999464844833,0.27145999464844833,0.0
-0.9375,0.27188882204566334,0.27188882204566334,0.0
-0.9324999999999992,0.27239116271097236,0.27239116271097236,0.0
-0.9275000000000002,0.26538289781934427,0.26538289781934427,0.0
-0.9224999999999994,0.27486610940347045,0.27486610940347045,0.0
-0.9175000000000004,0.26367984044183324,0.26367984044183324,0.0
-0.9124999999999996,0.27098215840583734,0.27098215840583734,0.0
-0.9075000000000006,0.26397389351420925,0.26397389351420925,0.0
-0.9024999999999999,0.26452524302491426,0.26452524302491426,0.0
-0.8974999999999991,0.2683969418111983,0.2683969418111983,0.0
-0.8925000000000001,0.2559609472919631,0.2559609472919631,0.0
-0.8874999999999993,0.26872775151762135,0.26872775151762135,0.0
-0.8825000000000003,0.2565122968026681,0.2565122968026681,0.0
-0.8774999999999995,0.2625648892090742,0.2625648892090742,0.0
-0.8725000000000005,0.2587176948454882,0.2587176948454882,0.0
-0.8674999999999997,0.25695337641123206,0.25695337641123206,0.0
-0.8624999999999989,0.26425569437523627,0.26425569437523627,0.0
-0.8574999999999999,0.25023916459198,0.25023916459198,0.0
-0.8524999999999991,0.25819084975748113,0.25819084975748113,0.0
-0.8475000000000001,0.2534737483881161,0.2534737483881161,0.0
-0.8424999999999994,0.25291014666606204,0.25291014666606204,0.0
-0.8375000000000004,0.2575047259219372,0.2575047259219372,0.0
-0.8324999999999996,0.24837682846693196,0.24837682846693196,0.0
-0.8275000000000006,0.25629175699838613,0.25629175699838613,0.0
-0.8224999999999998,0.24868313375065695,0.24868313375065695,0.0
-0.817499999999999,0.24841358510097902,0.24841358510097902,0.0
-0.8125,0.25180744764465207,0.25180744764465207,0.0
-0.8074999999999992,0.2452892712069839,0.2452892712069839,0.0
-0.8025000000000002,0.252101500717028,0.252101500717028,0.0
-0.7974999999999994,0.24721286838877699,0.24721286838877699,0.0
-0.7925000000000004,0.2433779262365399,0.2433779262365399,0.0
-0.7874999999999996,0.24584062071768895,0.24584062071768895,0.0
-0.7825000000000006,0.2424345059626669,0.2424345059626669,0.0
-0.7774999999999999,0.24747016482710593,0.24747016482710593,0.0
-0.7724999999999991,0.24624494369220595,0.24624494369220595,0.0
-0.7675000000000001,0.24067018752841088,0.24067018752841088,0.0
-0.7624999999999993,0.23984928936802785,0.23984928936802785,0.0
-0.7575000000000003,0.24128279809586087,0.24128279809586087,0.0
-0.7524999999999995,0.24108676271427684,0.24108676271427684,0.0
-0.7475000000000005,0.24364747488621794,0.24364747488621794,0.0
-0.7424999999999997,0.23846478948559083,0.23846478948559083,0.0
-0.7374999999999989,0.2347401172354948,0.2347401172354948,0.0
-0.7324999999999999,0.24118478040506888,0.24118478040506888,0.0
-0.7274999999999991,0.23431128983827973,0.23431128983827973,0.0
-0.7225000000000001,0.2373375860414828,0.2373375860414828,0.0
-0.7174999999999994,0.24195666972005586,0.24195666972005586,0.0
-0.7125000000000004,0.22660464889975862,0.22660464889975862,0.0
-0.7074999999999996,0.23911415668708785,0.23911415668708785,0.0
-0.7025000000000006,0.2351934490554078,0.2351934490554078,0.0
-0.6974999999999998,0.2301087813455727,0.2301087813455727,0.0
-0.692499999999999,0.24055991762626988,0.24055991762626988,0.0
-0.6875,0.22302700318585061,0.22302700318585061,0.0
-0.6824999999999992,0.23239994486783572,0.23239994486783572,0.0
-0.6775000000000002,0.2422507227924319,0.2422507227924319,0.0
-0.6724999999999994,0.2163740524233435,0.2163740524233435,0.0
-0.6675000000000004,0.23559777202992482,0.23559777202992482,0.0
-0.6624999999999996,0.2305253565314387,0.2305253565314387,0.0
-0.6575000000000006,0.22340682173766957,0.22340682173766957,0.0
-0.6524999999999999,0.24086622290999488,0.24086622290999488,0.0
-0.6474999999999991,0.21799134432141154,0.21799134432141154,0.0
-0.6425000000000001,0.22311276866529356,0.22311276866529356,0.0
-0.6374999999999993,0.2422262183697339,0.2422262183697339,0.0
-0.6325000000000003,0.2097333538721854,0.2097333538721854,0.0
-0.6274999999999995,0.2301945468250157,0.2301945468250157,0.0
-0.6225000000000005,0.2330125554352857,0.2330125554352857,0.0
-0.6174999999999997,0.2114854200950924,0.2114854200950924,0.0
-0.6124999999999989,0.23349039167789676,0.23349039167789676,0.0
-0.6074999999999999,0.22362736154195162,0.22362736154195162,0.0
-0.6024999999999991,0.2111301059659714,0.2111301059659714,0.0
-0.5975000000000001,0.23730082940743583,0.23730082940743583,0.0
-0.5924999999999994,0.21320072968395243,0.21320072968395243,0.0
-0.5875000000000004,0.21581045070128943,0.21581045070128943,0.0
-0.5824999999999996,0.2368597497988718,0.2368597497988718,0.0
-0.5775000000000006,0.2060454382561363,0.2060454382561363,0.0
-0.5724999999999998,0.22169151214880958,0.22169151214880958,0.0
-0.567499999999999,0.2310154449853987,0.2310154449853987,0.0
-0.5625,0.2061557081582773,0.2061557081582773,0.0
-0.5574999999999992,0.22253691473189058,0.22253691473189058,0.0
-0.5525000000000002,0.22356610048520661,0.22356610048520661,0.0
-0.5474999999999994,0.20714813727754636,0.20714813727754636,0.0
-0.5425000000000004,0.22464429508391864,0.22464429508391864,0.0
-0.5374999999999996,0.21571243301049745,0.21571243301049745,0.0
-0.5325000000000006,0.20771173899960035,0.20771173899960035,0.0
-0.5274999999999999,0.2243992508569386,0.2243992508569386,0.0
-0.5224999999999991,0.2122573094100794,0.2122573094100794,0.0
-0.5175000000000001,0.20793227880388232,0.20793227880388232,0.0
-0.5124999999999993,0.22348033500576356,0.22348033500576356,0.0
-0.5075000000000003,0.20977011050623237,0.20977011050623237,0.0
-0.5024999999999995,0.20929227426362135,0.20929227426362135,0.0
-0.4975000000000005,0.22145872013317855,0.22145872013317855,0.0
-0.4924999999999997,0.20610669931288128,0.20610669931288128,0.0
-0.48749999999999893,0.21188974306960945,0.21188974306960945,0.0
-0.48249999999999993,0.21731747269721646,0.21731747269721646,0.0
-0.47749999999999915,0.20379103136792023,0.20379103136792023,0.0
-0.47250000000000014,0.21213478729658938,0.21213478729658938,0.0
-0.46749999999999936,0.21609225156231648,0.21609225156231648,0.0
-0.46250000000000036,0.20234527042873826,0.20234527042873826,0.0
-0.4574999999999996,0.21030920780558837,0.21030920780558837,0.0
-0.45250000000000057,0.21451171629829546,0.21451171629829546,0.0
-0.4474999999999998,0.20210022620175822,0.20210022620175822,0.0
-0.442499999999999,0.20836110620109732,0.20836110620109732,0.0
-0.4375,0.21415640216917445,0.21415640216917445,0.0
-0.4324999999999992,0.20110779708248921,0.20110779708248921,0.0
-0.4275000000000002,0.2056778719156663,0.2056778719156663,0.0
-0.42249999999999943,0.21414414995782546,0.21414414995782546,0.0
-0.4175000000000004,0.20042167324694524,0.20042167324694524,0.0
-0.41249999999999964,0.20278635003730225,0.20278635003730225,0.0
-0.40750000000000064,0.2153693710927255,0.2153693710927255,0.0
-0.40249999999999986,0.19822852741547417,0.19822852741547417,0.0
-0.3974999999999991,0.1998948281589382,0.1998948281589382,0.0
-0.39250000000000007,0.21690089751135047,0.21690089751135047,0.0
-0.3874999999999993,0.19574132851162715,0.19574132851162715,0.0
-0.3825000000000003,0.19586385062511716,0.19586385062511716,0.0
-0.3774999999999995,0.21944935747194252,0.21944935747194252,0.0
-0.3725000000000005,0.19465088170156616,0.19465088170156616,0.0
-0.3674999999999997,0.1918941341480411,0.1918941341480411,0.0
-0.36249999999999893,0.22089511841112455,0.22089511841112455,0.0
-0.35749999999999993,0.1932663818191291,0.1932663818191291,0.0
-0.35249999999999915,0.18745883363970306,0.18745883363970306,0.0
-0.34750000000000014,0.2242277198980526,0.2242277198980526,0.0
-0.34249999999999936,0.19163683770971213,0.19163683770971213,0.0
-0.33750000000000036,0.18149200671273993,0.18149200671273993,0.0
-0.3324999999999996,0.22856500271559868,0.22856500271559868,0.0
-0.32750000000000057,0.19068116522449005,0.19068116522449005,0.0
-0.3224999999999998,0.17515761344530686,0.17515761344530686,0.0
-0.317499999999999,0.23168931660959374,0.23168931660959374,0.0
-0.3125,0.18963972725982509,0.18963972725982509,0.0
-0.3074999999999992,0.1692642997864377,0.1692642997864377,0.0
-0.3025000000000002,0.23461759512200478,0.23461759512200478,0.0
-0.29749999999999943,0.19075467849258407,0.19075467849258407,0.0
-0.2925000000000004,0.16400810111771663,0.16400810111771663,0.0
-0.28749999999999964,0.23257147582672172,0.23257147582672172,0.0
-0.28250000000000064,0.19531250111441212,0.19531250111441212,0.0
-0.27749999999999986,0.15971982714556657,0.15971982714556657,0.0
-0.2724999999999991,0.2259430294869126,0.2259430294869126,0.0
-0.26750000000000007,0.20534706220924331,0.20534706220924331,0.0
-0.2624999999999993,0.15637497344728948,0.15637497344728948,0.0
-0.2575000000000003,0.21509982244304746,0.21509982244304746,0.0
-0.2524999999999995,0.21883674690449254,0.21883674690449254,0.0
-0.2475000000000005,0.1517313853460184,0.1517313853460184,0.0
-0.24249999999999972,0.19945374855037415,0.19945374855037415,0.0
-0.23749999999999893,0.2359775905817438,0.2359775905817438,0.0
-0.23249999999999993,0.1482517573229024,0.1482517573229024,0.0
-0.22749999999999915,0.18233740929582096,0.18233740929582096,0.0
-0.22250000000000014,0.248879169132241,0.248879169132241,0.0
-0.21749999999999936,0.1504449031543734,0.1504449031543734,0.0
-0.21250000000000036,0.1667280920371947,0.1667280920371947,0.0
-0.20749999999999957,0.25281212897527006,0.25281212897527006,0.0
-0.20250000000000057,0.16334648170487062,0.16334648170487062,0.0
-0.1974999999999998,0.1535814692597175,0.1535814692597175,0.0
-0.192499999999999,0.24633070917164895,0.24633070917164895,0.0
-0.1875,0.18400371003928495,0.18400371003928495,0.0
-0.18249999999999922,0.14042259427089127,0.14042259427089127,0.0
-0.1775000000000002,0.22758482580767864,0.22758482580767864,0.0
-0.17249999999999943,0.21275965007538844,0.21275965007538844,0.0
-0.16750000000000043,0.13002046683559007,0.13002046683559007,0.0
-0.16249999999999964,0.2017816687066842,0.2017816687066842,0.0
-0.15750000000000064,0.2398125327339809,0.2398125327339809,0.0
-0.15249999999999986,0.13341432937926312,0.13341432937926312,0.0
-0.14749999999999908,0.16977889266309576,0.16977889266309576,0.0
-0.14250000000000007,0.25451518635278114,0.25451518635278114,0.0
-0.1374999999999993,0.1554683098074635,0.1554683098074635,0.0
-0.13250000000000028,0.14218691270514727,0.14218691270514727,0.0
-0.1274999999999995,0.246967824161797,0.246967824161797,0.0
-0.1225000000000005,0.188684054774603,0.188684054774603,0.0
-0.11749999999999972,0.12471525932147298,0.12471525932147298,0.0
-0.11249999999999893,0.22063782197279552,0.22063782197279552,0.0
-0.10749999999999993,0.2237866402894886,0.2237866402894886,0.0
-0.10249999999999915,0.12209328609278693,0.12209328609278693,0.0
-0.09750000000000014,0.18063435191830995,0.18063435191830995,0.0
-0.09249999999999936,0.24830331519883797,0.24830331519883797,0.0
-0.08750000000000036,0.1461933858162703,0.1461933858162703,0.0
-0.08249999999999957,0.1428852887520403,0.1428852887520403,0.0
-0.07750000000000057,0.2425447758648079,0.2425447758648079,0.0
-0.07249999999999979,0.18941918745554306,0.18941918745554306,0.0
-0.067499999999999,0.11795203865682488,0.11795203865682488,0.0
-0.0625,0.21294343324562343,0.21294343324562343,0.0
-0.05749999999999922,0.2289325690560687,0.2289325690560687,0.0
-0.05250000000000021,0.11926302527116785,0.11926302527116785,0.0
-0.04749999999999943,0.16878646354382673,0.16878646354382673,0.0
-0.042500000000000426,0.24443161641255393,0.24443161641255393,0.0
-0.037499999999999645,0.1606019863626946,0.1606019863626946,0.0
-0.03250000000000064,0.12911380319576404,0.12911380319576404,0.0
-0.027499999999999858,0.22612681265714762,0.22612681265714762,0.0
-0.022499999999999076,0.21109334933192442,0.21109334933192442,0.0
-0.01750000000000007,0.11126233126027074,0.11126233126027074,0.0
-0.01249999999999929,0.18492262589046,0.18492262589046,0.0
-0.007500000000000284,0.23938370533676587,0.23938370533676587,0.0
-0.0024999999999995026,0.13955268726511222,0.13955268726511222,0.0
0.0024999999999995026,0.13992025360558227,0.13992025360558227,0.0
0.007500000000000284,0.22916536107169969,0.22916536107169969,0.0
0.012500000000001066,0.19690528858978218,0.19690528858978218,0.0
0.01750000000000007,0.11182593298232477,0.11182593298232477,0.0
0.022500000000000853,0.1906321563790941,0.1906321563790941,0.0
0.027499999999999858,0.23507092694191778,0.23507092694191778,0.0
0.03250000000000064,0.13280171881181313,0.13280171881181313,0.0
0.037499999999999645,0.1430935763449733,0.1430935763449733,0.0
0.042500000000000426,0.22575924631667763,0.22575924631667763,0.0
0.04749999999999943,0.18982351043006004,0.18982351043006004,0.0
0.05250000000000021,0.11490123803092381,0.11490123803092381,0.0
0.057500000000000995,0.18875756804269705,0.18875756804269705,0.0
0.0625,0.2283199584886187,0.2283199584886187,0.0
0.06750000000000078,0.13635486010302317,0.13635486010302317,0.0
0.07249999999999979,0.13784962988760124,0.13784962988760124,0.0
0.07750000000000057,0.22276970674752158,0.22276970674752158,0.0
0.08249999999999957,0.18903936890372405,0.18903936890372405,0.0
0.08750000000000036,0.11949581728679891,0.11949581728679891,0.0
0.09249999999999936,0.17784084773073788,0.17784084773073788,0.0
0.09750000000000014,0.2235538482738576,0.2235538482738576,0.0
0.10250000000000092,0.14659770879078735,0.14659770879078735,0.0
0.10749999999999993,0.12919956867520707,0.12919956867520707,0.0
0.11250000000000071,0.21473225610257746,0.21473225610257746,0.0
0.11749999999999972,0.1928498066332631,0.1928498066332631,0.0
0.1225000000000005,0.127226962648018,0.127226962648018,0.0
0.1274999999999995,0.15838433610852556,0.15838433610852556,0.0
0.13250000000000028,0.22264718463403158,0.22264718463403158,0.0
0.13750000000000107,0.15954829618668057,0.15954829618668057,0.0
0.14250000000000007,0.12440895403774796,0.12440895403774796,0.0
0.14750000000000085,0.19594961610456016,0.19594961610456016,0.0
0.15249999999999986,0.1987431202921322,0.1987431202921322,0.0
0.15750000000000064,0.14213790385975128,0.14213790385975128,0.0
0.16249999999999964,0.1372002626861042,0.1372002626861042,0.0
0.16750000000000043,0.21525910119058445,0.21525910119058445,0.0
0.17249999999999943,0.17232735262368779,0.17232735262368779,0.0
0.1775000000000002,0.1308903738413691,0.1308903738413691,0.0
0.182500000000001,0.16384882237017967,0.16384882237017967,0.0
0.1875,0.21212253508524043,0.21212253508524043,0.0
0.19250000000000078,0.15256453571775042,0.15256453571775042,0.0
0.1974999999999998,0.13073109509383207,0.13073109509383207,0.0
0.20250000000000057,0.185559740880608,0.185559740880608,0.0
0.20749999999999957,0.19135503684868507,0.19135503684868507,0.0
0.21250000000000036,0.14787193877108334,0.14787193877108334,0.0
0.21749999999999936,0.13682044413428518,0.13682044413428518,0.0
0.22250000000000014,0.20451391183751128,0.20451391183751128,0.0
0.22750000000000092,0.16714466722306068,0.16714466722306068,0.0
0.23249999999999993,0.14148853665825428,0.14148853665825428,0.0
0.2375000000000007,0.1489991422151914,0.1489991422151914,0.0
0.24249999999999972,0.20653552671009634,0.20653552671009634,0.0
0.2475000000000005,0.15360597368241546,0.15360597368241546,0.0
0.2524999999999995,0.1394791739970182,0.1394791739970182,0.0
0.2575000000000003,0.15969532272286857,0.15969532272286857,0.0
0.26250000000000107,0.1992577131687902,0.1992577131687902,0.0
0.26750000000000007,0.1482395051115534,0.1482395051115534,0.0
0.27250000000000085,0.13971196601264924,0.13971196601264924,0.0
0.27749999999999986,0.17019546784896175,0.17019546784896175,0.0
0.28250000000000064,0.186968745185743,0.186968745185743,0.0
0.28749999999999964,0.14660996100213636,0.14660996100213636,0.0
0.2925000000000004,0.13873178910472922,0.13873178910472922,0.0
0.29749999999999943,0.17847796272088592,0.17847796272088592,0.0
0.3025000000000002,0.1745817595119038,0.1745817595119038,0.0
0.307500000000001,0.14872959356551338,0.14872959356551338,0.0
0.3125,0.13962620053320626,0.13962620053320626,0.0
0.3175000000000008,0.183832179080399,0.183832179080399,0.0
0.3224999999999998,0.16414287544255562,0.16414287544255562,0.0
0.32750000000000057,0.14681824859506937,0.14681824859506937,0.0
0.3324999999999996,0.1431915940357653,0.1431915940357653,0.0
0.33750000000000036,0.18220263497098194,0.18220263497098194,0.0
0.34249999999999936,0.15952379176398254,0.15952379176398254,0.0
0.34750000000000014,0.14426978863447731,0.14426978863447731,0.0
0.3525000000000009,0.14634041235245834,0.14634041235245834,0.0
0.35749999999999993,0.1801687678870479,0.1801687678870479,0.0
0.3625000000000007,0.1566322698856185,0.1566322698856185,0.0
0.3674999999999997,0.1417213286738853,0.1417213286738853,0.0
0.3725000000000005,0.14852130597258037,0.14852130597258037,0.0
0.3774999999999995,0.17760805571510685,0.17760805571510685,0.0
0.3825000000000003,0.15491696029675847,0.15491696029675847,0.0
0.38750000000000107,0.14011628898716622,0.14011628898716622,0.0
0.39250000000000007,0.14803121751862036,0.14803121751862036,0.0
0.39750000000000085,0.17673814870932783,0.17673814870932783,0.0
0.40249999999999986,0.15283408436742846,0.15283408436742846,0.0
0.40750000000000064,0.13966295716725322,0.13966295716725322,0.0
0.41249999999999964,0.14684275301776734,0.14684275301776734,0.0
0.4175000000000004,0.17579472843545482,0.17579472843545482,0.0
0.42249999999999943,0.1514250800622934,0.1514250800622934,0.0
0.4275000000000002,0.1377761166195072,0.1377761166195072,0.0
0.432500000000001,0.14637716898650538,0.14637716898650538,0.0
0.4375,0.1740794188465948,0.1740794188465948,0.0
0.4425000000000008,0.1494279696124064,0.1494279696124064,0.0
0.4474999999999998,0.1375188201811782,0.1375188201811782,0.0
0.45250000000000057,0.14510293900620932,0.14510293900620932,0.0
0.4574999999999996,0.17188627301512377,0.17188627301512377,0.0
0.46250000000000036,0.14705104061070035,0.14705104061070035,0.0
0.46749999999999936,0.13930764303813223,0.13930764303813223,0.0
0.47250000000000014,0.14320384624711427,0.14320384624711427,0.0
0.4775000000000009,0.16866394143033672,0.16866394143033672,0.0
0.48249999999999993,0.14504167794946432,0.14504167794946432,0.0
0.4875000000000007,0.14166006761714028,0.14166006761714028,0.0
0.4924999999999997,0.14018980225526026,0.14018980225526026,0.0
0.4975000000000005,0.1661522381037917,0.1661522381037917,0.0
0.5024999999999995,0.14529897438779332,0.14529897438779332,0.0
0.5075000000000003,0.1398222359147902,0.1398222359147902,0.0
0.5125000000000011,0.13827845728481622,0.13827845728481622,0.0
0.5175000000000001,0.16213351278131963,0.16213351278131963,0.0
0.5225000000000009,0.14774941665759336,0.14774941665759336,0.0
0.5274999999999999,0.13772710777411118,0.13772710777411118,0.0
0.5325000000000006,0.1367469308661912,0.1367469308661912,0.0
0.5374999999999996,0.1565832610402225,0.1565832610402225,0.0
0.5425000000000004,0.15321390291924744,0.15321390291924744,0.0
0.5474999999999994,0.13205433391952412,0.13205433391952412,0.0
0.5525000000000002,0.13565648405613018,0.13565648405613018,0.0
0.557500000000001,0.15163336765522648,0.15163336765522648,0.0
0.5625,0.16106757039395656,0.16106757039395656,0.0
0.5675000000000008,0.12420066644481498,0.12420066644481498,0.0
0.5724999999999998,0.13505612570002914,0.13505612570002914,0.0
0.5775000000000006,0.1493912129783594,0.1493912129783594,0.0
0.5824999999999996,0.16539260100015366,0.16539260100015366,0.0
0.5875000000000004,0.12121112687565891,0.12121112687565891,0.0
0.5924999999999994,0.13150298440881908,0.13150298440881908,0.0
0.5975000000000001,0.14496816468137033,0.14496816468137033,0.0
0.6025000000000009,0.16523332225261667,0.16523332225261667,0.0
0.6074999999999999,0.12812137407649504,0.12812137407649504,0.0
0.6125000000000007,0.12026770660178587,0.12026770660178587,0.0
0.6174999999999997,0.13957719168781021,0.13957719168781021,0.0
0.6225000000000005,0.1612268491414936,0.1612268491414936,0.0
0.6274999999999995,0.1453969920785853,0.1453969920785853,0.0
0.6325000000000003,0.1091549509082427,0.1091549509082427,0.0
0.6375000000000011,0.13021650221717407,0.13021650221717407,0.0
0.6425000000000001,0.1604917164605536,0.1604917164605536,0.0
0.6475000000000009,0.15871514581494856,0.15871514581494856,0.0
0.6524999999999999,0.1095837783054577,0.1095837783054577,0.0
0.6575000000000006,0.11372502574141978,0.11372502574141978,0.0
0.6624999999999996,0.14806797415266737,0.14806797415266737,0.0
0.6675000000000004,0.1687742113324777,0.1687742113324777,0.0
0.6724999999999994,0.12861146253045505,0.12861146253045505,0.0
0.6775000000000002,0.09713553157487353,0.09713553157487353,0.0
0.682500000000001,0.12579345392018498,0.12579345392018498,0.0
0.6875,0.17113888812283476,0.17113888812283476,0.0
0.6925000000000008,0.15635046902459152,0.15635046902459152,0.0
0.6974999999999998,0.09791967310120951,0.09791967310120951,0.0
0.7025000000000006,0.10025984546886857,0.10025984546886857,0.0
0.7074999999999996,0.14466185939764534,0.14466185939764534,0.0
0.7125000000000004,0.18127146690845797,0.18127146690845797,0.0
0.7174999999999994,0.12705543168913203,0.12705543168913203,0.0
0.7225000000000001,0.08423395302437629,0.08423395302437629,0.0
0.7275000000000009,0.11139710558510976,0.11139710558510976,0.0
0.7324999999999999,0.16315044632328665,0.16315044632328665,0.0
0.7375000000000007,0.17525563113609882,0.17525563113609882,0.0
0.7424999999999997,0.09839750934382052,0.09839750934382052,0.0
0.7475000000000005,0.08167324085243527,0.08167324085243527,0.0
0.7524999999999995,0.12420066644481498,0.12420066644481498,0.0
0.7575000000000003,0.17509635238856183,0.17509635238856183,0.0
0.7625000000000011,0.1628563932509106,0.1628563932509106,0.0
0.7675000000000001,0.07870820570597722,0.07870820570597722,0.0
0.7725000000000009,0.08110963913038127,0.08110963913038127,0.0
0.7774999999999999,0.13288748429125613,0.13288748429125613,0.0
0.7825000000000006,0.18277848890438497,0.18277848890438497,0.0
0.7874999999999996,0.1475533812760094,0.1475533812760094,0.0
0.7925000000000004,0.06857562692035406,0.06857562692035406,0.0
0.7974999999999994,0.08124441345522027,0.08124441345522027,0.0
0.8025000000000002,0.13514189117947217,0.13514189117947217,0.0
0.807500000000001,0.18195759074400192,0.18195759074400192,0.0
0.8125,0.1446741116089943,0.1446741116089943,0.0
0.8175000000000008,0.064324109582251,0.064324109582251,0.0
0.8224999999999998,0.07450569721327016,0.07450569721327016,0.0
0.8275000000000006,0.1303880331760601,0.1303880331760601,0.0
0.8324999999999996,0.17749778581296588,0.17749778581296588,0.0
0.8375000000000004,0.15440236742010047,0.15440236742010047,0.0
0.8424999999999994,0.06399329987582798,0.06399329987582798,0.0
0.8475000000000001,0.06101601251802095,0.06101601251802095,0.0
0.8525000000000009,0.11795203865682487,0.11795203865682487,0.0
0.8574999999999999,0.16909276882755175,0.16909276882755175,0.0
0.8625000000000007,0.1700974501581697,0.1700974501581697,0.0
0.8674999999999997,0.07685812179227819,0.07685812179227819,0.0
0.8725000000000005,0.047746867627053755,0.047746867627053755,0.0
0.8774999999999995,0.09078888609609144,0.09078888609609144,0.0
0.8825000000000003,0.1549659691421545,0.1549659691421545,0.0
0.8875000000000011,0.17891904232944988,0.17891904232944988,0.0
0.8925000000000001,0.1204882464060679,0.1204882464060679,0.0
0.8975000000000009,0.03584997040717457,0.03584997040717457,0.0
0.9024999999999999,0.05274576985744583,0.05274576985744583,0.0
0.9075000000000006,0.11813582182705988,0.11813582182705988,0.0
0.9124999999999996,0.1747287860480918,0.1747287860480918,0.0
0.9175000000000004,0.17003618910142473,0.17003618910142473,0.0
0.9224999999999994,0.07711541823060719,0.07711541823060719,0.0
0.9275000000000002,0.02164965745368334,0.02164965745368334,0.0
0.932500000000001,0.05398324320369484,0.05398324320369484,0.0
0.9375,0.12299994973261295,0.12299994973261295,0.0
0.9425000000000008,0.18858603708381105,0.18858603708381105,0.0
0.9474999999999998,0.16892123786866572,0.16892123786866572,0.0
0.9525000000000006,0.056311163360004864,0.056311163360004864,0.0
0.9574999999999996,0.011578339724805183,0.011578339724805183,0.0
0.9625000000000004,0.03460024484957654,0.03460024484957654,0.0
0.9674999999999994,0.09439103623269748,0.09439103623269748,0.0
0.9725000000000001,0.17858823262302687,0.17858823262302687,0.0
0.9775000000000009,0.20738092929317734,0.20738092929317734,0.0
0.9824999999999999,0.08102387365093826,0.08102387365093826,0.0
0.9875000000000007,0.007461596711541118,0.007461596711541118,0.0
0.9924999999999997,0.005501242895701086,0.005501242895701086,0.0
0.9975000000000005,0.026097210173370414,0.026097210173370414,0.0
1.0024999999999995,0.07812009956122523,0.07812009956122523,0.0
1.0075000000000003,0.19148981117352412,0.19148981117352412,0.0
1.012500000000001,0.21565117195375244,0.21565117195375244,0.0
1.0175,0.08206531161560326,0.08206531161560326,0.0
1.0225000000000009,0.013685720076833215,0.013685720076833215,0.0
