omega,S,S_edge,S_cont,Sr,Sr_edge,Sr_cont
-1.0274999999999999,0.0,0.0,0.0
-1.022499999999999,0.06912194988281337,0.06912194988281337,0.0
-1.0175,1.2941904033798677,1.2941904033798677,0.0
-1.0124999999999993,5.39311744470536,5.39311744470536,0.0
-1.0075000000000003,7.88171404312393,7.88171404312393,0.0
-1.0024999999999995,6.149376707922217,6.149376707922217,0.0
-0.9975000000000005,4.605897785887378,4.605897785887378,0.0
-0.9924999999999997,3.845923275198386,3.845923275198386,0.0
-0.9874999999999989,3.4058957860140766,3.4058957860140766,0.0
-0.9824999999999999,3.0857882291247964,3.0857882291247964,0.0
-0.9774999999999991,2.86223123925829,2.86223123925829,0.0
-0.9725000000000001,2.6706666581796155,2.6706666581796155,0.0
-0.9674999999999994,2.5159334810530947,2.5159334810530947,0.0
-0.9625000000000004,2.3898673368905805,2.3898673368905805,0.0
-0.9574999999999996,2.2807720762427572,2.2807720762427572,0.0
-0.9525000000000006,2.1922024111971616,2.1922024111971616,0.0
-0.9474999999999998,2.1163838424139576,2.1163838424139576,0.0
-0.942499999999999,2.0455877378060463,2.0455877378060463,0.0
-0.9375,1.9673611382538643,1.9673611382538643,0.0
-0.9324999999999992,1.877736526395193,1.877736526395193,0.0
-0.9275000000000002,1.8655817044184546,1.8655817044184546,0.0
-0.9224999999999994,1.7927674406898766,1.7927674406898766,0.0
-0.9175000000000004,1.7342408261905602,1.7342408261905602,0.0
-0.9124999999999996,1.7228428138840712,1.7228428138840712,0.0
-0.9075000000000006,1.660899089055445,1.660899089055445,0.0
-0.9024999999999999,1.623769547960463,1.623769547960463,0.0
-0.8974999999999991,1.6034274213692041,1.6034274213692041,0.0
-0.8925000000000001,1.5404975506066163,1.5404975506066163,0.0
-0.8874999999999993,1.53847939148595,1.53847939148595,0.0
-0.8825000000000003,1.495501775666311,1.495501775666311,0.0
-0.8774999999999995,1.4622480174280628,1.4622480174280628,0.0
-0.8725000000000005,1.4548863233629061,1.4548863233629061,0.0
-0.8674999999999997,1.410784959851078,1.410784959851078,0.0
-0.8624999999999989,1.3900758952378793,1.3900758952378793,0.0
-0.8574999999999999,1.370949250844294,1.370949250844294,0.0
-0.8524999999999991,1.3329940991999487,1.3329940991999487,0.0
-0.8475000000000001,1.3194173923881949,1.3194173923881949,0.0
-0.8424999999999994,1.319738463157392,1.319738463157392,0.0
-0.8375000000000004,1.3002219471154963,1.3002219471154963,0.0
-0.8324999999999996,1.2805448956890018,1.2805448956890018,0.0
-0.8275000000000006,1.251763194593139,1.251763194593139,0.0
-0.8224999999999998,1.2355720543750677,1.2355720543750677,0.0
-0.817499999999999,1.219197445146027,1.219197445146027,0.0
-0.8125,1.2013092165764867,1.2013092165764867,0.0
-0.8074999999999992,1.1840401959189688,1.1840401959189688,0.0
-0.8025000000000002,1.1691333387776854,1.1691333387776854,0.0
-0.7974999999999994,1.153332070207925,1.153332070207925,0.0
-0.7925000000000004,1.1408332438356177,1.1408332438356177,0.0
-0.7874999999999996,1.1275088069139474,1.1275088069139474,0.0
-0.7825000000000006,1.1153539849372083,1.1153539849372083,0.0
-0.7774999999999999,1.1003783269168113,1.1003783269168113,0.0
-0.7724999999999991,1.0850127972481036,1.0850127972481036,0.0
-0.7675000000000001,1.0730414442823342,1.0730414442823342,0.0
-0.7624999999999993,1.0623773080197236,1.0623773080197236,0.0
-0.7575000000000003,1.045979765164312,1.045979765164312,0.0
-0.7524999999999995,1.0353156289017014,1.0353156289017014,0.0
-0.7475000000000005,1.0367833809894584,1.0367833809894584,0.0
-0.7424999999999997,1.0296280895616423,1.0296280895616423,0.0
-0.7374999999999989,1.008185148904565,1.008185148904565,0.0
-0.7324999999999999,0.997704481652924,0.997704481652924,0.0
-0.7274999999999991,0.9997914416527041,0.9997914416527041,0.0
-0.7225000000000001,0.997475145389212,0.997475145389212,0.0
-0.7174999999999994,0.9863294029728064,0.9863294029728064,0.0
-0.7125000000000004,0.9528463084708465,0.9528463084708465,0.0
-0.7074999999999996,0.9277569212207473,0.9277569212207473,0.0
-0.7025000000000006,0.9127353959476076,0.9127353959476076,0.0
-0.6974999999999998,0.9729590987983934,0.9729590987983934,0.0
-0.692499999999999,0.9605061396788288,0.9605061396788288,0.0
-0.6875,0.9126207278157519,0.9126207278157519,0.0
-0.6824999999999992,0.8728079524353388,0.8728079524353388,0.0
-0.6775000000000002,0.8681524262819842,0.8681524262819842,0.0
-0.6724999999999994,0.9407832209995921,0.9407832209995921,0.0
-0.6675000000000004,0.9143866170463345,0.9143866170463345,0.0
-0.6624999999999996,0.8520759541957693,0.8520759541957693,0.0
-0.6575000000000006,0.8270095005720417,0.8270095005720417,0.0
-0.6524999999999999,0.8717300719958923,0.8717300719958923,0.0
-0.6474999999999991,0.9040435515529207,0.9040435515529207,0.0
-0.6425000000000001,0.8345775972745393,0.8345775972745393,0.0
-0.6374999999999993,0.7865775172796063,0.7865775172796063,0.0
-0.6325000000000003,0.846365481229339,0.846365481229339,0.0
-0.6274999999999995,0.8790229651819357,0.8790229651819357,0.0
-0.6225000000000005,0.78017903552204,0.78017903552204,0.0
-0.6174999999999997,0.7608689221174849,0.7608689221174849,0.0
-0.6124999999999989,0.8637721036450842,0.8637721036450842,0.0
-0.6074999999999999,0.8146253423315906,0.8146253423315906,0.0
-0.6024999999999991,0.7041540641014936,0.7041540641014936,0.0
-0.5975000000000001,0.8382699111203035,0.8382699111203035,0.0
-0.5924999999999994,0.8063233695852144,0.8063233695852144,0.0
-0.5875000000000004,0.6831697959718407,0.6831697959718407,0.0
-0.5824999999999996,0.8102679533210616,0.8102679533210616,0.0
-0.5775000000000006,0.7781608764013738,0.7781608764013738,0.0
-0.5724999999999998,0.6712672438851849,0.6712672438851849,0.0
-0.567499999999999,0.8098322144200085,0.8098322144200085,0.0
-0.5625,0.7304818671756377,0.7304818671756377,0.0
-0.5574999999999992,0.6663594478417472,0.6663594478417472,0.0
-0.5525000000000002,0.8110935638704251,0.8110935638704251,0.0
-0.5474999999999994,0.6650980983913307,0.6650980983913307,0.0
-0.5425000000000004,0.694132069377277,0.694132069377277,0.0
-0.5374999999999996,0.7572224755244632,0.7572224755244632,0.0
-0.5325000000000006,0.6365686671855509,0.6365686671855509,0.0
-0.5274999999999999,0.7394718487131502,0.7394718487131502,0.0
-0.5224999999999991,0.6613599172928243,0.6613599172928243,0.0
-0.5175000000000001,0.667139191138368,0.667139191138368,0.0
-0.5124999999999993,0.7235329783851624,0.7235329783851624,0.0
-0.5075000000000003,0.6012279489475233,0.6012279489475233,0.0
-0.5024999999999995,0.7221798944292611,0.7221798944292611,0.0
-0.4975000000000005,0.6234506329012216,0.6234506329012216,0.0
-0.4924999999999997,0.6596398953149838,0.6596398953149838,0.0
-0.48749999999999893,0.653424882568387,0.653424882568387,0.0
-0.48249999999999993,0.6106995366388311,0.6106995366388311,0.0
-0.47749999999999915,0.6667263858636862,0.6667263858636862,0.0
-0.47250000000000014,0.5910912860914506,0.5910912860914506,0.0
-0.46749999999999936,0.6549155682825154,0.6549155682825154,0.0
-0.46250000000000036,0.5950817370800402,0.5950817370800402,0.0
-0.4574999999999996,0.6326240834497036,0.6326240834497036,0.0
-0.45250000000000057,0.5968017590578807,0.5968017590578807,0.0
-0.4474999999999998,0.6153091955394435,0.6153091955394435,0.0
-0.442499999999999,0.5909995515859656,0.5909995515859656,0.0
-0.4375,0.6043469221340073,0.6043469221340073,0.0
-0.4324999999999992,0.573065455763683,0.573065455763683,0.0
-0.4275000000000002,0.5964118874095701,0.5964118874095701,0.0
-0.42249999999999943,0.5563009748863318,0.5563009748863318,0.0
-0.4175000000000004,0.5918939630144427,0.5918939630144427,0.0
-0.41249999999999964,0.5387567507123596,0.5387567507123596,0.0
-0.40750000000000064,0.5941873256515633,0.5941873256515633,0.0
-0.40249999999999986,0.5141948368687985,0.5141948368687985,0.0
-0.3974999999999991,0.6061816122437038,0.6061816122437038,0.0
-0.39250000000000007,0.4851379322564811,0.4851379322564811,0.0
-0.3874999999999993,0.6112040764189978,0.6112040764189978,0.0
-0.3825000000000003,0.46791477885170585,0.46791477885170585,0.0
-0.3774999999999995,0.6037965151010983,0.6037965151010983,0.0
-0.3725000000000005,0.45913119995153406,0.45913119995153406,0.0
-0.3674999999999997,0.5799455436750446,0.5799455436750446,0.0
-0.36249999999999893,0.47974853005924784,0.47974853005924784,0.0
-0.35749999999999993,0.5161441951103508,0.5161441951103508,0.0
-0.35249999999999915,0.5336425520315808,0.5336425520315808,0.0
-0.34750000000000014,0.45220524478743,0.45220524478743,0.0
-0.34249999999999936,0.5651074874128749,0.5651074874128749,0.0
-0.33750000000000036,0.41982296435128785,0.41982296435128785,0.0
-0.3324999999999996,0.5580668641169146,0.5580668641169146,0.0
-0.32750000000000057,0.4389496087448732,0.4389496087448732,0.0
-0.3224999999999998,0.48846330808030597,0.48846330808030597,0.0
-0.317499999999999,0.5245608359885834,0.5245608359885834,0.0
-0.3125,0.40337955424313354,0.40337955424313354,0.0
-0.3074999999999992,0.5299273045594456,0.5299273045594456,0.0
-0.3025000000000002,0.41789653973610663,0.41789653973610663,0.0
-0.29749999999999943,0.47353351731265125,0.47353351731265125,0.0
-0.2925000000000004,0.48286750324573174,0.48286750324573174,0.0
-0.28749999999999964,0.3993891032545438,0.3993891032545438,0.0
-0.28250000000000064,0.49887517445283325,0.49887517445283325,0.0
-0.27749999999999986,0.4116127261103963,0.4116127261103963,0.0
-0.2724999999999991,0.44697637797479517,0.44697637797479517,0.0
-0.26750000000000007,0.45874132830322367,0.45874132830322367,0.0
-0.2624999999999993,0.38627106897021424,0.38627106897021424,0.0
-0.2575000000000003,0.46530034544538834,0.46530034544538834,0.0
-0.2524999999999995,0.4157866461099556,0.4157866461099556,0.0
-0.2475000000000005,0.4011320588587554,0.4011320588587554,0.0
-0.24249999999999972,0.4496825458865974,0.4496825458865974,0.0
-0.23749999999999893,0.38909190501387253,0.38909190501387253,0.0
-0.23249999999999993,0.40500784171548915,0.40500784171548915,0.0
-0.22749999999999915,0.42647371599893735,0.42647371599893735,0.0
-0.22250000000000014,0.38056059600378406,0.38056059600378406,0.0
-0.21749999999999936,0.39342636039803025,0.39342636039803025,0.0
-0.21250000000000036,0.4101908412753815,0.4101908412753815,0.0
-0.20749999999999957,0.3751482601801795,0.3751482601801795,0.0
-0.20250000000000057,0.3842299762231769,0.3842299762231769,0.0
-0.1974999999999998,0.4078057441327762,0.4078057441327762,0.0
-0.192499999999999,0.34987540391911104,0.34987540391911104,0.0
-0.1875,0.3820742153442836,0.3820742153442836,0.0
-0.18249999999999922,0.4015219305070659,0.4015219305070659,0.0
-0.1775000000000002,0.3295103437014806,0.3295103437014806,0.0
-0.17249999999999943,0.3818678127069427,0.3818678127069427,0.0
-0.16750000000000043,0.39049085622251606,0.39049085622251606,0.0
-0.16249999999999964,0.3159107032633557,0.3159107032633557,0.0
-0.15750000000000064,0.3673508272139697,0.3673508272139697,0.0
-0.15249999999999986,0.3795056491907086,0.3795056491907086,0.0
-0.14749999999999908,0.31870860568064285,0.31870860568064285,0.0
-0.14250000000000007,0.33558775468985,0.33558775468985,0.0
-0.1374999999999993,0.3736117072133088,0.3736117072133088,0.0
-0.13250000000000028,0.3258638971084589,0.3258638971084589,0.0
-0.1274999999999995,0.31786006150490814,0.31786006150490814,0.0
-0.1225000000000005,0.367282026334856,0.367282026334856,0.0
-0.11749999999999972,0.31987822062557425,0.31987822062557425,0.0
-0.11249999999999893,0.31054423469249365,0.31054423469249365,0.0
-0.10749999999999993,0.3309092949101241,0.3309092949101241,0.0
-0.10249999999999915,0.32907460480042766,0.32907460480042766,0.0
-0.09750000000000014,0.3041228193085561,0.3041228193085561,0.0
-0.09249999999999936,0.31380080963720475,0.31380080963720475,0.0
-0.08750000000000036,0.3269188439215343,0.3269188439215343,0.0
-0.08249999999999957,0.30141665139675383,0.30141665139675383,0.0
-0.07750000000000057,0.2930917450240063,0.2930917450240063,0.0
-0.07249999999999979,0.31483282282390906,0.31483282282390906,0.0
-0.067499999999999,0.3105442346924936,0.3105442346924936,0.0
-0.0625,0.28284041403607735,0.28284041403607735,0.0
-0.05749999999999922,0.29265600612295334,0.29265600612295334,0.0
-0.05250000000000021,0.2941696254634528,0.2941696254634528,0.0
-0.04749999999999943,0.30141665139675383,0.30141665139675383,0.0
-0.042500000000000426,0.27052505667474,0.27052505667474,0.0
-0.037499999999999645,0.2942613599689377,0.2942613599689377,0.0
-0.03250000000000064,0.274423773157845,0.274423773157845,0.0
-0.027499999999999858,0.2824505423877669,0.2824505423877669,0.0
-0.022499999999999076,0.2665346056861503,0.2665346056861503,0.0
-0.01750000000000007,0.291394656672537,0.291394656672537,0.0
-0.01249999999999929,0.27933156920128294,0.27933156920128294,0.0
-0.007500000000000284,0.2515818812921242,0.2515818812921242,0.0
-0.0024999999999995026,0.2561456729399942,0.2561456729399942,0.0
0.0024999999999995026,0.28350548920084234,0.28350548920084234,0.0
0.007500000000000284,0.28554658194787963,0.28554658194787963,0.0
0.012500000000001066,0.2528661643689118,0.2528661643689118,0.0
0.01750000000000007,0.19984362019868465,0.19984362019868465,0.0
0.022500000000000853,0.2974032667817928,0.2974032667817928,0.0
0.027499999999999858,0.2675895524992257,0.2675895524992257,0.0
0.03250000000000064,0.27141946810321704,0.27141946810321704,0.0
0.037499999999999645,0.20475141624212265,0.20475141624212265,0.0
0.042500000000000426,0.21188377404356756,0.21188377404356756,0.0
0.04749999999999943,0.31040663293426635,0.31040663293426635,0.0
0.05250000000000021,0.2635303006315224,0.2635303006315224,0.0
0.057500000000000995,0.2234423217346551,0.2234423217346551,0.0
0.0625,0.1792033564645997,0.1792033564645997,0.0
0.06750000000000078,0.23523020568945477,0.23523020568945477,0.0
0.07249999999999979,0.32689591029516313,0.32689591029516313,0.0
0.07750000000000057,0.22832718415172187,0.22832718415172187,0.0
0.08249999999999957,0.1785153476734635,0.1785153476734635,0.0
0.08750000000000036,0.18149671910172024,0.18149671910172024,0.0
0.09249999999999936,0.24575674019383809,0.24575674019383809,0.0
0.09750000000000014,0.3226531894164901,0.3226531894164901,0.0
0.10250000000000092,0.21869506107581554,0.21869506107581554,0.0
0.10749999999999993,0.15042165536873678,0.15042165536873678,0.0
0.11250000000000071,0.17149765800387465,0.17149765800387465,0.0
0.11749999999999972,0.24651354986408783,0.24651354986408783,0.0
0.1225000000000005,0.3066455182093887,0.3066455182093887,0.0
0.1274999999999995,0.23337258195338714,0.23337258195338714,0.0
0.13250000000000028,0.14640827075377583,0.14640827075377583,0.0
0.13750000000000107,0.14062899690823202,0.14062899690823202,0.0
0.14250000000000007,0.2157595569003012,0.2157595569003012,0.0
0.14750000000000085,0.2801801133770176,0.2801801133770176,0.0
0.15249999999999986,0.27288722019097417,0.27288722019097417,0.0
0.15750000000000064,0.17711639646482003,0.17711639646482003,0.0
0.16249999999999964,0.12219036130578283,0.12219036130578283,0.0
0.16750000000000043,0.1587236281151132,0.1587236281151132,0.0
0.17249999999999943,0.23497793579937146,0.23497793579937146,0.0
0.1775000000000002,0.26797942414753617,0.26797942414753617,0.0
0.182500000000001,0.23878491777699165,0.23878491777699165,0.0
0.1875,0.1562697300933942,0.1562697300933942,0.0
0.19250000000000078,0.13278569668927978,0.13278569668927978,0.0
0.1974999999999998,0.15927403514802213,0.15927403514802213,0.0
0.20250000000000057,0.21910786635049723,0.21910786635049723,0.0
0.20749999999999957,0.25146721316026827,0.25146721316026827,0.0
0.21250000000000036,0.21867212744944436,0.21867212744944436,0.0
0.21749999999999936,0.17046564481717041,0.17046564481717041,0.0
0.22250000000000014,0.13278569668927975,0.13278569668927975,0.0
0.22750000000000092,0.14533039031432918,0.14533039031432918,0.0
0.23249999999999993,0.19977481931957103,0.19977481931957103,0.0
0.2375000000000007,0.22429086591038974,0.22429086591038974,0.0
0.24249999999999972,0.2135808623950368,0.2135808623950368,0.0
0.2475000000000005,0.18271220129939417,0.18271220129939417,0.0
0.2524999999999995,0.15381583207167518,0.15381583207167518,0.0
0.2575000000000003,0.12762563075575853,0.12762563075575853,0.0
0.26250000000000107,0.16051245097206723,0.16051245097206723,0.0
0.26750000000000007,0.21587422503215728,0.21587422503215728,0.0
0.27250000000000085,0.19837586811092753,0.19837586811092753,0.0
0.27749999999999986,0.18257459954116687,0.18257459954116687,0.0
0.28250000000000064,0.18225352877197,0.18225352877197,0.0
0.28749999999999964,0.12994192701925028,0.12994192701925028,0.0
0.2925000000000004,0.13402411251332488,0.13402411251332488,0.0
0.29749999999999943,0.18268926767302293,0.18268926767302293,0.0
0.3025000000000002,0.20532475690140276,0.20532475690140276,0.0
0.307500000000001,0.16438823382880094,0.16438823382880094,0.0
0.3125,0.1734928834981695,0.1734928834981695,0.0
0.3175000000000008,0.16711733536697443,0.16711733536697443,0.0
0.3224999999999998,0.124667192953873,0.124667192953873,0.0
0.32750000000000057,0.1433351648200343,0.1433351648200343,0.0
0.3324999999999996,0.19901800964932126,0.19901800964932126,0.0
0.33750000000000036,0.17445609580576013,0.17445609580576013,0.0
0.34249999999999936,0.15528358415943236,0.15528358415943236,0.0
0.34750000000000014,0.15138486767632742,0.15138486767632742,0.0
0.3525000000000009,0.16156739778514267,0.16156739778514267,0.0
0.35749999999999993,0.14007858987532312,0.14007858987532312,0.0
0.3625000000000007,0.12076847647076809,0.12076847647076809,0.0
0.3674999999999997,0.20658610635181907,0.20658610635181907,0.0
0.3725000000000005,0.17633665316819902,0.17633665316819902,0.0
0.3774999999999995,0.14822002723710107,0.14822002723710107,0.0
0.3825000000000003,0.11994286592140468,0.11994286592140468,0.0
0.38750000000000107,0.14854109800629792,0.14854109800629792,0.0
0.39250000000000007,0.1640900966859753,0.1640900966859753,0.0
0.39750000000000085,0.11666335735032232,0.11666335735032232,0.0
0.40249999999999986,0.1638148931695208,0.1638148931695208,0.0
0.40750000000000064,0.19355980657297434,0.19355980657297434,0.0
0.41249999999999964,0.16445703470791456,0.16445703470791456,0.0
0.4175000000000004,0.12450665756927458,0.12450665756927458,0.0
0.42249999999999943,0.1019858364727508,0.1019858364727508,0.0
0.4275000000000002,0.14711921317128318,0.14711921317128318,0.0
0.432500000000001,0.16675039734503513,0.16675039734503513,0.0
0.4375,0.11459933097691381,0.11459933097691381,0.0
0.4425000000000008,0.16360849053217996,0.16360849053217996,0.0
0.4474999999999998,0.1984217353636699,0.1984217353636699,0.0
0.45250000000000057,0.1495272439402598,0.1495272439402598,0.0
0.4574999999999996,0.10379759295607603,0.10379759295607603,0.0
0.46250000000000036,0.10544881405480284,0.10544881405480284,0.0
0.46749999999999936,0.12647894943719826,0.12647894943719826,0.0
0.47250000000000014,0.17459369756398738,0.17459369756398738,0.0
0.4775000000000009,0.1174660342733145,0.1174660342733145,0.0
0.48249999999999993,0.15610919470879578,0.15610919470879578,0.0
0.4875000000000007,0.1883538733867107,0.1883538733867107,0.0
0.4924999999999997,0.14994004921494147,0.14994004921494147,0.0
0.4975000000000005,0.09191797449579159,0.09191797449579159,0.0
0.5024999999999995,0.11012727383452872,0.11012727383452872,0.0
0.5075000000000003,0.11469106548239866,0.11469106548239866,0.0
0.5125000000000011,0.15074272613793369,0.15074272613793369,0.0
0.5175000000000001,0.15110966415987293,0.15110966415987293,0.0
0.5225000000000009,0.1366844131723847,0.1366844131723847,0.0
0.5274999999999999,0.1582649555876891,0.1582649555876891,0.0
0.5325000000000006,0.15753107954381051,0.15753107954381051,0.0
0.5374999999999996,0.11097581801026335,0.11097581801026335,0.0
0.5425000000000004,0.08242345317811252,0.08242345317811252,0.0
0.5474999999999994,0.12874937844794762,0.12874937844794762,0.0
0.5525000000000002,0.12941445361271256,0.12941445361271256,0.0
0.557500000000001,0.1541827700936145,0.1541827700936145,0.0
0.5625,0.14019325800717916,0.14019325800717916,0.0
0.5675000000000008,0.13932178020507335,0.13932178020507335,0.0
0.5724999999999998,0.14466531514956418,0.14466531514956418,0.0
0.5775000000000006,0.12517173273403956,0.12517173273403956,0.0
0.5824999999999996,0.10175650020903876,0.10175650020903876,0.0
0.5875000000000004,0.07999248878276474,0.07999248878276474,0.0
0.5924999999999994,0.13647801053504385,0.13647801053504385,0.0
0.5975000000000001,0.14998591646768392,0.14998591646768392,0.0
0.6025000000000009,0.1404913951500048,0.1404913951500048,0.0
0.6074999999999999,0.13361130723864317,0.13361130723864317,0.0
0.6125000000000007,0.14053726240274722,0.14053726240274722,0.0
0.6174999999999997,0.12716695822833443,0.12716695822833443,0.0
0.6225000000000005,0.108705388999514,0.108705388999514,0.0
0.6274999999999995,0.09049608966077687,0.09049608966077687,0.0
0.6325000000000003,0.09012915163883757,0.09012915163883757,0.0
0.6375000000000011,0.12044740570157121,0.12044740570157121,0.0
0.6425000000000001,0.16851628657561793,0.16851628657561793,0.0
0.6475000000000009,0.14039966064451997,0.14039966064451997,0.0
0.6524999999999999,0.1294144536127126,0.1294144536127126,0.0
0.6575000000000006,0.12019513581148794,0.12019513581148794,0.0
0.6624999999999996,0.12391038328362323,0.12391038328362323,0.0
0.6675000000000004,0.11586068042733011,0.11586068042733011,0.0
0.6724999999999994,0.08040529405744644,0.08040529405744644,0.0
0.6775000000000002,0.08242345317811253,0.08242345317811253,0.0
0.682500000000001,0.11182436218599794,0.11182436218599794,0.0
0.6875,0.14317462943543582,0.14317462943543582,0.0
0.6925000000000008,0.16762187514714094,0.16762187514714094,0.0
0.6974999999999998,0.14069779778734567,0.14069779778734567,0.0
0.7025000000000006,0.10221517273646286,0.10221517273646286,0.0
0.7074999999999996,0.1028573142748566,0.1028573142748566,0.0
0.7125000000000004,0.1253781353713804,0.1253781353713804,0.0
0.7174999999999994,0.10106849141790256,0.10106849141790256,0.0
0.7225000000000001,0.07290599823406226,0.07290599823406226,0.0
0.7275000000000009,0.08877606768293644,0.08877606768293644,0.0
0.7324999999999999,0.10597628746134057,0.10597628746134057,0.0
0.7375000000000007,0.1578292166866362,0.1578292166866362,0.0
0.7424999999999997,0.16232420745539247,0.16232420745539247,0.0
0.7475000000000005,0.13659267866689986,0.13659267866689986,0.0
0.7524999999999995,0.09391319999008647,0.09391319999008647,0.0
0.7575000000000003,0.0873312492215505,0.0873312492215505,0.0
0.7625000000000011,0.10666429625247671,0.10666429625247671,0.0
0.7675000000000001,0.10721470328538567,0.10721470328538567,0.0
0.7725000000000009,0.08070343120027211,0.08070343120027211,0.0
0.7774999999999999,0.08912007207850452,0.08912007207850452,0.0
0.7825000000000006,0.09425720438565456,0.09425720438565456,0.0
0.7874999999999996,0.14808242547887385,0.14808242547887385,0.0
0.7925000000000004,0.15870069448874197,0.15870069448874197,0.0
0.7974999999999994,0.13723482020529365,0.13723482020529365,0.0
0.8025000000000002,0.09999061097845593,0.09999061097845593,0.0
0.807500000000001,0.08299679383739265,0.08299679383739265,0.0
0.8125,0.07643777669522789,0.07643777669522789,0.0
0.8175000000000008,0.10602215471408297,0.10602215471408297,0.0
0.8224999999999998,0.0968945714183432,0.0968945714183432,0.0
0.8275000000000006,0.09212437713313244,0.09212437713313244,0.0
0.8324999999999996,0.09629829713269185,0.09629829713269185,0.0
0.8375000000000004,0.11604414943829977,0.11604414943829977,0.0
0.8424999999999994,0.15516891602757632,0.15516891602757632,0.0
0.8475000000000001,0.12225916218489645,0.12225916218489645,0.0
0.8525000000000009,0.11693856086677679,0.11693856086677679,0.0
0.8574999999999999,0.09737617757213851,0.09737617757213851,0.0
0.8625000000000007,0.06923661801466938,0.06923661801466938,0.0
0.8674999999999997,0.07698818372813683,0.07698818372813683,0.0
0.8725000000000005,0.08992274900149672,0.08992274900149672,0.0
0.8774999999999995,0.09765138108859295,0.09765138108859295,0.0
0.8825000000000003,0.1125353046035053,0.1125353046035053,0.0
0.8875000000000011,0.10290318152759903,0.10290318152759903,0.0
0.8925000000000001,0.12852004218423557,0.12852004218423557,0.0
0.8975000000000009,0.13980338635886866,0.13980338635886866,0.0
0.9024999999999999,0.09776604922044899,0.09776604922044899,0.0
0.9075000000000006,0.09806418636327467,0.09806418636327467,0.0
0.9124999999999996,0.08636803691395986,0.08636803691395986,0.0
0.9175000000000004,0.07570390065134933,0.07570390065134933,0.0
0.9224999999999994,0.07579563515683413,0.07579563515683413,0.0
0.9275000000000002,0.08336373185933195,0.08336373185933195,0.0
0.932500000000001,0.09010621801246636,0.09010621801246636,0.0
0.9375,0.10019701361579678,0.10019701361579678,0.0
0.9425000000000008,0.1371201520734376,0.1371201520734376,0.0
0.9474999999999998,0.12145648526190427,0.12145648526190427,0.0
0.9525000000000006,0.14448184613859455,0.14448184613859455,0.0
0.9574999999999996,0.09233077977047328,0.09233077977047328,0.0
0.9625000000000004,0.07249319295938055,0.07249319295938055,0.0
0.9674999999999994,0.06657631735560952,0.06657631735560952,0.0
0.9725000000000001,0.08086396658487055,0.08086396658487055,0.0
0.9775000000000009,0.06997049405854795,0.06997049405854795,0.0
0.9824999999999999,0.08320319647473352,0.08320319647473352,0.0
0.9875000000000007,0.08680377581501277,0.08680377581501277,0.0
0.9924999999999997,0.09395906724282889,0.09395906724282889,0.0
0.9975000000000005,0.10836138460394594,0.10836138460394594,0.0
1.0024999999999995,0.1395511164687854,0.1395511164687854,0.0
1.0075000000000003,0.14732561580862408,0.14732561580862408,0.0
1.012500000000001,0.12313063998700226,0.12313063998700226,0.0
1.0175,0.06740192790497293,0.06740192790497293,0.0
1.0225000000000009,0.05380228746684807,0.05380228746684807,0.0
1.0274999999999999,0.053710552961363255,0.053710552961363255,0.0
1.0325000000000006,0.05627911911493828,0.05627911911493828,0.0
1.0374999999999996,0.07707991823362165,0.07707991823362165,0.0
1.0425000000000004,0.09267478416604137,0.09267478416604137,0.0
1.0474999999999994,0.07912101098065892,0.07912101098065892,0.0
1.0525000000000002,0.08937234196858777,0.08937234196858777,0.0
1.057500000000001,0.11588361405370133,0.11588361405370133,0.0
1.0625,0.14436717800673857,0.14436717800673857,0.0
1.0675000000000008,0.13815216526014185,0.13815216526014185,0.0
1.0724999999999998,0.1253552017450092,0.1253552017450092,0.0
1.0775000000000006,0.08249225405722617,0.08249225405722617,0.0
1.0824999999999996,0.044422434281025026,0.044422434281025026,0.0
1.0875000000000004,0.03311615648002072,0.03311615648002072,0.0
1.0924999999999994,0.03609752790827743,0.03609752790827743,0.0
1.0975000000000001,0.0526556061482878,0.0526556061482878,0.0
1.102500000000001,0.07643777669522789,0.07643777669522789,0.0
1.1075,0.10416453097801533,0.10416453097801533,0.0
1.1125000000000007,0.08969341273778465,0.08969341273778465,0.0
1.1174999999999997,0.09627536350632063,0.09627536350632063,0.0
1.1225000000000005,0.12003460042688953,0.12003460042688953,0.0
1.1274999999999995,0.1570953406427576,0.1570953406427576,0.0
1.1325000000000003,0.12306183910788865,0.12306183910788865,0.0
1.137500000000001,0.09728444306665367,0.09728444306665367,0.0
1.1425,0.08212531603528686,0.08212531603528686,0.0
1.1475000000000009,0.04476643867659311,0.04476643867659311,0.0
1.1524999999999999,0.03621219604013347,0.03621219604013347,0.0
1.1575000000000006,0.020800799118683374,0.020800799118683374,0.0
1.1624999999999996,0.026190201315916668,0.026190201315916668,0.0
1.1675000000000004,0.04472057142385069,0.04472057142385069,0.0
1.1724999999999994,0.07850180306863638,0.07850180306863638,0.0
1.1775000000000002,0.10590748658222693,0.10590748658222693,0.0
1.182500000000001,0.11897965361381407,0.11897965361381407,0.0
1.1875,0.13384064350235522,0.13384064350235522,0.0
1.1925000000000008,0.11909432174567011,0.11909432174567011,0.0
1.1974999999999998,0.12028687031697279,0.12028687031697279,0.0
1.2025000000000006,0.12108954723996498,0.12108954723996498,0.0
1.2074999999999996,0.08785872262808822,0.08785872262808822,0.0
1.2125000000000004,0.06753952966320016,0.06753952966320016,0.0
1.2174999999999994,0.04118879296268505,0.04118879296268505,0.0
1.2225000000000001,0.02378217054694009,0.02378217054694009,0.0
1.227500000000001,0.014860989888541157,0.014860989888541157,0.0
1.2325,0.015067392525882004,0.015067392525882004,0.0
1.2375000000000007,0.022429086591038965,0.022429086591038965,0.0
1.2424999999999997,0.038620226809110036,0.038620226809110036,0.0
1.2475000000000005,0.08320319647473352,0.08320319647473352,0.0
1.2524999999999995,0.11427826020771695,0.11427826020771695,0.0
1.2575000000000003,0.13062993581038648,0.13062993581038648,0.0
1.262500000000001,0.13368010811775677,0.13368010811775677,0.0
1.2675,0.13861083778756597,0.13861083778756597,0.0
1.2725000000000009,0.1290933828435157,0.1290933828435157,0.0
1.2774999999999999,0.10219223911009168,0.10219223911009168,0.0
1.2825000000000006,0.08937234196858777,0.08937234196858777,0.0
1.2874999999999996,0.06717259164126087,0.06717259164126087,0.0
1.2925000000000004,0.043138151204237515,0.043138151204237515,0.0
1.2974999999999994,0.008829446152914111,0.008829446152914111,0.0
1.3025000000000002,0.0010090795603330414,0.0010090795603330414,0.0
1.307500000000001,0.003141906812855152,0.003141906812855152,0.0
1.3125,0.006306747252081509,0.006306747252081509,0.0
1.3175000000000008,0.013301503295299184,0.013301503295299184,0.0
1.3224999999999998,0.025272856261068444,0.025272856261068444,0.0
1.3275000000000006,0.04822941625864514,0.04822941625864514,0.0
1.3324999999999996,0.08992274900149672,0.08992274900149672,0.0
1.3375000000000004,0.09159690372659472,0.09159690372659472,0.0
1.3424999999999994,0.13090513932684095,0.13090513932684095,0.0
1.3475000000000001,0.16303514987289983,0.16303514987289983,0.0
1.352500000000001,0.1636314241585512,0.1636314241585512,0.0
1.3575,0.1471650804240256,0.1471650804240256,0.0
1.3625000000000007,0.11597534855918618,0.11597534855918618,0.0
1.3674999999999997,0.08806512526542909,0.08806512526542909,0.0
1.3725000000000005,0.043757359116260074,0.043757359116260074,0.0
1.3774999999999995,0.013897777580950524,0.013897777580950524,0.0
1.3825000000000003,0.0020181591206660833,0.0020181591206660833,0.0
1.387500000000001,4.586725274241097e-5,4.586725274241097e-5,0.0
1.3925,0.0011925485713026854,0.0011925485713026854,0.0
1.3975000000000009,0.0016282874723555897,0.0016282874723555897,0.0
1.4024999999999999,0.002499765274461398,0.002499765274461398,0.0
1.4075000000000006,0.006696618900392003,0.006696618900392003,0.0
1.4124999999999996,0.012384158240450962,0.012384158240450962,0.0
1.4175000000000004,0.016145272965328663,0.016145272965328663,0.0
1.4224999999999994,0.032451081315255766,0.032451081315255766,0.0
1.4275000000000002,0.04550031472047169,0.04550031472047169,0.0
1.432500000000001,0.06671391911383677,0.06671391911383677,0.0
1.4375,0.08097863471672659,0.08097863471672659,0.0
1.4425000000000008,0.10549468130754525,0.10549468130754525,0.0
1.4474999999999998,0.1512472659181002,0.1512472659181002,0.0
1.4525000000000006,0.18789520085928657,0.18789520085928657,0.0
1.4574999999999996,0.18023536965130396,0.18023536965130396,0.0
1.4625000000000004,0.13778522723820258,0.13778522723820258,0.0
1.4674999999999994,0.06792940131151065,0.06792940131151065,0.0
1.4725000000000001,0.03756527999603459,0.03756527999603459,0.0
1.477500000000001,0.011673215822943592,0.011673215822943592,0.0
1.4825,0.0005962742856513427,0.0005962742856513427,0.0
1.4875000000000007,2.2933626371205485e-5,2.2933626371205485e-5,0.0
