omega,S,S_edge,S_cont,Sr,Sr_edge,Sr_cont
-1.0374999999999996,0.0,0.0,0.0
-1.0325000000000006,0.00040840704496667313,0.00040840704496667313,0.0
-1.0274999999999999,0.07489164187076368,0.07489164187076368,0.0
-1.022499999999999,0.6658566359375397,0.6658566359375397,0.0
-1.0175,2.0724104988027623,2.0724104988027623,0.0
-1.0124999999999993,4.295982655123813,4.295982655123813,0.0
-1.0075000000000003,5.722854768476128,5.722854768476128,0.0
-1.0024999999999995,6.124982555126438,6.124982555126438,0.0
-0.9975000000000005,5.216430032717454,5.216430032717454,0.0
-0.9924999999999997,4.115262537726061,4.115262537726061,0.0
-0.9874999999999989,3.463700148362355,3.463700148362355,0.0
-0.9824999999999999,3.103178829418024,3.103178829418024,0.0
-0.9774999999999991,2.8499154106580655,2.8499154106580655,0.0
-0.9725000000000001,2.686450490910155,2.686450490910155,0.0
-0.9674999999999994,2.538300835348494,2.538300835348494,0.0
-0.9625000000000004,2.3793794439758376,2.3793794439758376,0.0
-0.9574999999999996,2.2396021328359934,2.2396021328359934,0.0
-0.9525000000000006,2.1320889782485164,2.1320889782485164,0.0
-0.9474999999999998,2.123155074139871,2.123155074139871,0.0
-0.942499999999999,2.075779856923737,2.075779856923737,0.0
-0.9375,1.8810717982358753,1.8810717982358753,0.0
-0.9324999999999992,1.8903630585088675,1.8903630585088675,0.0
-0.9275000000000002,1.8987864538113046,1.8987864538113046,0.0
-0.9224999999999994,1.7796336984422783,1.7796336984422783,0.0
-0.9175000000000004,1.7745796612608156,1.7745796612608156,0.0
-0.9124999999999996,1.6780934968874388,1.6780934968874388,0.0
-0.9075000000000006,1.6632887415073974,1.6632887415073974,0.0
-0.9024999999999999,1.6705890174361762,1.6705890174361762,0.0
-0.8974999999999991,1.4841001505282692,1.4841001505282692,0.0
-0.8925000000000001,1.7006069352412272,1.7006069352412272,0.0
-0.8874999999999993,1.4049712855659764,1.4049712855659764,0.0
-0.8825000000000003,1.576706447974462,1.576706447974462,0.0
-0.8774999999999995,1.4612293560101355,1.4612293560101355,0.0
-0.8725000000000005,1.3627522072925464,1.3627522072925464,0.0
-0.8674999999999997,1.5293822816389493,1.5293822816389493,0.0
-0.8624999999999989,1.235839718069153,1.235839718069153,0.0
-0.8574999999999999,1.541736594749191,1.541736594749191,0.0
-0.8524999999999991,1.1881071446886728,1.1881071446886728,0.0
-0.8475000000000001,1.474094177926586,1.474094177926586,0.0
-0.8424999999999994,1.1743234069210475,1.1743234069210475,0.0
-0.8375000000000004,1.3965989411441595,1.3965989411441595,0.0
-0.8324999999999996,1.1563024460618934,1.1563024460618934,0.0
-0.8275000000000006,1.341617142715521,1.341617142715521,0.0
-0.8224999999999998,1.1502784421486347,1.1502784421486347,0.0
-0.817499999999999,1.2799476789255537,1.2799476789255537,0.0
-0.8125,1.140374571308193,1.140374571308193,0.0
-0.8074999999999992,1.2344613442923904,1.2344613442923904,0.0
-0.8025000000000002,1.127662902033605,1.127662902033605,0.0
-0.7974999999999994,1.2058728511447232,1.2058728511447232,0.0
-0.7925000000000004,1.0527712601628416,1.0527712601628416,0.0
-0.7874999999999996,1.217971909851861,1.217971909851861,0.0
-0.7825000000000006,1.0081527905002325,1.0081527905002325,0.0
-0.7774999999999999,1.15916129537666,1.15916129537666,0.0
-0.7724999999999991,1.0644619118250125,1.0644619118250125,0.0
-0.7675000000000001,1.0203029000879908,1.0203029000879908,0.0
-0.7624999999999993,1.2021461368594026,1.2021461368594026,0.0
-0.7575000000000003,0.8722042954069513,0.8722042954069513,0.0
-0.7524999999999995,1.2288967983047194,1.2288967983047194,0.0
-0.7475000000000005,0.8424926828856257,0.8424926828856257,0.0
-0.7424999999999997,1.0671676084979165,1.0671676084979165,0.0
-0.7374999999999989,1.040672201455704,1.040672201455704,0.0
-0.7324999999999999,0.8625556789696136,0.8625556789696136,0.0
-0.7274999999999991,1.2267016104380233,1.2267016104380233,0.0
-0.7225000000000001,0.6897484480680901,0.6897484480680901,0.0
-0.7174999999999994,1.0887110801199087,1.0887110801199087,0.0
-0.7125000000000004,1.0397532856045288,1.0397532856045288,0.0
-0.7074999999999996,0.6356345146100059,0.6356345146100059,0.0
-0.7025000000000006,1.2368096848009487,1.2368096848009487,0.0
-0.6974999999999998,0.8114537474681589,0.8114537474681589,0.0
-0.692499999999999,0.73686841088112,0.73686841088112,0.0
-0.6875,1.1580892268836225,1.1580892268836225,0.0
-0.6824999999999992,0.7512647592161952,0.7512647592161952,0.0
-0.6775000000000002,0.8095648648851879,0.8095648648851879,0.0
-0.6724999999999994,1.0337292816912704,1.0337292816912704,0.0
-0.6675000000000004,0.7742376554955706,0.7742376554955706,0.0
-0.6624999999999996,0.7995078414028837,0.7995078414028837,0.0
-0.6575000000000006,0.8966576672243306,0.8966576672243306,0.0
-0.6524999999999999,0.8480572288732967,0.8480572288732967,0.0
-0.6474999999999991,0.7704088394490081,0.7704088394490081,0.0
-0.6425000000000001,0.7416671936594783,0.7416671936594783,0.0
-0.6374999999999993,0.9183542914881854,0.9183542914881854,0.0
-0.6325000000000003,0.7890424108756123,0.7890424108756123,0.0
-0.6274999999999995,0.6118958551213179,0.6118958551213179,0.0
-0.6225000000000005,0.8876216613544431,0.8876216613544431,0.0
-0.6174999999999997,0.8684265302410097,0.8684265302410097,0.0
-0.6124999999999989,0.6076075811491678,0.6076075811491678,0.0
-0.6074999999999999,0.6753010488523941,0.6753010488523941,0.0
-0.6024999999999991,0.9753781251416571,0.9753781251416571,0.0
-0.5975000000000001,0.7200216202762447,0.7200216202762447,0.0
-0.5924999999999994,0.48018458311956597,0.48018458311956597,0.0
-0.5875000000000004,0.835090305195605,0.835090305195605,0.0
-0.5824999999999996,0.9281050096867647,0.9281050096867647,0.0
-0.5775000000000006,0.5326648883977834,0.5326648883977834,0.0
-0.5724999999999998,0.4969803228438203,0.4969803228438203,0.0
-0.567499999999999,0.8888468824893431,0.8888468824893431,0.0
-0.5625,0.9063062836616684,0.9063062836616684,0.0
-0.5574999999999992,0.357356164345839,0.357356164345839,0.0
-0.5525000000000002,0.5407309275358751,0.5407309275358751,0.0
-0.5474999999999994,0.9632790664345193,0.9632790664345193,0.0
-0.5425000000000004,0.7774028100940622,0.7774028100940622,0.0
-0.5374999999999996,0.3312181134679719,0.3312181134679719,0.0
-0.5325000000000006,0.5147970801804915,0.5147970801804915,0.0
-0.5274999999999999,1.014483099697216,1.014483099697216,0.0
-0.5224999999999991,0.6730037592244564,0.6730037592244564,0.0
-0.5175000000000001,0.33622109976881365,0.33622109976881365,0.0
-0.5124999999999993,0.46471616629145324,0.46471616629145324,0.0
-0.5075000000000003,1.0099906222025827,1.0099906222025827,0.0
-0.5024999999999995,0.6168988414221598,0.6168988414221598,0.0
-0.4975000000000005,0.42009769662884416,0.42009769662884416,0.0
-0.4924999999999997,0.3465333776542221,0.3465333776542221,0.0
-0.48749999999999893,0.9395404069458317,0.9395404069458317,0.0
-0.48249999999999993,0.6168477905415388,0.6168477905415388,0.0
-0.47749999999999915,0.539250451997871,0.539250451997871,0.0
-0.47250000000000014,0.3016086027078881,0.3016086027078881,0.0
-0.46749999999999936,0.6774962367190898,0.6774962367190898,0.0
-0.46250000000000036,0.7478443502145993,0.7478443502145993,0.0
-0.4574999999999996,0.5375657729373835,0.5375657729373835,0.0
-0.45250000000000057,0.4048334833232146,0.4048334833232146,0.0
-0.4474999999999998,0.4397012347872445,0.4397012347872445,0.0
-0.442499999999999,0.7045021525675113,0.7045021525675113,0.0
-0.4375,0.574322406984384,0.574322406984384,0.0
-0.4324999999999992,0.5566077514089545,0.5566077514089545,0.0
-0.4275000000000002,0.3778786183554143,0.3778786183554143,0.0
-0.42249999999999943,0.4950914402608495,0.4950914402608495,0.0
-0.4175000000000004,0.5736076946556924,0.5736076946556924,0.0
-0.41249999999999964,0.5648269431889088,0.5648269431889088,0.0
-0.40750000000000064,0.5632443658896631,0.5632443658896631,0.0
-0.40249999999999986,0.4336261799933652,0.4336261799933652,0.0
-0.3974999999999991,0.43086943243984016,0.43086943243984016,0.0
-0.39250000000000007,0.43786340308489435,0.43786340308489435,0.0
-0.3874999999999993,0.5339922112939252,0.5339922112939252,0.0
-0.3825000000000003,0.6195534872144431,0.6195534872144431,0.0
-0.3774999999999995,0.5220973561092708,0.5220973561092708,0.0
-0.3725000000000005,0.37726600778796426,0.37726600778796426,0.0
-0.3674999999999997,0.32764455182451346,0.32764455182451346,0.0
-0.36249999999999893,0.40871335025039807,0.40871335025039807,0.0
-0.35749999999999993,0.6198597924981681,0.6198597924981681,0.0
-0.35249999999999915,0.6140399921073929,0.6140399921073929,0.0
-0.34750000000000014,0.4497072073889279,0.4497072073889279,0.0
-0.34249999999999936,0.3166686124910342,0.3166686124910342,0.0
-0.33750000000000036,0.25683698040341646,0.25683698040341646,0.0
-0.3324999999999996,0.4673708120837365,0.4673708120837365,0.0
-0.32750000000000057,0.6111811427926263,0.6111811427926263,0.0
-0.3224999999999998,0.5965805909350678,0.5965805909350678,0.0
-0.317499999999999,0.35485467119541814,0.35485467119541814,0.0
-0.3125,0.29451253030159213,0.29451253030159213,0.0
-0.3074999999999992,0.2859870332379128,0.2859870332379128,0.0
-0.3025000000000002,0.49213048918484115,0.49213048918484115,0.0
-0.29749999999999943,0.5707488453409255,0.5707488453409255,0.0
-0.2925000000000004,0.4779383443722491,0.4779383443722491,0.0
-0.28749999999999964,0.3174854265809675,0.3174854265809675,0.0
-0.28250000000000064,0.30686684341183396,0.30686684341183396,0.0
-0.27749999999999986,0.37149725827781005,0.37149725827781005,0.0
-0.2724999999999991,0.4791125146265283,0.4791125146265283,0.0
-0.26750000000000007,0.5402714696102877,0.5402714696102877,0.0
-0.2624999999999993,0.3759386848918226,0.3759386848918226,0.0
-0.2575000000000003,0.25801115065769575,0.25801115065769575,0.0
-0.2524999999999995,0.254233385491754,0.254233385491754,0.0
-0.2475000000000005,0.4123890136550981,0.4123890136550981,0.0
-0.24249999999999972,0.5339411604133043,0.5339411604133043,0.0
-0.23749999999999893,0.514031316971179,0.514031316971179,0.0
-0.23249999999999993,0.4197403404644983,0.4197403404644983,0.0
-0.22749999999999915,0.21819146377344512,0.21819146377344512,0.0
-0.22250000000000014,0.18061801563651111,0.18061801563651111,0.0
-0.21749999999999936,0.28256662423631695,0.28256662423631695,0.0
-0.21250000000000036,0.45297446374866124,0.45297446374866124,0.0
-0.20749999999999957,0.536187399160621,0.536187399160621,0.0
-0.20250000000000057,0.53552373771255,0.53552373771255,0.0
-0.1974999999999998,0.36960837569483923,0.36960837569483923,0.0
-0.192499999999999,0.17872913305354024,0.17872913305354024,0.0
-0.1875,0.14365717806702724,0.14365717806702724,0.0
-0.18249999999999922,0.2296779119131328,0.2296779119131328,0.0
-0.1775000000000002,0.39870737764871467,0.39870737764871467,0.0
-0.17249999999999943,0.518625896227054,0.518625896227054,0.0
-0.16750000000000043,0.5252114598271416,0.5252114598271416,0.0
-0.16249999999999964,0.3784401780422435,0.3784401780422435,0.0
-0.15750000000000064,0.2815966575045211,0.2815966575045211,0.0
-0.15249999999999986,0.1530505401012607,0.1530505401012607,0.0
-0.14749999999999908,0.1535099980268482,0.1535099980268482,0.0
-0.14250000000000007,0.233915135004662,0.233915135004662,0.0
-0.1374999999999993,0.3828305537756352,0.3828305537756352,0.0
-0.13250000000000028,0.4660945400682157,0.4660945400682157,0.0
-0.1274999999999995,0.4974908316500287,0.4974908316500287,0.0
-0.1225000000000005,0.32800190798885936,0.32800190798885936,0.0
-0.11749999999999972,0.2492814500715331,0.2492814500715331,0.0
-0.11249999999999893,0.213903189801295,0.213903189801295,0.0
-0.10749999999999993,0.2086959999779699,0.2086959999779699,0.0
-0.10249999999999915,0.204356675125199,0.204356675125199,0.0
-0.09750000000000014,0.20512243833451155,0.20512243833451155,0.0
-0.09249999999999936,0.3535273482992764,0.3535273482992764,0.0
-0.08750000000000036,0.4497582582695488,0.4497582582695488,0.0
-0.08249999999999957,0.3794101447740393,0.3794101447740393,0.0
-0.07750000000000057,0.2693444461555209,0.2693444461555209,0.0
-0.07249999999999979,0.2984944989900172,0.2984944989900172,0.0
-0.067499999999999,0.25576491191037903,0.25576491191037903,0.0
-0.0625,0.19756690800262805,0.19756690800262805,0.0
-0.05749999999999922,0.17137780624414012,0.17137780624414012,0.0
-0.05250000000000021,0.19098134440254044,0.19098134440254044,0.0
-0.04749999999999943,0.22590014674719106,0.22590014674719106,0.0
-0.042500000000000426,0.2759300097556085,0.2759300097556085,0.0
-0.037499999999999645,0.32958448528810524,0.32958448528810524,0.0
-0.03250000000000064,0.369353121291735,0.369353121291735,0.0
-0.027499999999999858,0.2915515792255837,0.2915515792255837,0.0
-0.022499999999999076,0.3328517416478386,0.3328517416478386,0.0
-0.01750000000000007,0.2030804031096782,0.2030804031096782,0.0
-0.01249999999999929,0.149272774935319,0.149272774935319,0.0
-0.007500000000000284,0.19884318001814888,0.19884318001814888,0.0
-0.0024999999999995026,0.19287022698551132,0.19287022698551132,0.0
0.0024999999999995026,0.19200236201495716,0.19200236201495716,0.0
0.007500000000000284,0.16826370252626924,0.16826370252626924,0.0
0.012500000000001066,0.16714058315261093,0.16714058315261093,0.0
0.01750000000000007,0.22579804498594935,0.22579804498594935,0.0
0.022500000000000853,0.33377065749901363,0.33377065749901363,0.0
0.027499999999999858,0.31003199801032577,0.31003199801032577,0.0
0.03250000000000064,0.2485667377428414,0.2485667377428414,0.0
0.037499999999999645,0.2842513032968045,0.2842513032968045,0.0
0.042500000000000426,0.2383055107380537,0.2383055107380537,0.0
0.04749999999999943,0.181587982368307,0.181587982368307,0.0
0.05250000000000021,0.13727581798942295,0.13727581798942295,0.0
0.057500000000000995,0.12829086300015619,0.12829086300015619,0.0
0.0625,0.10924888452858501,0.10924888452858501,0.0
0.06750000000000078,0.14789440115855643,0.14789440115855643,0.0
0.07249999999999979,0.2378971036930871,0.2378971036930871,0.0
0.07750000000000057,0.22350075535801187,0.22350075535801187,0.0
0.08249999999999957,0.17341984146897352,0.17341984146897352,0.0
0.08750000000000036,0.14232985517088553,0.14232985517088553,0.0
0.09249999999999936,0.15999345986569416,0.15999345986569416,0.0
0.09750000000000014,0.1848041878474195,0.1848041878474195,0.0
0.10250000000000092,0.2652603757058542,0.2652603757058542,0.0
0.10749999999999993,0.2885395772689546,0.2885395772689546,0.0
0.11250000000000071,0.2207440078044868,0.2207440078044868,0.0
0.11749999999999972,0.13559113892893543,0.13559113892893543,0.0
0.1225000000000005,0.15136586104077318,0.15136586104077318,0.0
0.1274999999999995,0.1418193463646772,0.1418193463646772,0.0
0.13250000000000028,0.11899960272716435,0.11899960272716435,0.0
0.13750000000000107,0.17413455379766518,0.17413455379766518,0.0
0.14250000000000007,0.20068101172049896,0.20068101172049896,0.0
0.14750000000000085,0.16627271818205677,0.16627271818205677,0.0
0.15249999999999986,0.16734478667509428,0.16734478667509428,0.0
0.15750000000000064,0.12002062033958102,0.12002062033958102,0.0
0.16249999999999964,0.07693367709559704,0.07693367709559704,0.0
0.16750000000000043,0.07509584539324701,0.07509584539324701,0.0
0.17249999999999943,0.11052515654410587,0.11052515654410587,0.0
0.1775000000000002,0.1313028649567854,0.1313028649567854,0.0
0.182500000000001,0.13993046378170634,0.13993046378170634,0.0
0.1875,0.14146199020033134,0.14146199020033134,0.0
0.19250000000000078,0.19828162033131974,0.19828162033131974,0.0
0.1974999999999998,0.19205341289557795,0.19205341289557795,0.0
0.20250000000000057,0.15172321720511903,0.15172321720511903,0.0
0.20749999999999957,0.18597835810169872,0.18597835810169872,0.0
0.21250000000000036,0.21466895301060757,0.21466895301060757,0.0
0.21749999999999936,0.221611872775041,0.221611872775041,0.0
0.22250000000000014,0.1674468884363359,0.1674468884363359,0.0
0.22750000000000092,0.1312007631955437,0.1312007631955437,0.0
0.23249999999999993,0.14493345008254813,0.14493345008254813,0.0
0.2375000000000007,0.14161514284219387,0.14161514284219387,0.0
0.24249999999999972,0.10700264578126831,0.10700264578126831,0.0
0.2475000000000005,0.1273208962683603,0.1273208962683603,0.0
0.2524999999999995,0.06396675341790517,0.06396675341790517,0.0
0.2575000000000003,0.05324606848753,0.05324606848753,0.0
0.26250000000000107,0.06085264970003428,0.06085264970003428,0.0
0.26750000000000007,0.06534512719466767,0.06534512719466767,0.0
0.27250000000000085,0.05804485126588841,0.05804485126588841,0.0
0.27749999999999986,0.05038721917276328,0.05038721917276328,0.0
0.28250000000000064,0.05824905478837175,0.05824905478837175,0.0
0.28749999999999964,0.0834681898150638,0.0834681898150638,0.0
0.2925000000000004,0.09342311153612645,0.09342311153612645,0.0
0.29749999999999943,0.11032095302162256,0.11032095302162256,0.0
0.3025000000000002,0.16320966534480671,0.16320966534480671,0.0
0.307500000000001,0.20098731700422395,0.20098731700422395,0.0
0.3125,0.19481016044910307,0.19481016044910307,0.0
0.3175000000000008,0.1713267553635193,0.1713267553635193,0.0
0.3224999999999998,0.2057860997825824,0.2057860997825824,0.0
0.32750000000000057,0.18521259489238623,0.18521259489238623,0.0
0.3324999999999996,0.15835983168582746,0.15835983168582746,0.0
0.33750000000000036,0.16193339332928586,0.16193339332928586,0.0
0.34249999999999936,0.11026990214100171,0.11026990214100171,0.0
0.34750000000000014,0.10736000194561418,0.10736000194561418,0.0
0.3525000000000009,0.09459728179040565,0.09459728179040565,0.0
0.35749999999999993,0.0675913659419844,0.0675913659419844,0.0
0.3625000000000007,0.048140980425446595,0.048140980425446595,0.0
0.3674999999999997,0.025474389429796233,0.025474389429796233,0.0
0.3725000000000005,0.027771679057733777,0.027771679057733777,0.0
0.3774999999999995,0.03583771819582556,0.03583771819582556,0.0
0.3825000000000003,0.02281974363751286,0.02281974363751286,0.0
0.38750000000000107,0.029047951073254627,0.029047951073254627,0.0
0.39250000000000007,0.02057350489019616,0.02057350489019616,0.0
0.39750000000000085,0.025423338549175403,0.025423338549175403,0.0
0.40249999999999986,0.03160049510429633,0.03160049510429633,0.0
0.40750000000000064,0.03762449901755476,0.03762449901755476,0.0
0.41249999999999964,0.05921902152016759,0.05921902152016759,0.0
0.4175000000000004,0.060801598819413466,0.060801598819413466,0.0
0.42249999999999943,0.07290065752655113,0.07290065752655113,0.0
0.4275000000000002,0.09087056750508476,0.09087056750508476,0.0
0.432500000000001,0.1018465068385641,0.1018465068385641,0.0
0.4375,0.12961818589629784,0.12961818589629784,0.0
0.4425000000000008,0.14687338354613982,0.14687338354613982,0.0
0.4474999999999998,0.17832072600857357,0.17832072600857357,0.0
0.45250000000000057,0.19230866729868218,0.19230866729868218,0.0
0.4574999999999996,0.2081344402911407,0.2081344402911407,0.0
0.46250000000000036,0.15912559489513997,0.15912559489513997,0.0
0.46749999999999936,0.16397542855411923,0.16397542855411923,0.0
0.47250000000000014,0.13457012131651877,0.13457012131651877,0.0
0.4775000000000009,0.09505673971599315,0.09505673971599315,0.0
0.48249999999999993,0.05120403326269664,0.05120403326269664,0.0
0.4875000000000007,0.04364850293081319,0.04364850293081319,0.0
0.4924999999999997,0.04033019569045897,0.04033019569045897,0.0
0.4975000000000005,0.06590668688149687,0.06590668688149687,0.0
0.5024999999999995,0.06248627787990098,0.06248627787990098,0.0
0.5075000000000003,0.030017917805050476,0.030017917805050476,0.0
0.5125000000000011,0.04053439921294231,0.04053439921294231,0.0
0.5175000000000001,0.04798782778358408,0.04798782778358408,0.0
0.5225000000000009,0.0468136575293049,0.0468136575293049,0.0
0.5274999999999999,0.036960837569483915,0.036960837569483915,0.0
0.5325000000000006,0.029609510760083797,0.029609510760083797,0.0
0.5374999999999996,0.035071954986513054,0.035071954986513054,0.0
0.5425000000000004,0.030324223088775477,0.030324223088775477,0.0
0.5474999999999994,0.03052842661125882,0.03052842661125882,0.0
0.5525000000000002,0.02588279647476291,0.02588279647476291,0.0
0.557500000000001,0.0358887690764464,0.0358887690764464,0.0
0.5625,0.03568456555396306,0.03568456555396306,0.0
0.5675000000000008,0.02639330528097125,0.02639330528097125,0.0
0.5724999999999998,0.020675606651437826,0.020675606651437826,0.0
0.5775000000000006,0.029303205476358795,0.029303205476358795,0.0
0.5824999999999996,0.041198060661013156,0.041198060661013156,0.0
0.5875000000000004,0.043189045005225676,0.043189045005225676,0.0
0.5924999999999994,0.04676260664868407,0.04676260664868407,0.0
0.5975000000000001,0.06177156555120931,0.06177156555120931,0.0
0.6025000000000009,0.06024003913258428,0.06024003913258428,0.0
0.6074999999999999,0.07392167513896782,0.07392167513896782,0.0
0.6125000000000007,0.09863030135945153,0.09863030135945153,0.0
0.6174999999999997,0.1129245479332851,0.1129245479332851,0.0
0.6225000000000005,0.09561829940282233,0.09561829940282233,0.0
0.6274999999999995,0.1025101682866349,0.1025101682866349,0.0
0.6325000000000003,0.11660021133798515,0.11660021133798515,0.0
0.6375000000000011,0.08576547944300134,0.08576547944300134,0.0
0.6425000000000001,0.06871448531564274,0.06871448531564274,0.0
0.6475000000000009,0.07014390997302611,0.07014390997302611,0.0
0.6524999999999999,0.05452234050305085,0.05452234050305085,0.0
0.6575000000000006,0.031038935417467158,0.031038935417467158,0.0
0.6624999999999996,0.04553738551378406,0.04553738551378406,0.0
0.6675000000000004,0.050080913889038285,0.050080913889038285,0.0
0.6724999999999994,0.05983163208761761,0.05983163208761761,0.0
0.6775000000000002,0.06881658707688441,0.06881658707688441,0.0
0.682500000000001,0.08020093345533043,0.08020093345533043,0.0
0.6875,0.06958235028619691,0.06958235028619691,0.0
0.6925000000000008,0.03731819373382975,0.03731819373382975,0.0
0.6974999999999998,0.028129035222079615,0.028129035222079615,0.0
0.7025000000000006,0.031855749507400506,0.031855749507400506,0.0
0.7074999999999996,0.04676260664868408,0.04676260664868408,0.0
0.7125000000000004,0.04997881212779661,0.04997881212779661,0.0
0.7174999999999994,0.03930917807804229,0.03930917807804229,0.0
0.7225000000000001,0.03241730919422968,0.03241730919422968,0.0
0.7275000000000009,0.023483405085583702,0.023483405085583702,0.0
0.7324999999999999,0.03420409001595888,0.03420409001595888,0.0
0.7375000000000007,0.046609454006821566,0.046609454006821566,0.0
0.7424999999999997,0.06269048140238431,0.06269048140238431,0.0
0.7475000000000005,0.06748926418074272,0.06748926418074272,0.0
0.7524999999999995,0.05498179842863836,0.05498179842863836,0.0
0.7575000000000003,0.07142018198854695,0.07142018198854695,0.0
0.7625000000000011,0.08009883169408875,0.08009883169408875,0.0
0.7675000000000001,0.06616194128460104,0.06616194128460104,0.0
0.7725000000000009,0.05018301565027995,0.05018301565027995,0.0
0.7774999999999999,0.030528426611258815,0.030528426611258815,0.0
0.7825000000000006,0.016744688843633598,0.016744688843633598,0.0
0.7874999999999996,0.017357299411083604,0.017357299411083604,0.0
0.7925000000000004,0.008066039138091794,0.008066039138091794,0.0
0.7974999999999994,0.008780751466783473,0.008780751466783473,0.0
0.8025000000000002,0.0018888825829708631,0.0018888825829708631,0.0
0.807500000000001,0.0,0.0,0.0
0.8125,0.0,0.0,0.0
0.8175000000000008,0.0,0.0,0.0
0.8224999999999998,0.0,0.0,0.0
0.8275000000000006,0.0,0.0,0.0
0.8324999999999996,0.0,0.0,0.0
0.8375000000000004,0.0,0.0,0.0
0.8424999999999994,0.0,0.0,0.0
0.8475000000000001,0.0,0.0,0.0
0.8525000000000009,0.0,0.0,0.0
0.8574999999999999,0.0,0.0,0.0
0.8625000000000007,0.0,0.0,0.0
0.8674999999999997,0.0,0.0,0.0
0.8725000000000005,0.0,0.0,0.0
0.8774999999999995,0.0,0.0,0.0
0.8825000000000003,0.0,0.0,0.0
0.8875000000000011,0.0,0.0,0.0
0.8925000000000001,0.0,0.0,0.0
0.8975000000000009,0.0,0.0,0.0
0.9024999999999999,0.0,0.0,0.0
0.9075000000000006,0.0,0.0,0.0
0.9124999999999996,0.0,0.0,0.0
0.9175000000000004,0.0,0.0,0.0
0.9224999999999994,0.0,0.0,0.0
0.9275000000000002,0.0,0.0,0.0
0.932500000000001,0.0,0.0,0.0
0.9375,0.0,0.0,0.0
0.9425000000000008,0.0,0.0,0.0
0.9474999999999998,0.0,0.0,0.0
0.9525000000000006,0.0,0.0,0.0
0.9574999999999996,0.0,0.0,0.0
0.9625000000000004,0.0,0.0,0.0
0.9674999999999994,0.0026546457922833754,0.0026546457922833754,0.0
0.9725000000000001,0.007708682973745955,0.007708682973745955,0.0
0.9775000000000009,0.01771465557542945,0.01771465557542945,0.0
0.9824999999999999,0.033285174164783854,0.033285174164783854,0.0
0.9875000000000007,0.04063650097418397,0.04063650097418397,0.0
0.9924999999999997,0.048294133067309106,0.048294133067309106,0.0
0.9975000000000005,0.04614999608123406,0.04614999608123406,0.0
1.0024999999999995,0.04798782778358408,0.04798782778358408,0.0
1.0075000000000003,0.04518002934943821,0.04518002934943821,0.0
1.012500000000001,0.042576434437775666,0.042576434437775666,0.0
1.0175,0.05329711936815083,0.05329711936815083,0.0
1.0225000000000009,0.06672350097143022,0.06672350097143022,0.0
1.0274999999999999,0.09413782386481814,0.09413782386481814,0.0
1.0325000000000006,0.0994981663300057,0.0994981663300057,0.0
1.0374999999999996,0.116957567502331,0.116957567502331,0.0
1.0425000000000004,0.11884645008530186,0.11884645008530186,0.0
1.0474999999999994,0.13457012131651877,0.13457012131651877,0.0
1.0525000000000002,0.12772930331332696,0.12772930331332696,0.0
1.057500000000001,0.10572637376574749,0.10572637376574749,0.0
1.0625,0.0833150371732013,0.0833150371732013,0.0
1.0675000000000008,0.07433008218393451,0.07433008218393451,0.0
1.0724999999999998,0.06463041486597601,0.06463041486597601,0.0
1.0775000000000006,0.0706033678986136,0.0706033678986136,0.0
1.0824999999999996,0.06493672014970103,0.06493672014970103,0.0
1.0875000000000004,0.07494269275138452,0.07494269275138452,0.0
1.0924999999999994,0.06896973971874691,0.06896973971874691,0.0
1.0975000000000001,0.05952532680389259,0.05952532680389259,0.0
1.102500000000001,0.05237820351697582,0.05237820351697582,0.0
1.1075,0.05988268296823844,0.05988268296823844,0.0
1.1125000000000007,0.07371747161648448,0.07371747161648448,0.0
1.1174999999999997,0.06514092367218437,0.06514092367218437,0.0
1.1225000000000005,0.06570248335901352,0.06570248335901352,0.0
1.1274999999999995,0.05528810371236337,0.05528810371236337,0.0
1.1325000000000003,0.06570248335901353,0.06570248335901353,0.0
1.137500000000001,0.07422798042269282,0.07422798042269282,0.0
1.1425,0.0653451271946677,0.0653451271946677,0.0
1.1475000000000009,0.03063052837250049,0.03063052837250049,0.0
1.1524999999999999,0.027261170251525434,0.027261170251525434,0.0
1.1575000000000006,0.015570518589354414,0.015570518589354414,0.0
1.1624999999999996,0.01567262035059608,0.01567262035059608,0.0
1.1675000000000004,0.013732686887004384,0.013732686887004384,0.0
1.1724999999999994,0.014090043051350224,0.014090043051350224,0.0
1.1775000000000002,0.011180142855962676,0.011180142855962676,0.0
1.182500000000001,0.006738716241950106,0.006738716241950106,0.0
1.1875,0.00689186888381261,0.00689186888381261,0.0
1.1925000000000008,0.007402377690020949,0.007402377690020949,0.0
1.1974999999999998,0.00505403718146258,0.00505403718146258,0.0
1.2025000000000006,0.004339324852770902,0.004339324852770902,0.0
1.2074999999999996,0.003930917807804229,0.003930917807804229,0.0
1.2125000000000004,0.001735729941108361,0.001735729941108361,0.0
