omega,S,S_edge,S_cont
-1.507765954503183,0,0,0
-1.507741818323206,24.405213381409148,24.405213381409148,0.0
-1.5076691697996745,12.142242146744481,12.142242146744481,0.0
-1.5075478148383155,8.086593265092608,8.086593265092608,0.0
-1.5073778095360868,6.062498437927646,6.062498437927646,0.0
-1.5071590941871897,4.846036284796617,4.846036284796617,0.0
-1.5068919069072884,4.044702015467651,4.044702015467651,0.0
-1.5065766179532227,3.472051627340326,3.472051627340326,0.0
-1.506213367351036,3.0426652443835356,3.0426652443835356,0.0
-1.5058022505814261,2.7080142153917173,2.7080142153917173,0.0
-1.5053436621055865,2.4434960110391173,2.4434960110391173,0.0
-1.5048378732749779,2.2251688843283004,2.2251688843283004,0.0
-1.5042845671321436,2.041159613038932,2.041159613038932,0.0
-1.5036836152509958,1.8857605908111246,1.8857605908111246,0.0
-1.503035189572702,1.7528127019649606,1.7528127019649606,0.0
-1.5023395461696352,1.6381376588778949,1.6381376588778949,0.0
-1.5015968234107353,1.5374302569545475,1.5374302569545475,0.0
-1.5008068733762197,1.4479641761122721,1.4479641761122721,0.0
-1.4999697809922405,1.3689865869871694,1.3689865869871694,0.0
-1.4990856319826684,1.297840628492057,1.297840628492057,0.0
-1.4981545158417575,1.2342612781803728,1.2342612781803728,0.0
-1.4971765291356425,1.1763590796740926,1.1763590796740926,0.0
-1.496151498163114,1.1235121227171292,1.1235121227171292,0.0
-1.4950792625598095,1.075017236926263,1.075017236926263,0.0
-1.4939596480270052,1.0303977418003947,1.0303977418003947,0.0
-1.49279278884533,0.9896848614117293,0.9896848614117293,0.0
-1.4915787225951276,0.9518005988378403,0.9518005988378403,0.0
-1.4903174444782121,0.9169500009360764,0.9169500009360764,0.0
-1.489008942627612,0.88432206880854,0.88432206880854,0.0
-1.487653202743411,0.8541418076219198,0.8541418076219198,0.0
-1.4862501605999383,0.825687099529131,0.825687099529131,0.0
-1.4847996437472917,0.7991296839128083,0.7991296839128083,0.0
-1.4833015424287617,0.7740570519821631,0.7740570519821631,0.0
-1.4817556728048882,0.7504941945976249,0.7504941945976249,0.0
-1.4801619181972165,0.7282331947747264,0.7282331947747264,0.0
-1.4785201829982095,0.7072587323287736,0.7072587323287736,0.0
-1.4768304790363507,0.6874643836099865,0.6874643836099865,0.0
-1.4750927275171013,0.6686826145002726,0.6686826145002726,0.0
-1.473306771876139,0.6508490090975807,0.6508490090975807,0.0
-1.4714722884911686,0.6337693680781922,0.6337693680781922,0.0
-1.4695891982556377,0.6176758227845327,0.6176758227845327,0.0
-1.4676575991918854,0.6023326439054058,0.6023326439054058,0.0
-1.4656773420709692,0.587690226452539,0.587690226452539,0.0
-1.4636481354898017,0.5736209907718872,0.5736209907718872,0.0
-1.4615699207388482,0.5602945393446644,0.5602945393446644,0.0
-1.4594425181342339,0.5474007226000956,0.5474007226000956,0.0
-1.4572652924692928,0.5349430658054236,0.5349430658054236,0.0
-1.455037858291464,0.5229983583446484,0.5229983583446484,0.0
-1.4527600863042682,0.511557638844473,0.511557638844473,0.0
-1.4504318049973959,0.500550812337414,0.500550812337414,0.0
-1.4480526660908373,0.4899193038359995,0.4899193038359995,0.0
-1.4456224208971336,0.479717564671184,0.479717564671184,0.0
-1.4431407814731472,0.46983604855844646,0.46983604855844646,0.0
-1.4406074292362163,0.4603309142498836,0.4603309142498836,0.0
-1.438022242517262,0.4511823045787817,0.4511823045787817,0.0
-1.4353848819287442,0.442297158062244,0.442297158062244,0.0
-1.4326949061951673,0.4337037752306821,0.4337037752306821,0.0
-1.4299519732089623,0.42538231844436447,0.42538231844436447,0.0
-1.427155732900399,0.4173242050599203,0.4173242050599203,0.0
-1.4243057004017947,0.4094757780729376,0.4094757780729376,0.0
-1.4214013947840392,0.4018718459128293,0.4018718459128293,0.0
-1.4184426473499978,0.3945442121990111,0.3945442121990111,0.0
-1.415429378618239,0.38745968372056805,0.38745968372056805,0.0
-1.4123611579344284,0.38053784490474496,0.38053784490474496,0.0
-1.4092371816402438,0.37375250542129035,0.37375250542129035,0.0
-1.4060569889669114,0.3672021753805314,0.3672021753805314,0.0
-1.402820177345261,0.3607911435981149,0.3607911435981149,0.0
-1.3995260602438133,0.3545369827921772,0.3545369827921772,0.0
-1.3961742553907412,0.3484781435629639,0.3484781435629639,0.0
-1.392764357264472,0.3425593212714877,0.3425593212714877,0.0
-1.3892959383153438,0.3368173195968358,0.3368173195968358,0.0
-1.3857683028069303,0.33115526177826105,0.33115526177826105,0.0
-1.3821805397044935,0.3256221410502124,0.3256221410502124,0.0
-1.3785319951943138,0.32021341102822953,0.32021341102822953,0.0
-1.3748222077148724,0.31495928758763087,0.31495928758763087,0.0
-1.3710505768481325,0.30979837500613633,0.30979837500613633,0.0
-1.3672165374314753,0.3047886958362443,0.3047886958362443,0.0
-1.3633193765030147,0.2998442939864915,0.2998442939864915,0.0
-1.3593583848219486,0.29504408307456526,0.29504408307456526,0.0
-1.3553327396391062,0.2902906352937509,0.2902906352937509,0.0
-1.3512414634410423,0.2856536700351308,0.2856536700351308,0.0
-1.3470840825397334,0.28113212748222915,0.28113212748222915,0.0
-1.3428597469682506,0.27667044444132677,0.27667044444132677,0.0
-1.3385672846265715,0.27227910733468047,0.27227910733468047,0.0
-1.334205920278618,0.267997351644344,0.267997351644344,0.0
-1.329775169443288,0.26381771127341613,0.26381771127341613,0.0
-1.325274126302098,0.2596922280452311,0.2596922280452311,0.0
-1.3207020090929846,0.25567893836228883,0.25567893836228883,0.0
-1.3160577450688606,0.2516867847799169,0.2516867847799169,0.0
-1.311339915664367,0.24776739082662683,0.24776739082662683,0.0
-1.3065475370077615,0.243917248979563,0.243917248979563,0.0
-1.301679631841278,0.2401386223701104,0.2401386223701104,0.0
-1.2967354761183663,0.23645144874807933,0.23645144874807933,0.0
-1.2917139010550431,0.23279133300835247,0.23279133300835247,0.0
-1.2866134574581087,0.22919539504569703,0.22919539504569703,0.0
-1.2814333490626497,0.2256859634104008,0.2256859634104008,0.0
-1.2761723871259374,0.22220490798520265,0.22220490798520265,0.0
-1.2708293170671432,0.21880273363948047,0.21880273363948047,0.0
-1.2654028373925346,0.21542665065129865,0.21542665065129865,0.0
-1.2598914850002412,0.21211556544387702,0.21211556544387702,0.0
-1.254294092733424,0.20885472916293868,0.20885472916293868,0.0
-1.2486091161634327,0.20563019829055307,0.20563019829055307,0.0
-1.242834596404054,0.20242790943688935,0.20242790943688935,0.0
-1.2369686251880312,0.1992686141268097,0.1992686141268097,0.0
-1.2310095117773843,0.19614945400950498,0.19614945400950498,0.0
-1.2249559284200444,0.19309757574822023,0.19309757574822023,0.0
-1.2188065474624632,0.19008572083051284,0.19008572083051284,0.0
-1.2125594000751991,0.18710115764227003,0.18710115764227003,0.0
-1.2062121242087942,0.18413602541114557,0.18413602541114557,0.0
-1.1997624141877412,0.1812053785608104,0.1812053785608104,0.0
-1.1932085734241107,0.17833113844628473,0.17833113844628473,0.0
-1.1865490057868344,0.1754974804047106,0.1754974804047106,0.0
-1.1797812995265786,0.17267794629679326,0.17267794629679326,0.0
-1.17290313115475,0.16990581314878747,0.16990581314878747,0.0
-1.1659123027492668,0.1671574103634547,0.1671574103634547,0.0
-1.158805608138779,0.16441110017236746,0.16441110017236746,0.0
-1.1515798751495252,0.16169531924047773,0.16169531924047773,0.0
-1.1442324680534603,0.15901095778608906,0.15901095778608906,0.0
-1.1367609305574093,0.15636724529551577,0.15636724529551577,0.0
-1.129162377150693,0.15373963183192443,0.15373963183192443,0.0
-1.121433594083575,0.15114219734400777,0.15114219734400777,0.0
-1.113571473979949,0.1485693442870496,0.1485693442870496,0.0
-1.1055726547301323,0.14602049647812074,0.14602049647812074,0.0
-1.0974341781384545,0.14351416455939733,0.14351416455939733,0.0
-1.0891528550707208,0.14102666988317428,0.14102666988317428,0.0
-1.0807246322010475,0.1385552368445954,0.1385552368445954,0.0
-1.072145637094641,0.13611338093612743,0.13611338093612743,0.0
-1.0634110672106147,0.13366392666225774,0.13366392666225774,0.0
-1.0545165190232444,0.13126109067747593,0.13126109067747593,0.0
-1.0454575454752146,0.12885622747989506,0.12885622747989506,0.0
-1.0362294147991342,0.1264930301149386,0.1264930301149386,0.0
-1.0268273452301382,0.1241330067262716,0.1241330067262716,0.0
-1.017245868231503,0.12180052207567792,0.12180052207567792,0.0
-1.0074797951729901,0.1194849464600704,0.1194849464600704,0.0
-0.9975229624335512,0.11717849476498422,0.11717849476498422,0.0
-0.9873695384211125,0.11490292247464184,0.11490292247464184,0.0
-0.9770138937167265,0.11264699488656317,0.11264699488656317,0.0
-0.9664485440254338,0.11038739815640715,0.11038739815640715,0.0
-0.9556651094832365,0.10813707743917371,0.10813707743917371,0.0
-0.9446560739798749,0.10590979672798688,0.10590979672798688,0.0
-0.933413796364472,0.10369694023399528,0.10369694023399528,0.0
-0.9219319557422594,0.10153632633002709,0.10153632633002709,0.0
-0.9102027016743466,0.09936892590104694,0.09936892590104694,0.0
-0.8982163202276428,0.09722703680257405,0.09722703680257405,0.0
-0.8859642170763922,0.09510574997286522,0.09510574997286522,0.0
-0.8734358776165181,0.09298728685718466,0.09298728685718466,0.0
-0.8606202489625645,0.09088984991298733,0.09088984991298733,0.0
-0.8475065117463667,0.08880802950277901,0.08880802950277901,0.0
-0.8340812633048451,0.08672149491745446,0.08672149491745446,0.0
-0.8203317339186522,0.08466855995520366,0.08466855995520366,0.0
-0.8062468306784187,0.08264111160386364,0.08264111160386364,0.0
-0.7918125035230689,0.08061941524723851,0.08061941524723851,0.0
-0.7770116969612563,0.0785998558988959,0.0785998558988959,0.0
-0.7618277413151147,0.07660244229598404,0.07660244229598404,0.0
-0.7462469000354615,0.07464667704862514,0.07464667704862514,0.0
-0.7302526353989471,0.0726941593359735,0.0726941593359735,0.0
-0.7138253857039988,0.07076388685510915,0.07076388685510915,0.0
-0.6969460516402093,0.06885276199441248,0.06885276199441248,0.0
-0.6795945669254544,0.06696555753064921,0.06696555753064921,0.0
-0.6617519081484583,0.0651143891193827,0.0651143891193827,0.0
-0.6433983827264468,0.0632898419160658,0.0632898419160658,0.0
-0.6245131275362806,0.06149955185053525,0.06149955185053525,0.0
-0.6050712068046956,0.0597180758200394,0.0597180758200394,0.0
-0.5850506074025246,0.05799563653923376,0.05799563653923376,0.0
-0.5644282745550164,0.05628449267837844,0.05628449267837844,0.0
-0.5431749531307452,0.05460340566482472,0.05460340566482472,0.0
-0.5212663826198688,0.05296815402283396,0.05296815402283396,0.0
-0.4986762423099624,0.051358576039925385,0.051358576039925385,0.0
-0.475378409208315,0.049799097829425695,0.049799097829425695,0.0
-0.45135140008021774,0.0482885744823661,0.0482885744823661,0.0
-0.4265705984541586,0.04681568389891409,0.04681568389891409,0.0
-0.40100824761634024,0.04538104541140474,0.04538104541140474,0.0
-0.37463697672170704,0.043987699063903464,0.043987699063903464,0.0
-0.3474269431312398,0.042626546489116485,0.042626546489116485,0.0
-0.31935097661411993,0.041316028401253986,0.041316028401253986,0.0
-0.2903724642184703,0.040013174120075344,0.040013174120075344,0.0
-0.2604460830774933,0.03874041934653717,0.03874041934653717,0.0
-0.2295322757846548,0.03749801881377918,0.03749801881377918,0.0
-0.19758812346578708,0.036281835088497846,0.036281835088497846,0.0
-0.16455706143313853,0.035071388554132624,0.035071388554132624,0.0
-0.130375954411839,0.033881790640957435,0.033881790640957435,0.0
-0.09498668220637738,0.032717892605017666,0.032717892605017666,0.0
-0.058326446878450525,0.03157359709653344,0.03157359709653344,0.0
-0.020321480907752456,0.030443993943560337,0.030443993943560337,0.0
0.01910938381483987,0.029331780724366378,0.029331780724366378,0.0
0.06005244998109137,0.028237105846780592,0.028237105846780592,0.0
0.10259142095400446,0.02717243202843155,0.02717243202843155,0.0
0.14680561807688086,0.026138087260502398,0.026138087260502398,0.0
0.19282277523759914,0.0250860414956335,0.0250860414956335,0.0
0.24081702882157707,0.024029929953596547,0.024029929953596547,0.0
0.2909689022306675,0.02297493471132269,0.02297493471132269,0.0
0.34349787222697364,0.02190568307504361,0.02190568307504361,0.0
0.3986897558772401,0.020813214939021635,0.020813214939021635,0.0
0.45692450209511215,0.019678849791851465,0.019678849791851465,0.0
0.5187534699025109,0.01846785583214171,0.01846785583214171,0.0
0.5850203875432489,0.017137938339798285,0.017137938339798285,0.0
0.6568516317033983,0.01572464714990405,0.01572464714990405,0.0
0.735932337308846,0.014152850616104022,0.014152850616104022,0.0
0.8254980145975226,0.012285876746552776,0.012285876746552776,0.0
0.9361155604204965,0.009398857908551012,0.009398857908551012,0.0
0.9987879221349777,0,0,0
