omega,S,S_edge,S_cont,Sr,Sr_edge,Sr_cont
-1.0325000000000006,0.0,0.0,0.0
-1.0274999999999999,0.004325973083993146,0.004325973083993146,0.0
-1.022499999999999,1.4237258083097433,1.4237258083097433,0.0
-1.0175,5.216803096845014,5.216803096845014,0.0
-1.0124999999999993,7.190568371723178,7.190568371723178,0.0
-1.0075000000000003,5.800008357057411,5.800008357057411,0.0
-1.0024999999999995,4.225594486321938,4.225594486321938,0.0
-0.9975000000000005,3.5975272830162814,3.5975272830162814,0.0
-0.9924999999999997,3.1966270736953697,3.1966270736953697,0.0
-0.9874999999999989,2.9315944634569058,2.9315944634569058,0.0
-0.9824999999999999,2.7319321131543366,2.7319321131543366,0.0
-0.9774999999999991,2.565889516634157,2.565889516634157,0.0
-0.9725000000000001,2.4007014333157524,2.4007014333157524,0.0
-0.9674999999999994,2.338856040337184,2.338856040337184,0.0
-0.9625000000000004,2.255113746563094,2.255113746563094,0.0
-0.9574999999999996,2.0802856861871497,2.0802856861871497,0.0
-0.9525000000000006,2.1120361923406548,2.1120361923406548,0.0
-0.9474999999999998,1.972937465213986,1.972937465213986,0.0
-0.942499999999999,1.9840194332995245,1.9840194332995245,0.0
-0.9375,1.8563765237841712,1.8563765237841712,0.0
-0.9324999999999992,1.8735201948948104,1.8735201948948104,0.0
-0.9275000000000002,1.8146121910473478,1.8146121910473478,0.0
-0.9224999999999994,1.723579831520603,1.723579831520603,0.0
-0.9175000000000004,1.7683883675387548,1.7683883675387548,0.0
-0.9124999999999996,1.679385476866229,1.679385476866229,0.0
-0.9075000000000006,1.6524416074727162,1.6524416074727162,0.0
-0.9024999999999999,1.641092604011623,1.641092604011623,0.0
-0.8974999999999991,1.6465134221353923,1.6465134221353923,0.0
-0.8925000000000001,1.5633586061875238,1.5633586061875238,0.0
-0.8874999999999993,1.5234101140044758,1.5234101140044758,0.0
-0.8825000000000003,1.5102719735271632,1.5102719735271632,0.0
-0.8774999999999995,1.5294451134920222,1.5294451134920222,0.0
-0.8725000000000005,1.525599804084028,1.525599804084028,0.0
-0.8674999999999997,1.4724864678861123,1.4724864678861123,0.0
-0.8624999999999989,1.4474652531965961,1.4474652531965961,0.0
-0.8574999999999999,1.4474652531965964,1.4474652531965964,0.0
-0.8524999999999991,1.4291466264335142,1.4291466264335142,0.0
-0.8475000000000001,1.403804969293332,1.403804969293332,0.0
-0.8424999999999994,1.389385059013355,1.389385059013355,0.0
-0.8375000000000004,1.3644973620116165,1.3644973620116165,0.0
-0.8324999999999996,1.3504513012574166,1.3504513012574166,0.0
-0.8275000000000006,1.3356041343765512,1.3356041343765512,0.0
-0.8224999999999998,1.316190662573693,1.316190662573693,0.0
-0.817499999999999,1.2960294917192805,1.2960294917192805,0.0
-0.8125,1.2831583866175233,1.2831583866175233,0.0
-0.8074999999999992,1.2660948261195502,1.2660948261195502,0.0
-0.8025000000000002,1.2543719731326797,1.2543719731326797,0.0
-0.7974999999999994,1.2548793403462346,1.2548793403462346,0.0
-0.7925000000000004,1.2635846935893318,1.2635846935893318,0.0
-0.7874999999999996,1.2452126597511386,1.2452126597511386,0.0
-0.7825000000000006,1.2287365770793872,1.2287365770793872,0.0
-0.7774999999999999,1.222808391742063,1.222808391742063,0.0
-0.7724999999999991,1.231807483898271,1.231807483898271,0.0
-0.7675000000000001,1.2095901406520841,1.2095901406520841,0.0
-0.7624999999999993,1.142430743699968,1.142430743699968,0.0
-0.7575000000000003,1.1250734442888846,1.1250734442888846,0.0
-0.7524999999999995,1.1551416275763926,1.1551416275763926,0.0
-0.7475000000000005,1.1432852569017449,1.1432852569017449,0.0
-0.7424999999999997,1.1651821576972656,1.1651821576972656,0.0
-0.7374999999999989,1.1374638857146429,1.1374638857146429,0.0
-0.7324999999999999,1.1055798618733597,1.1055798618733597,0.0
-0.7274999999999991,1.0992244199351475,1.0992244199351475,0.0
-0.7225000000000001,1.0803717224209557,1.0803717224209557,0.0
-0.7174999999999994,1.084457363666949,1.084457363666949,0.0
-0.7125000000000004,1.12301727189711,1.12301727189711,0.0
-0.7074999999999996,1.0531341141143318,1.0531341141143318,0.0
-0.7025000000000006,1.0235465945028233,1.0235465945028233,0.0
-0.6974999999999998,1.0469655969390081,1.0469655969390081,0.0
-0.692499999999999,1.0689693118847512,1.0689693118847512,0.0
-0.6875,1.0541488485414414,1.0541488485414414,0.0
-0.6824999999999992,0.9649323295684712,0.9649323295684712,0.0
-0.6775000000000002,0.999753742540861,0.999753742540861,0.0
-0.6724999999999994,1.056578870458993,1.056578870458993,0.0
-0.6675000000000004,1.0136395820697277,1.0136395820697277,0.0
-0.6624999999999996,0.900122843921241,0.900122843921241,0.0
-0.6575000000000006,0.9897132124199877,0.9897132124199877,0.0
-0.6524999999999999,1.0514517912483348,1.0514517912483348,0.0
-0.6474999999999991,0.9080804981127838,0.9080804981127838,0.0
-0.6425000000000001,0.9140620905252188,0.9140620905252188,0.0
-0.6374999999999993,0.9711275502813504,0.9711275502813504,0.0
-0.6325000000000003,0.9765216648675643,0.9765216648675643,0.0
-0.6274999999999995,0.8676513422537366,0.8676513422537366,0.0
-0.6225000000000005,0.9012176889610168,0.9012176889610168,0.0
-0.6174999999999997,0.9875502258779911,0.9875502258779911,0.0
-0.6124999999999989,0.8387848181562269,0.8387848181562269,0.0
-0.6074999999999999,0.8755021822950577,0.8755021822950577,0.0
-0.6024999999999991,0.9492306494858296,0.9492306494858296,0.0
-0.5975000000000001,0.830266389676018,0.830266389676018,0.0
-0.5924999999999994,0.8481577598382121,0.8481577598382121,0.0
-0.5875000000000004,0.9144359400509959,0.9144359400509959,0.0
-0.5824999999999996,0.8170214350484838,0.8170214350484838,0.0
-0.5775000000000006,0.8113869886242703,0.8113869886242703,0.0
-0.5724999999999998,0.8752618504570578,0.8752618504570578,0.0
-0.567499999999999,0.8112267673989371,0.8112267673989371,0.0
-0.5625,0.7923206628096338,0.7923206628096338,0.0
-0.5574999999999992,0.8879994378710376,0.8879994378710376,0.0
-0.5525000000000002,0.7143730366850904,0.7143730366850904,0.0
-0.5474999999999994,0.8384910792431163,0.8384910792431163,0.0
-0.5425000000000004,0.8200389347922566,0.8200389347922566,0.0
-0.5374999999999996,0.6817680173298089,0.6817680173298089,0.0
-0.5325000000000006,0.9173733291821023,0.9173733291821023,0.0
-0.5274999999999999,0.5968240643657212,0.5968240643657212,0.0
-0.5224999999999991,0.8886670263099257,0.8886670263099257,0.0
-0.5175000000000001,0.6393895032292094,0.6393895032292094,0.0
-0.5124999999999993,0.8285039561973543,0.8285039561973543,0.0
-0.5075000000000003,0.7185120850061952,0.7185120850061952,0.0
-0.5024999999999995,0.7015019315833332,0.7015019315833332,0.0
-0.4975000000000005,0.790611636406081,0.790611636406081,0.0
-0.4924999999999997,0.6275331325545614,0.6275331325545614,0.0
-0.48749999999999893,0.8009459054400645,0.8009459054400645,0.0
-0.48249999999999993,0.5986666084570517,0.5986666084570517,0.0
-0.47749999999999915,0.7938427644502982,0.7938427644502982,0.0
-0.47250000000000014,0.5787724729781942,0.5787724729781942,0.0
-0.46749999999999936,0.7875941366623079,0.7875941366623079,0.0
-0.46250000000000036,0.5680643544184335,0.5680643544184335,0.0
-0.4574999999999996,0.7671392268947849,0.7671392268947849,0.0
-0.45250000000000057,0.5645928945362167,0.5645928945362167,0.0
-0.4474999999999998,0.7512239185116989,0.7512239185116989,0.0
-0.442499999999999,0.5535643335257897,0.5535643335257897,0.0
-0.4375,0.7365102693186111,0.7365102693186111,0.0
-0.4324999999999992,0.5431766574166951,0.5431766574166951,0.0
-0.4275000000000002,0.7254817083081841,0.7254817083081841,0.0
-0.42249999999999943,0.5224814158111722,0.5224814158111722,0.0
-0.4175000000000004,0.7234255359164096,0.7234255359164096,0.0
-0.41249999999999964,0.512894845828743,0.512894845828743,0.0
-0.40750000000000064,0.6799254732384785,0.6799254732384785,0.0
-0.40249999999999986,0.5225882299613944,0.5225882299613944,0.0
-0.3974999999999991,0.6398167598300976,0.6398167598300976,0.0
-0.39250000000000007,0.5500661701060174,0.5500661701060174,0.0
-0.3874999999999993,0.6111371604954763,0.6111371604954763,0.0
-0.3825000000000003,0.5862761670312936,0.5862761670312936,0.0
-0.3774999999999995,0.5385569454195913,0.5385569454195913,0.0
-0.3725000000000005,0.581255901970857,0.581255901970857,0.0
-0.3674999999999997,0.5041360855105347,0.5041360855105347,0.0
-0.36249999999999893,0.6499641041011925,0.6499641041011925,0.0
-0.35749999999999993,0.4496074618221767,0.4496074618221767,0.0
-0.35249999999999915,0.6226196816443471,0.6226196816443471,0.0
-0.34750000000000014,0.45235792619039444,0.45235792619039444,0.0
-0.34249999999999936,0.5527899309366798,0.5527899309366798,0.0
-0.33750000000000036,0.6149290628283592,0.6149290628283592,0.0
-0.3324999999999996,0.3822878436447277,0.3822878436447277,0.0
-0.32750000000000057,0.6443029541394238,0.6443029541394238,0.0
-0.3224999999999998,0.3910466039629361,0.3910466039629361,0.0
-0.317499999999999,0.503842346597424,0.503842346597424,0.0
-0.3125,0.6626215809025059,0.6626215809025059,0.0
-0.3074999999999992,0.2561937393075941,0.2561937393075941,0.0
-0.3025000000000002,0.645451206254311,0.645451206254311,0.0
-0.29749999999999943,0.49372170586388453,0.49372170586388453,0.0
-0.2925000000000004,0.2826035379499967,0.2826035379499967,0.0
-0.28749999999999964,0.6968021089735628,0.6968021089735628,0.0
-0.28250000000000064,0.37112576494652316,0.37112576494652316,0.0
-0.27749999999999986,0.3684821147285273,0.3684821147285273,0.0
-0.2724999999999991,0.6665202973856109,0.6665202973856109,0.0
-0.26750000000000007,0.3054350625599606,0.3054350625599606,0.0
-0.2624999999999993,0.4121691021693471,0.4121691021693471,0.0
-0.2575000000000003,0.64176611807165,0.64176611807165,0.0
-0.2524999999999995,0.2783309719411146,0.2783309719411146,0.0
-0.2475000000000005,0.3937970683311539,0.3937970683311539,0.0
-0.24249999999999972,0.6303370039978904,0.6303370039978904,0.0
-0.23749999999999893,0.29881258524619325,0.29881258524619325,0.0
-0.23249999999999993,0.331631232901919,0.331631232901919,0.0
-0.22749999999999915,0.6286279775943376,0.6286279775943376,0.0
-0.22250000000000014,0.358681916445654,0.358681916445654,0.0
-0.21749999999999936,0.24877015586716142,0.24877015586716142,0.0
-0.21250000000000036,0.5961297723892779,0.5961297723892779,0.0
-0.20749999999999957,0.43873912203708276,0.43873912203708276,0.0
-0.20250000000000057,0.2013179696310143,0.2013179696310143,0.0
-0.1974999999999998,0.48565723752211953,0.48565723752211953,0.0
-0.192499999999999,0.549265063979352,0.549265063979352,0.0
-0.1875,0.20788703986967058,0.20788703986967058,0.0
-0.18249999999999922,0.3862666707404992,0.3862666707404992,0.0
-0.1775000000000002,0.5345781183238199,0.5345781183238199,0.0
-0.17249999999999943,0.30984114625662024,0.30984114625662024,0.0
-0.16750000000000043,0.29325824943464646,0.29325824943464646,0.0
-0.16249999999999964,0.41251624815756865,0.41251624815756865,0.0
-0.15750000000000064,0.5020799131187601,0.5020799131187601,0.0
-0.15249999999999986,0.23095889631763408,0.23095889631763408,0.0
-0.14749999999999908,0.3702979552823022,0.3702979552823022,0.0
-0.14250000000000007,0.48004949463546176,0.48004949463546176,0.0
-0.1374999999999993,0.3217242204688236,0.3217242204688236,0.0
-0.13250000000000028,0.2801468124948895,0.2801468124948895,0.0
-0.1274999999999995,0.3976690812767033,0.3976690812767033,0.0
-0.1225000000000005,0.43593525059375376,0.43593525059375376,0.0
-0.11749999999999972,0.2490371912427165,0.2490371912427165,0.0
-0.11249999999999893,0.3397491083187951,0.3397491083187951,0.0
-0.10749999999999993,0.4476581035806241,0.4476581035806241,0.0
-0.10249999999999915,0.3460244396443407,0.3460244396443407,0.0
-0.09750000000000014,0.21798097706565459,0.21798097706565459,0.0
-0.09249999999999936,0.4044517798158037,0.4044517798158037,0.0
-0.08750000000000036,0.4230374419544409,0.4230374419544409,0.0
-0.08249999999999957,0.2882646879117655,0.2882646879117655,0.0
-0.07750000000000057,0.2120794952658862,0.2120794952658862,0.0
-0.07249999999999979,0.4502750502610644,0.4502750502610644,0.0
-0.067499999999999,0.41120777481734855,0.41120777481734855,0.0
-0.0625,0.24324252359317014,0.24324252359317014,0.0
-0.05749999999999922,0.19648462933346644,0.19648462933346644,0.0
-0.05250000000000021,0.4534260676926151,0.4534260676926151,0.0
-0.04749999999999943,0.44589567010196024,0.44589567010196024,0.0
-0.042500000000000426,0.21637876481232377,0.21637876481232377,0.0
-0.037499999999999645,0.12919171469357305,0.12919171469357305,0.0
-0.03250000000000064,0.44987449719773176,0.44987449719773176,0.0
-0.027499999999999858,0.5163396021734044,0.5163396021734044,0.0
-0.022499999999999076,0.23619278967851462,0.23619278967851462,0.0
-0.01750000000000007,0.05759953050724207,0.05759953050724207,0.0
-0.01249999999999929,0.362794261229203,0.362794261229203,0.0
-0.007500000000000284,0.5727374734906482,0.5727374734906482,0.0
-0.0024999999999995026,0.3257831581772616,0.3257831581772616,0.0
0.0024999999999995026,0.03805254101660636,0.03805254101660636,0.0
0.007500000000000284,0.216752614338101,0.216752614338101,0.0
0.012500000000001066,0.5608009922033338,0.5608009922033338,0.0
0.01750000000000007,0.47457526943658146,0.47457526943658146,0.0
0.022500000000000853,0.07428924147943786,0.07428924147943786,0.0
0.027499999999999858,0.08975058972408,0.08975058972408,0.0
0.03250000000000064,0.3800447464900646,0.3800447464900646,0.0
0.037499999999999645,0.6317522914883326,0.6317522914883326,0.0
0.042500000000000426,0.23293495809674208,0.23293495809674208,0.0
0.04749999999999943,0.010841636247538375,0.010841636247538375,0.0
0.05250000000000021,0.23993128493628654,0.23993128493628654,0.0
0.057500000000000995,0.5190099559289556,0.5190099559289556,0.0
0.0625,0.4976738294221005,0.4976738294221005,0.0
0.06750000000000078,0.06814742784166981,0.06814742784166981,0.0
0.07249999999999979,0.06342090169434395,0.06342090169434395,0.0
0.07750000000000057,0.3863734848907212,0.3863734848907212,0.0
0.08249999999999957,0.5376757286802593,0.5376757286802593,0.0
0.08750000000000036,0.32356676456015404,0.32356676456015404,0.0
0.09249999999999936,0.02699727646862388,0.02699727646862388,0.0
0.09750000000000014,0.14214293040799697,0.14214293040799697,0.0
0.10250000000000092,0.5081149126063061,0.5081149126063061,0.0
0.10749999999999993,0.43716361332130743,0.43716361332130743,0.0
0.11250000000000071,0.21760712753987743,0.21760712753987743,0.0
0.11749999999999972,0.04486194309326223,0.04486194309326223,0.0
0.1225000000000005,0.22986405127785803,0.22986405127785803,0.0
0.1274999999999995,0.5420284053018081,0.5420284053018081,0.0
0.13250000000000028,0.33817359960301985,0.33817359960301985,0.0
0.13750000000000107,0.16449379134196151,0.16449379134196151,0.0
0.14250000000000007,0.06884171981811314,0.06884171981811314,0.0
0.14750000000000085,0.316383512957721,0.316383512957721,0.0
0.15249999999999986,0.5473157057377996,0.5473157057377996,0.0
0.15750000000000064,0.24126646181406217,0.24126646181406217,0.0
0.16249999999999964,0.14083445706777684,0.14083445706777684,0.0
0.16750000000000043,0.1030222478891701,0.1030222478891701,0.0
0.17249999999999943,0.3521929568196642,0.3521929568196642,0.0
0.1775000000000002,0.5467549314491338,0.5467549314491338,0.0
0.182500000000001,0.18796620085325771,0.18796620085325771,0.0
0.1875,0.11832337490847915,0.11832337490847915,0.0
0.19250000000000078,0.13787036439911485,0.13787036439911485,0.0
0.1974999999999998,0.3496027136767794,0.3496027136767794,0.0
0.20250000000000057,0.5524694884860137,0.5524694884860137,0.0
0.20749999999999957,0.1693805387146205,0.1693805387146205,0.0
0.21250000000000036,0.09343567790674083,0.09343567790674083,0.0
0.21749999999999936,0.16518808331840487,0.16518808331840487,0.0
0.22250000000000014,0.3351560998592469,0.3351560998592469,0.0
0.22750000000000092,0.5595726294757802,0.5595726294757802,0.0
0.23249999999999993,0.16884646796351022,0.16884646796351022,0.0
0.2375000000000007,0.07300747167677318,0.07300747167677318,0.0
0.24249999999999972,0.16291828262618627,0.16291828262618627,0.0
0.2475000000000005,0.3237536893230426,0.3237536893230426,0.0
0.2524999999999995,0.5569289792577844,0.5569289792577844,0.0
0.2575000000000003,0.198647615875463,0.198647615875463,0.0
0.26250000000000107,0.06694576865167169,0.06694576865167169,0.0
0.26750000000000007,0.1263878432502442,0.1263878432502442,0.0
0.27250000000000085,0.30735771726395744,0.30735771726395744,0.0
0.27749999999999986,0.5247512165033911,0.5247512165033911,0.0
0.28250000000000064,0.28853172328732063,0.28853172328732063,0.0
0.28749999999999964,0.0677735783158926,0.0677735783158926,0.0
0.2925000000000004,0.08750749256941688,0.08750749256941688,0.0
0.29749999999999943,0.27053353897490473,0.27053353897490473,0.0
0.3025000000000002,0.47035611050281034,0.47035611050281034,0.0
0.307500000000001,0.40816357153602,0.40816357153602,0.0
0.3125,0.0727938433763291,0.0727938433763291,0.0
0.3175000000000008,0.07095129928499869,0.07095129928499869,0.0
0.3224999999999998,0.18446803743348547,0.18446803743348547,0.0
0.32750000000000057,0.43617558243175353,0.43617558243175353,0.0
0.3324999999999996,0.4778331010183542,0.4778331010183542,0.0
0.33750000000000036,0.14478658062599278,0.14478658062599278,0.0
0.34249999999999936,0.06080395501390364,0.06080395501390364,0.0
0.34750000000000014,0.10045870828384076,0.10045870828384076,0.0
0.3525000000000009,0.3566791511289904,0.3566791511289904,0.0
0.35749999999999993,0.4945228119905498,0.4945228119905498,0.0
0.3625000000000007,0.3034590007808526,0.3034590007808526,0.0
0.3674999999999997,0.041550704436378594,0.041550704436378594,0.0
0.3725000000000005,0.07733344476076633,0.07733344476076633,0.0
0.3774999999999995,0.22142573341031582,0.22142573341031582,0.0
0.3825000000000003,0.48298688376656823,0.48298688376656823,0.0
0.38750000000000107,0.43088828199576173,0.43088828199576173,0.0
0.39250000000000007,0.10307565496428116,0.10307565496428116,0.0
0.39750000000000085,0.05359399987391509,0.05359399987391509,0.0
0.40249999999999986,0.11610698129137158,0.11610698129137158,0.0
0.40750000000000064,0.35245999219521934,0.35245999219521934,0.0
0.41249999999999964,0.5049638951747555,0.5049638951747555,0.0
0.4175000000000004,0.2845528961915491,0.2845528961915491,0.0
0.42249999999999943,0.039494532044604076,0.039494532044604076,0.0
0.4275000000000002,0.07127174173566483,0.07127174173566483,0.0
0.432500000000001,0.20882166368411362,0.20882166368411362,0.0
0.4375,0.4497142759723986,0.4497142759723986,0.0
0.4425000000000008,0.45892699642905066,0.45892699642905066,0.0
0.4474999999999998,0.125025962834913,0.125025962834913,0.0
0.45250000000000057,0.03968145680749267,0.03968145680749267,0.0
0.4574999999999996,0.11602687067870504,0.11602687067870504,0.0
0.46250000000000036,0.26935858332246215,0.26935858332246215,0.0
0.46749999999999936,0.5148709076078511,0.5148709076078511,0.0
0.47250000000000014,0.35587804500232506,0.35587804500232506,0.0
0.4775000000000009,0.04841351358814549,0.04841351358814549,0.0
0.48249999999999993,0.05081683196814169,0.05081683196814169,0.0
0.4875000000000007,0.18420100205793033,0.18420100205793033,0.0
0.4924999999999997,0.3203623400534924,0.3203623400534924,0.0
0.4975000000000005,0.5410937814873651,0.5410937814873651,0.0
0.5024999999999995,0.21013013702433375,0.21013013702433375,0.0
0.5075000000000003,0.04077630184726871,0.04077630184726871,0.0
0.5125000000000011,0.07781410843676559,0.07781410843676559,0.0
0.5175000000000001,0.2050030578136752,0.2050030578136752,0.0
0.5225000000000009,0.38618656012783265,0.38618656012783265,0.0
0.5274999999999999,0.5216803096845068,0.5216803096845068,0.0
0.5325000000000006,0.11172760113226743,0.11172760113226743,0.0
0.5374999999999996,0.04745218623614702,0.04745218623614702,0.0
0.5425000000000004,0.1166143485049263,0.1166143485049263,0.0
0.5474999999999994,0.20326732787256677,0.20326732787256677,0.0
0.5525000000000002,0.4673119072214818,0.4673119072214818,0.0
0.557500000000001,0.4347602949413114,0.4347602949413114,0.0
0.5625,0.07103140989766524,0.07103140989766524,0.0
0.5675000000000008,0.05394114586213675,0.05394114586213675,0.0
0.5724999999999998,0.15629580531241902,0.15629580531241902,0.0
0.5775000000000006,0.19135755012280786,0.19135755012280786,0.0
0.5824999999999996,0.5282760834607187,0.5282760834607187,0.0
0.5875000000000004,0.3529139523336631,0.3529139523336631,0.0
0.5924999999999994,0.05679842438057666,0.05679842438057666,0.0
0.5975000000000001,0.07271373276366255,0.07271373276366255,0.0
0.6025000000000009,0.15800483171597182,0.15800483171597182,0.0
0.6074999999999999,0.20035664227901584,0.20035664227901584,0.0
0.6125000000000007,0.5738590220679798,0.5738590220679798,0.0
0.6174999999999997,0.27806393656555944,0.27806393656555944,0.0
0.6225000000000005,0.05546324750280099,0.05546324750280099,0.0
0.6274999999999995,0.09356919559451839,0.09356919559451839,0.0
0.6325000000000003,0.14558768675265815,0.14558768675265815,0.0
0.6375000000000011,0.21130509267677627,0.21130509267677627,0.0
0.6425000000000001,0.5829115212992988,0.5829115212992988,0.0
0.6475000000000009,0.2449248464591675,0.2449248464591675,0.0
0.6524999999999999,0.06243287080478995,0.06243287080478995,0.0
0.6575000000000006,0.11089979146804646,0.11089979146804646,0.0
0.6624999999999996,0.12539981236069014,0.12539981236069014,0.0
0.6675000000000004,0.21213290234099721,0.21213290234099721,0.0
0.6724999999999994,0.5752476060208666,0.5752476060208666,0.0
0.6775000000000002,0.24452429339583487,0.24452429339583487,0.0
0.682500000000001,0.07204614432477473,0.07204614432477473,0.0
0.6875,0.11802963599536853,0.11802963599536853,0.0
0.6925000000000008,0.11068616316760235,0.11068616316760235,0.0
0.6974999999999998,0.19581704089457863,0.19581704089457863,0.0
0.7025000000000006,0.5593322976377808,0.5593322976377808,0.0
0.7074999999999996,0.27587424648600745,0.27587424648600745,0.0
0.7125000000000004,0.07049733914655495,0.07049733914655495,0.0
0.7174999999999994,0.13071381633423731,0.13071381633423731,0.0
0.7225000000000001,0.0972542837771792,0.0972542837771792,0.0
0.7275000000000009,0.1671908486350684,0.1671908486350684,0.0
0.7324999999999999,0.5229620794871715,0.5229620794871715,0.0
0.7375000000000007,0.33809348899035324,0.33809348899035324,0.0
0.7424999999999997,0.06456915380923102,0.06456915380923102,0.0
0.7475000000000005,0.1476438591444327,0.1476438591444327,0.0
0.7524999999999995,0.08849552345897087,0.08849552345897087,0.0
0.7575000000000003,0.12657476801313272,0.12657476801313272,0.0
0.7625000000000011,0.48213237056479175,0.48213237056479175,0.0
0.7675000000000001,0.40399781967735987,0.40399781967735987,0.0
0.7725000000000009,0.07116492758544278,0.07116492758544278,0.0
0.7774999999999999,0.16022122533307945,0.16022122533307945,0.0
0.7825000000000006,0.080698090492761,0.080698090492761,0.0
0.7874999999999996,0.09853605357984384,0.09853605357984384,0.0
0.7925000000000004,0.39996558550647743,0.39996558550647743,0.0
0.7974999999999994,0.47134414139236447,0.47134414139236447,0.0
0.8025000000000002,0.10873680492604988,0.10873680492604988,0.0
0.807500000000001,0.16724425571017942,0.16724425571017942,0.0
0.8125,0.07250010446321845,0.07250010446321845,0.0
0.8175000000000008,0.09015114278741268,0.09015114278741268,0.0
0.8224999999999998,0.27299026443001195,0.27299026443001195,0.0
0.8275000000000006,0.5041360855105347,0.5041360855105347,0.0
0.8324999999999996,0.2119726811156641,0.2119726811156641,0.0
0.8375000000000004,0.15074146950087222,0.15074146950087222,0.0
0.8424999999999994,0.09557196091118189,0.09557196091118189,0.0
0.8475000000000001,0.0731943964396618,0.0731943964396618,0.0
0.8525000000000009,0.15453337183375515,0.15453337183375515,0.0
0.8574999999999999,0.48779352052656055,0.48779352052656055,0.0
0.8625000000000007,0.33374081236880454,0.33374081236880454,0.0
0.8674999999999997,0.14302414714732886,0.14302414714732886,0.0
0.8725000000000005,0.13688233350956086,0.13688233350956086,0.0
0.8774999999999995,0.05800008357057476,0.05800008357057476,0.0
0.8825000000000003,0.09939056678162025,0.09939056678162025,0.0
0.8875000000000011,0.34322056820101177,0.34322056820101177,0.0
0.8925000000000001,0.43572162229330963,0.43572162229330963,0.0
0.8975000000000009,0.21592480467388006,0.21592480467388006,0.0
0.9024999999999999,0.15736394681463953,0.15736394681463953,0.0
0.9075000000000006,0.05322015034813787,0.05322015034813787,0.0
0.9124999999999996,0.09429019110851723,0.09429019110851723,0.0
0.9175000000000004,0.15066135888820573,0.15066135888820573,0.0
0.9224999999999994,0.4834408439050119,0.4834408439050119,0.0
0.9275000000000002,0.32463490606237455,0.32463490606237455,0.0
0.932500000000001,0.16289157908863075,0.16289157908863075,0.0
0.9375,0.10486479198050049,0.10486479198050049,0.0
0.9425000000000008,0.07236658677544087,0.07236658677544087,0.0
0.9474999999999998,0.08141908600675986,0.08141908600675986,0.0
0.9525000000000006,0.3223918089077114,0.3223918089077114,0.0
0.9574999999999996,0.409044788275352,0.409044788275352,0.0
0.9625000000000004,0.27109431326357053,0.27109431326357053,0.0
0.9674999999999994,0.15213005345375893,0.15213005345375893,0.0
0.9725000000000001,0.05557006165302305,0.05557006165302305,0.0
0.9775000000000009,0.09089884183896707,0.09089884183896707,0.0
0.9824999999999999,0.09591910689940354,0.09591910689940354,0.0
0.9875000000000007,0.4225300747408863,0.4225300747408863,0.0
0.9924999999999997,0.3765465830702923,0.3765465830702923,0.0
0.9975000000000005,0.21525721623499228,0.21525721623499228,0.0
1.0024999999999995,0.10857658370071681,0.10857658370071681,0.0
1.0075000000000003,0.07370176365321655,0.07370176365321655,0.0
1.012500000000001,0.0663048837503394,0.0663048837503394,0.0
1.0175,0.17861996270882807,0.17861996270882807,0.0
1.0225000000000009,0.4207943447997778,0.4207943447997778,0.0
1.0274999999999999,0.35027030211566723,0.35027030211566723,0.0
1.0325000000000006,0.18163746245260104,0.18163746245260104,0.0
1.0374999999999996,0.08465021405097697,0.08465021405097697,0.0
1.0425000000000004,0.08222019213342527,0.08222019213342527,0.0
1.0474999999999994,0.052605968984361054,0.052605968984361054,0.0
1.0525000000000002,0.25365690323982026,0.25365690323982026,0.0
1.057500000000001,0.404985850566914,0.404985850566914,0.0
1.0625,0.3273853704305924,0.3273853704305924,0.0
1.0675000000000008,0.1491125537099859,0.1491125537099859,0.0
1.0724999999999998,0.09557196091118189,0.09557196091118189,0.0
1.0775000000000006,0.06467596795945307,0.06467596795945307,0.0
1.0824999999999996,0.05845404370901848,0.05845404370901848,0.0
1.0875000000000004,0.27285674674223437,0.27285674674223437,0.0
1.0924999999999994,0.40341034185113867,0.40341034185113867,0.0
1.0975000000000001,0.32167081339371256,0.32167081339371256,0.0
1.102500000000001,0.13450571866712016,0.13450571866712016,0.0
1.1075,0.09324875314385224,0.09324875314385224,0.0
1.1125000000000007,0.0556768758032451,0.0556768758032451,0.0
1.1174999999999997,0.06956271533211199,0.06956271533211199,0.0
1.1225000000000005,0.2552324119555956,0.2552324119555956,0.0
1.1274999999999995,0.39296925866693294,0.39296925866693294,0.0
1.1325000000000003,0.32383379993570915,0.32383379993570915,0.0
1.137500000000001,0.14620186811643499,0.14620186811643499,0.0
1.1425,0.09589240336184805,0.09589240336184805,0.0
1.1475000000000009,0.04932143386503295,0.04932143386503295,0.0
1.1524999999999999,0.06972293655744506,0.06972293655744506,0.0
1.1575000000000006,0.20735296911856035,0.20735296911856035,0.0
1.1624999999999996,0.38172706935606193,0.38172706935606193,0.0
1.1675000000000004,0.3443688203158989,0.3443688203158989,0.0
1.1724999999999994,0.17237133492083795,0.17237133492083795,0.0
1.1775000000000002,0.10598634055783206,0.10598634055783206,0.0
1.182500000000001,0.04691811548503676,0.04691811548503676,0.0
1.1875,0.057225680981464876,0.057225680981464876,0.0
1.1925000000000008,0.14937958908554108,0.14937958908554108,0.0
1.1974999999999998,0.35654563344121293,0.35654563344121293,0.0
1.2025000000000006,0.36028412869898474,0.36028412869898474,0.0
1.2074999999999996,0.23419002436185116,0.23419002436185116,0.0
1.2125000000000004,0.11410421597470809,0.11410421597470809,0.0
1.2174999999999994,0.051377606256807457,0.051377606256807457,0.0
1.2225000000000001,0.04849362420081205,0.04849362420081205,0.0
1.227500000000001,0.08833530223363778,0.08833530223363778,0.0
1.2325,0.2837784936024393,0.2837784936024393,0.0
1.2375000000000007,0.350724262254111,0.350724262254111,0.0
1.2424999999999997,0.3192674950137164,0.3192674950137164,0.0
1.2475000000000005,0.14857848295887563,0.14857848295887563,0.0
1.2524999999999995,0.08115205063120474,0.08115205063120474,0.0
1.2575000000000003,0.0347145988221672,0.0347145988221672,0.0
1.262500000000001,0.055035990901912794,0.055035990901912794,0.0
1.2675,0.14224974455821904,0.14224974455821904,0.0
1.2725000000000009,0.31857320303727305,0.31857320303727305,0.0
1.2774999999999999,0.3537150584603286,0.3537150584603286,0.0
1.2825000000000006,0.2691182514844625,0.2691182514844625,0.0
1.2874999999999996,0.1155729105402613,0.1155729105402613,0.0
1.2925000000000004,0.056477981929910506,0.056477981929910506,0.0
1.2974999999999994,0.037651987953273666,0.037651987953273666,0.0
1.3025000000000002,0.05741260574435346,0.05741260574435346,0.0
1.307500000000001,0.1668169991092912,0.1668169991092912,0.0
1.3125,0.30944059319328754,0.30944059319328754,0.0
1.3175000000000008,0.366746384787419,0.366746384787419,0.0
1.3224999999999998,0.24062557691272987,0.24062557691272987,0.0
1.3275000000000006,0.10064563304672938,0.10064563304672938,0.0
1.3324999999999996,0.053353668035915465,0.053353668035915465,0.0
1.3375000000000004,0.03674406767638621,0.03674406767638621,0.0
1.3424999999999994,0.052552561909250055,0.052552561909250055,0.0
1.3475000000000001,0.14847166880865365,0.14847166880865365,0.0
1.352500000000001,0.2560602216198165,0.2560602216198165,0.0
1.3575,0.37451711421607337,0.37451711421607337,0.0
1.3625000000000007,0.2826836485626632,0.2826836485626632,0.0
1.3674999999999997,0.12011251192469857,0.12011251192469857,0.0
1.3725000000000005,0.03650373583838659,0.03650373583838659,0.0
1.3774999999999995,0.031216435402394972,0.031216435402394972,0.0
1.3825000000000003,0.04283247423904323,0.04283247423904323,0.0
1.387500000000001,0.09311523545607465,0.09311523545607465,0.0
1.3925,0.18222494027882238,0.18222494027882238,0.0
1.3975000000000009,0.31641021649527645,0.31641021649527645,0.0
1.4024999999999999,0.33192497181502967,0.33192497181502967,0.0
1.4075000000000006,0.2507195141087139,0.2507195141087139,0.0
1.4124999999999996,0.06590433068700668,0.06590433068700668,0.0
1.4175000000000004,0.014633538580421256,0.014633538580421256,0.0
1.4224999999999994,0.026116059729291947,0.026116059729291947,0.0
1.4275000000000002,0.030281811587952012,0.030281811587952012,0.0
1.432500000000001,0.06969623301988956,0.06969623301988956,0.0
1.4375,0.17514850282661137,0.17514850282661137,0.0
1.4425000000000008,0.3063696863744035,0.3063696863744035,0.0
1.4474999999999998,0.310241699319953,0.310241699319953,0.0
1.4525000000000006,0.2561670357700386,0.2561670357700386,0.0
1.4574999999999996,0.12879116163024038,0.12879116163024038,0.0
1.4625000000000004,0.021790086645298804,0.021790086645298804,0.0
1.4674999999999994,0.001655619328441821,0.001655619328441821,0.0
1.4725000000000001,0.010147344271095031,0.010147344271095031,0.0
1.477500000000001,0.010174047808650546,0.010174047808650546,0.0
1.4825,0.032578315817726154,0.032578315817726154,0.0
1.4875000000000007,0.12929852884379509,0.12929852884379509,0.0
1.4924999999999997,0.260199269940921,0.260199269940921,0.0
1.4975000000000005,0.29331165650975743,0.29331165650975743,0.0
1.5024999999999995,0.2457793596609439,0.2457793596609439,0.0
1.5075000000000003,0.19990268214057214,0.19990268214057214,0.0
1.512500000000001,0.1035029115651693,0.1035029115651693,0.0
1.5175,0.03864001884282765,0.03864001884282765,0.0
1.5225000000000009,0.008812167393319371,0.008812167393319371,0.0
1.5274999999999999,0.002376614842440679,0.002376614842440679,0.0
