omega,S,S_edge,S_cont
-2.7974999999999994,0,0,0
-2.7925000000000004,0.0,0.0,0.0
-2.787499999999998,5.890486225480862e-5,5.890486225480862e-5,0.0
-2.782499999999999,0.004358959806855839,0.004358959806855839,0.0
-2.7775,0.047025715033422205,0.047025715033422205,0.0
-2.772500000000001,0.1550572324087412,0.1550572324087412,0.0
-2.7674999999999983,0.3806628548446582,0.3806628548446582,0.0
-2.7624999999999993,0.7058569643993708,0.7058569643993708,0.0
-2.7575000000000003,1.055359147111234,1.055359147111234,0.0
-2.7525000000000013,1.5530659632561974,1.5530659632561974,0.0
-2.7474999999999987,2.321342446691589,2.321342446691589,0.0
-2.7424999999999997,2.933579950013994,2.933579950013994,0.0
-2.7375000000000007,3.633860587453255,3.633860587453255,0.0
-2.732499999999998,3.6806506830376575,3.6806506830376575,0.0
-2.727499999999999,3.254179480312836,3.254179480312836,0.0
-2.7225,2.867567234380438,2.867567234380438,0.0
-2.717500000000001,2.5140791559893256,2.5140791559893256,0.0
-2.7124999999999986,2.1974066165074704,2.1974066165074704,0.0
-2.7074999999999996,1.9808919778128757,1.9808919778128757,0.0
-2.7025000000000006,1.8172542704690153,1.8172542704690153,0.0
-2.697499999999998,1.7045496340214805,1.7045496340214805,0.0
-2.692499999999999,1.585640352083105,1.585640352083105,0.0
-2.6875,1.5016420185077481,1.5016420185077481,0.0
-2.682500000000001,1.4822230489177461,1.4822230489177461,0.0
-2.6774999999999984,1.3821044180386564,1.3821044180386564,0.0
-2.6724999999999994,1.3143441914915417,1.3143441914915417,0.0
-2.6675000000000004,1.268653653335895,1.268653653335895,0.0
-2.662499999999998,1.2547521058437605,1.2547521058437605,0.0
-2.657499999999999,1.177606371244046,1.177606371244046,0.0
-2.6525,1.1528074242347717,1.1528074242347717,0.0
-2.647500000000001,1.128126286950007,1.128126286950007,0.0
-2.6424999999999983,1.093136798770651,1.093136798770651,0.0
-2.6374999999999993,1.026456494698208,1.026456494698208,0.0
-2.6325000000000003,1.0985560460980937,1.0985560460980937,0.0
-2.6275000000000013,0.9321498102282598,0.9321498102282598,0.0
-2.6224999999999987,1.0566157841726695,1.0566157841726695,0.0
-2.6174999999999997,0.8815505335513795,0.8815505335513795,0.0
-2.6125000000000007,1.0099631332668615,1.0099631332668615,0.0
-2.607499999999998,0.8438317867542169,0.8438317867542169,0.0
-2.602499999999999,0.978409762052369,0.978409762052369,0.0
-2.5975,0.8024609384972564,0.8024609384972564,0.0
-2.592500000000001,0.9380206614996556,0.9380206614996556,0.0
-2.5874999999999986,0.7958243240165481,0.7958243240165481,0.0
-2.5824999999999996,0.8486619854591114,0.8486619854591114,0.0
-2.5775000000000006,0.83214898907368,0.83214898907368,0.0
-2.572499999999998,0.7668038618790125,0.7668038618790125,0.0
-2.567499999999999,0.8323453386145292,0.8323453386145292,0.0
-2.5625,0.7576343383213474,0.7576343383213474,0.0
-2.557500000000001,0.7500552460445621,0.7500552460445621,0.0
-2.5524999999999984,0.7841807962441809,0.7841807962441809,0.0
-2.5474999999999994,0.7013998298220903,0.7013998298220903,0.0
-2.5425000000000004,0.7496232770546937,0.7496232770546937,0.0
-2.537499999999998,0.717166697952294,0.717166697952294,0.0
-2.532499999999999,0.6970408700152344,0.6970408700152344,0.0
-2.5275,0.7068583470577025,0.7068583470577025,0.0
-2.522500000000001,0.6550809731357259,0.6550809731357259,0.0
-2.5174999999999983,0.734366917730698,0.734366917730698,0.0
-2.5124999999999993,0.6174604011089883,0.6174604011089883,0.0
-2.5075000000000003,0.6256874468705764,0.6256874468705764,0.0
-2.5025000000000013,0.7595585638216711,0.7595585638216711,0.0
-2.4974999999999987,0.5442416573262615,0.5442416573262615,0.0
-2.4924999999999997,0.6054045393008375,0.6054045393008375,0.0
-2.4875000000000007,0.7575557985050075,0.7575557985050075,0.0
-2.482499999999998,0.506503275575014,0.506503275575014,0.0
-2.477499999999999,0.5635231822376686,0.5635231822376686,0.0
-2.4725,0.7333262651641964,0.7333262651641964,0.0
-2.467500000000001,0.539431093575452,0.539431093575452,0.0
-2.4624999999999986,0.4797408331572461,0.4797408331572461,0.0
-2.4574999999999996,0.7052679157768227,0.7052679157768227,0.0
-2.4525000000000006,0.5833937557716239,0.5833937557716239,0.0
-2.447499999999998,0.44353397782462384,0.44353397782462384,0.0
-2.442499999999999,0.5991606239018279,0.5991606239018279,0.0
-2.4375,0.6336396032749759,0.6336396032749759,0.0
-2.432500000000001,0.4969410529356503,0.4969410529356503,0.0
-2.4274999999999984,0.45117197496366407,0.45117197496366407,0.0
-2.4224999999999994,0.608919196082041,0.608919196082041,0.0
-2.4175000000000004,0.5778763336737569,0.5778763336737569,0.0
-2.412499999999998,0.4555112998164349,0.4555112998164349,0.0
-2.407499999999999,0.445379663508608,0.445379663508608,0.0
-2.4025,0.5962939206054271,0.5962939206054271,0.0
-2.397500000000001,0.5372319787179393,0.5372319787179393,0.0
-2.3924999999999983,0.4428467544316511,0.4428467544316511,0.0
-2.3874999999999993,0.4212090350300515,0.4212090350300515,0.0
-2.3825000000000003,0.5753041546886303,0.5753041546886303,0.0
-2.3775000000000013,0.5257062606700817,0.5257062606700817,0.0
-2.3724999999999987,0.4236437693365837,0.4236437693365837,0.0
-2.3674999999999997,0.40628646992550005,0.40628646992550005,0.0
-2.3625000000000007,0.5352095784471906,0.5352095784471906,0.0
-2.357499999999998,0.5193641705006473,0.5193641705006473,0.0
-2.352499999999999,0.39835394847518585,0.39835394847518585,0.0
-2.3475,0.40972258689036395,0.40972258689036395,0.0
-2.342500000000001,0.487535909928966,0.487535909928966,0.0
-2.3374999999999986,0.5076224679578555,0.5076224679578555,0.0
-2.3324999999999996,0.39014653766768254,0.39014653766768254,0.0
-2.3275000000000006,0.3943484178418589,0.3943484178418589,0.0
-2.322499999999998,0.4535870743161112,0.4535870743161112,0.0
-2.317499999999999,0.5006127893495333,0.5006127893495333,0.0
-2.3125,0.3916780640863075,0.3916780640863075,0.0
-2.307500000000001,0.36216672809664846,0.36216672809664846,0.0
-2.3024999999999984,0.43285256280241863,0.43285256280241863,0.0
-2.2974999999999994,0.47612800160561786,0.47612800160561786,0.0
-2.2925000000000004,0.430594543082651,0.430594543082651,0.0
-2.287499999999998,0.3270790651468675,0.3270790651468675,0.0
-2.282499999999999,0.361675854244525,0.361675854244525,0.0
-2.2775,0.4535281694538565,0.4535281694538565,0.0
-2.272500000000001,0.472731154548924,0.472731154548924,0.0
-2.2674999999999983,0.3664667830412494,0.3664667830412494,0.0
-2.2624999999999993,0.2992367002544279,0.2992367002544279,0.0
-2.2575000000000003,0.36379642928569816,0.36379642928569816,0.0
-2.2525000000000013,0.4622460890675681,0.4622460890675681,0.0
-2.2474999999999987,0.4442212012175967,0.4442212012175967,0.0
-2.2424999999999997,0.33946872117446225,0.33946872117446225,0.0
-2.2375000000000007,0.2722582733417256,0.2722582733417256,0.0
-2.232499999999998,0.3480884660177491,0.3480884660177491,0.0
-2.227499999999999,0.4430431039725004,0.4430431039725004,0.0
-2.2225,0.4413152280130262,0.4413152280130262,0.0
-2.217500000000001,0.36108680562197687,0.36108680562197687,0.0
-2.2124999999999986,0.23501076544260158,0.23501076544260158,0.0
-2.2074999999999996,0.300454067407694,0.300454067407694,0.0
-2.2025000000000006,0.39452513242862325,0.39452513242862325,0.0
-2.197499999999998,0.437663126553228,0.437663126553228,0.0
-2.192499999999999,0.40984039661487337,0.40984039661487337,0.0
-2.1875,0.28712193358402227,0.28712193358402227,0.0
-2.182500000000001,0.215788145393449,0.215788145393449,0.0
-2.1774999999999984,0.30638382354134464,0.30638382354134464,0.0
-2.1724999999999994,0.398020154255742,0.398020154255742,0.0
-2.1675000000000004,0.4082696002880786,0.4082696002880786,0.0
-2.162499999999998,0.402869987914721,0.402869987914721,0.0
-2.157499999999999,0.24698808743441264,0.24698808743441264,0.0
-2.1525,0.22358322216516865,0.22358322216516865,0.0
-2.147500000000001,0.27820766442946127,0.27820766442946127,0.0
-2.1424999999999983,0.36886224743961166,0.36886224743961166,0.0
-2.1374999999999993,0.38843829666229307,0.38843829666229307,0.0
-2.1325000000000003,0.40245765387893734,0.40245765387893734,0.0
-2.1275000000000013,0.2548224341143021,0.2548224341143021,0.0
-2.1224999999999987,0.2185174040112551,0.2185174040112551,0.0
-2.1174999999999997,0.26073255529386796,0.26073255529386796,0.0
-2.1125000000000007,0.29556496384054487,0.29556496384054487,0.0
-2.107499999999998,0.3549410649933919,0.3549410649933919,0.0
-2.102499999999999,0.38951821913696444,0.38951821913696444,0.0
-2.0975,0.305676965194287,0.305676965194287,0.0
-2.092500000000001,0.23538382957021534,0.23538382957021534,0.0
-2.0874999999999986,0.23948753497396696,0.23948753497396696,0.0
-2.0824999999999996,0.2572178985126644,0.2572178985126644,0.0
-2.0775000000000006,0.2910096544928396,0.2910096544928396,0.0
-2.072499999999998,0.3313594851373835,0.3313594851373835,0.0
-2.067499999999999,0.3471263532675873,0.3471263532675873,0.0
-2.0625,0.2751446115922111,0.2751446115922111,0.0
-2.057500000000001,0.23131939407463348,0.23131939407463348,0.0
-2.0524999999999984,0.25708045383406986,0.25708045383406986,0.0
-2.0474999999999994,0.253663971823291,0.253663971823291,0.0
-2.0425000000000004,0.2726509724234243,0.2726509724234243,0.0
-2.037499999999998,0.28500135854284914,0.28500135854284914,0.0
-2.032499999999999,0.29095074963058487,0.29095074963058487,0.0
-2.0275,0.27616562920462784,0.27616562920462784,0.0
-2.022500000000001,0.23473587608541244,0.23473587608541244,0.0
-2.0174999999999983,0.2666819463816037,0.2666819463816037,0.0
-2.0124999999999993,0.27170849462734736,0.27170849462734736,0.0
-2.0075000000000003,0.2455743707402972,0.2455743707402972,0.0
-2.0025000000000013,0.2661714375753954,0.2661714375753954,0.0
-1.9974999999999987,0.21099721659672455,0.21099721659672455,0.0
-1.9924999999999997,0.23285092049325865,0.23285092049325865,0.0
-1.9875000000000007,0.254272655399924,0.254272655399924,0.0
-1.9824999999999982,0.2682920126165685,0.2682920126165685,0.0
-1.9774999999999991,0.2873968229412114,0.2873968229412114,0.0
-1.9725000000000001,0.27881634800609423,0.27881634800609423,0.0
-1.9675000000000011,0.245044226980004,0.245044226980004,0.0
-1.9624999999999986,0.195760492226814,0.195760492226814,0.0
-1.9574999999999996,0.16721126898731678,0.16721126898731678,0.0
-1.9525000000000006,0.20180805808497435,0.20180805808497435,0.0
-1.947499999999998,0.22701933913003253,0.22701933913003253,0.0
-1.942499999999999,0.27351491040316145,0.27351491040316145,0.0
-1.9375,0.30127873547926126,0.30127873547926126,0.0
-1.932500000000001,0.32158127800308534,0.32158127800308534,0.0
-1.9274999999999984,0.2424131431326225,0.2424131431326225,0.0
-1.9224999999999994,0.15599971020481812,0.15599971020481812,0.0
-1.9175000000000004,0.12423035449539135,0.12423035449539135,0.0
-1.9124999999999979,0.16222399064974297,0.16222399064974297,0.0
-1.9074999999999989,0.20169024836046476,0.20169024836046476,0.0
-1.9024999999999999,0.22870794518133702,0.22870794518133702,0.0
-1.8975000000000009,0.2608699999724625,0.2608699999724625,0.0
-1.8924999999999983,0.3603603123208343,0.3603603123208343,0.0
-1.8874999999999993,0.31305970793022303,0.31305970793022303,0.0
-1.8825000000000003,0.1908713886596649,0.1908713886596649,0.0
-1.8775000000000013,0.12717559760813182,0.12717559760813182,0.0
-1.8724999999999987,0.09538660694462006,0.09538660694462006,0.0
-1.8674999999999997,0.15183709993881167,0.15183709993881167,0.0
-1.8625000000000007,0.1617527517517045,0.1617527517517045,0.0
-1.8574999999999982,0.19293305883858322,0.19293305883858322,0.0
-1.8524999999999991,0.26760478922359565,0.26760478922359565,0.0
-1.8475000000000001,0.34439709464978113,0.34439709464978113,0.0
-1.8425000000000011,0.30819023931715883,0.30819023931715883,0.0
-1.8374999999999986,0.2263517506911447,0.2263517506911447,0.0
-1.8324999999999996,0.14665347206038853,0.14665347206038853,0.0
-1.8275000000000006,0.09890126372582364,0.09890126372582364,0.0
-1.822499999999998,0.12407327486271186,0.12407327486271186,0.0
-1.817499999999999,0.12326824174522949,0.12326824174522949,0.0
-1.8125,0.12287554266353076,0.12287554266353076,0.0
-1.807500000000001,0.18411696445444684,0.18411696445444684,0.0
-1.8024999999999984,0.2868077743186633,0.2868077743186633,0.0
-1.7974999999999994,0.33263575715290433,0.33263575715290433,0.0
-1.7925000000000004,0.30707104693431747,0.30707104693431747,0.0
-1.7874999999999979,0.21286253723479348,0.21286253723479348,0.0
-1.7824999999999989,0.1257618809140164,0.1257618809140164,0.0
-1.7774999999999999,0.10767808820179012,0.10767808820179012,0.0
-1.7725000000000009,0.10807078728348886,0.10807078728348886,0.0
-1.7674999999999983,0.08386088889676249,0.08386088889676249,0.0
-1.7624999999999993,0.12377875055143782,0.12377875055143782,0.0
-1.7575000000000003,0.15751160166935826,0.15751160166935826,0.0
-1.7525000000000013,0.19218693058335562,0.19218693058335562,0.0
-1.7474999999999987,0.25533294292051056,0.25533294292051056,0.0
-1.7424999999999997,0.32654892138657415,0.32654892138657415,0.0
-1.7375000000000007,0.3292389100962104,0.3292389100962104,0.0
-1.7324999999999982,0.1854128714240526,0.1854128714240526,0.0
-1.7274999999999991,0.0946012087812226,0.0946012087812226,0.0
-1.7225000000000001,0.06795657608796417,0.06795657608796417,0.0
-1.7175000000000011,0.06298893270447531,0.06298893270447531,0.0
-1.7124999999999986,0.08649197274414396,0.08649197274414396,0.0
-1.7074999999999996,0.1412342247329461,0.1412342247329461,0.0
-1.7025000000000006,0.1516407503979623,0.1516407503979623,0.0
-1.697499999999998,0.14347260949862886,0.14347260949862886,0.0
-1.692499999999999,0.20616701789183017,0.20616701789183017,0.0
-1.6875,0.2812707172667113,0.2812707172667113,0.0
-1.682500000000001,0.32594023780994114,0.32594023780994114,0.0
-1.6774999999999984,0.2744573881992383,0.2744573881992383,0.0
-1.6724999999999994,0.1538595002095601,0.1538595002095601,0.0
-1.6675000000000004,0.07755806863549798,0.07755806863549798,0.0
-1.6624999999999979,0.03318307240354217,0.03318307240354217,0.0
-1.6574999999999989,0.03608904560811273,0.03608904560811273,0.0
-1.6524999999999999,0.06078981784696246,0.06078981784696246,0.0
-1.6475000000000009,0.11036807691142639,0.11036807691142639,0.0
-1.6424999999999983,0.14639821765728436,0.14639821765728436,0.0
-1.6374999999999993,0.1725519764984194,0.1725519764984194,0.0
-1.6325000000000003,0.18350828087781382,0.18350828087781382,0.0
-1.6275000000000013,0.24333598597461453,0.24333598597461453,0.0
-1.6224999999999987,0.28904615908434594,0.28904615908434594,0.0
-1.6174999999999997,0.2918146876103219,0.2918146876103219,0.0
-1.6125000000000007,0.18189821464284905,0.18189821464284905,0.0
-1.6074999999999982,0.10856166113561228,0.10856166113561228,0.0
-1.6024999999999991,0.08446957247339552,0.08446957247339552,0.0
-1.5975000000000001,0.05927792638242238,0.05927792638242238,0.0
-1.5925000000000011,0.04557272843113691,0.04557272843113691,0.0
-1.5874999999999986,0.032024610112530945,0.032024610112530945,0.0
-1.5824999999999996,0.03799363615435154,0.03799363615435154,0.0
-1.5775000000000006,0.06770132168486001,0.06770132168486001,0.0
-1.572499999999998,0.1414502092278804,0.1414502092278804,0.0
-1.567499999999999,0.22951297829881942,0.22951297829881942,0.0
-1.5625,0.2687828864686918,0.2687828864686918,0.0
-1.557500000000001,0.28252735432814713,0.28252735432814713,0.0
-1.5524999999999984,0.2381719930502762,0.2381719930502762,0.0
-1.5474999999999994,0.16377515202245288,0.16377515202245288,0.0
-1.5425000000000004,0.14604478848375552,0.14604478848375552,0.0
-1.5374999999999979,0.11405944827939443,0.11405944827939443,0.0
-1.5324999999999989,0.1013752679405256,0.1013752679405256,0.0
-1.5274999999999999,0.08352709467731859,0.08352709467731859,0.0
-1.5225000000000009,0.03239767424014473,0.03239767424014473,0.0
-1.5174999999999983,0.023149610866139793,0.023149610866139793,0.0
-1.5124999999999993,0.020734511513692634,0.020734511513692634,0.0
-1.5075000000000003,0.04989241832982288,0.04989241832982288,0.0
-1.5025000000000013,0.09907797831258805,0.09907797831258805,0.0
-1.4974999999999987,0.14245159188621218,0.14245159188621218,0.0
-1.4924999999999997,0.18486309270967444,0.18486309270967444,0.0
-1.4875000000000007,0.24062636231089327,0.24062636231089327,0.0
-1.4824999999999982,0.30606966427598564,0.30606966427598564,0.0
-1.4774999999999991,0.23314544480453253,0.23314544480453253,0.0
-1.4725000000000001,0.1526224981022091,0.1526224981022091,0.0
-1.4675000000000011,0.0993725026238621,0.0993725026238621,0.0
-1.4624999999999986,0.1152571804785755,0.1152571804785755,0.0
-1.4574999999999996,0.12342532137790897,0.12342532137790897,0.0
-1.4525000000000006,0.09778207134298227,0.09778207134298227,0.0
-1.447499999999998,0.057294796019843795,0.057294796019843795,0.0
-1.442499999999999,0.01833904711533042,0.01833904711533042,0.0
-1.4375,0.01682715565079033,0.01682715565079033,0.0
-1.432500000000001,0.02112721059539136,0.02112721059539136,0.0
-1.4274999999999984,0.03899501881268329,0.03899501881268329,0.0
-1.4224999999999994,0.06516841260790324,0.06516841260790324,0.0
-1.4175000000000004,0.10322095362450963,0.10322095362450963,0.0
-1.4124999999999979,0.16591536201771095,0.16591536201771095,0.0
-1.4074999999999989,0.22262110941500676,0.22262110941500676,0.0
-1.4024999999999999,0.25264295421087424,0.25264295421087424,0.0
-1.3975000000000009,0.2315157436154829,0.2315157436154829,0.0
-1.3924999999999983,0.1744958369528281,0.1744958369528281,0.0
-1.3874999999999993,0.13793555244667685,0.13793555244667685,0.0
-1.3825000000000003,0.14600551857558564,0.14600551857558564,0.0
-1.3775000000000013,0.12415181467905158,0.12415181467905158,0.0
-1.3724999999999987,0.10964158361028373,0.10964158361028373,0.0
-1.3674999999999997,0.07296348937962291,0.07296348937962291,0.0
-1.3625000000000007,0.05144357970253283,0.05144357970253283,0.0
-1.3574999999999982,0.016709345926280716,0.016709345926280716,0.0
-1.3524999999999991,0.004241150082346221,0.004241150082346221,0.0
-1.3475000000000001,0.012370021073509813,0.012370021073509813,0.0
-1.3425000000000011,0.02957024085191393,0.02957024085191393,0.0
-1.3374999999999986,0.05809982913732621,0.05809982913732621,0.0
-1.3324999999999996,0.09603456042942295,0.09603456042942295,0.0
-1.3275000000000006,0.10977902828887832,0.10977902828887832,0.0
-1.322499999999998,0.1519941795714912,0.1519941795714912,0.0
-1.317499999999999,0.20756109963186067,0.20756109963186067,0.0
-1.3125,0.18541287142405263,0.18541287142405263,0.0
-1.307500000000001,0.16485507449712444,0.16485507449712444,0.0
-1.3024999999999984,0.1511891464540088,0.1511891464540088,0.0
-1.2974999999999994,0.15087498718864983,0.15087498718864983,0.0
-1.2925000000000004,0.15973035148095605,0.15973035148095605,0.0
-1.2874999999999979,0.16509069394614367,0.16509069394614367,0.0
-1.2824999999999989,0.13858350593147972,0.13858350593147972,0.0
-1.2774999999999999,0.0892212313619501,0.0892212313619501,0.0
-1.2725000000000009,0.05069745144730526,0.05069745144730526,0.0
-1.2674999999999983,0.028176159111883453,0.028176159111883453,0.0
-1.2624999999999993,0.01107411410390402,0.01107411410390402,0.0
-1.2575000000000003,0.008384125394267762,0.008384125394267762,0.0
-1.2525000000000013,0.014844025288211772,0.014844025288211772,0.0
-1.2474999999999987,0.03687444377151018,0.03687444377151018,0.0
-1.2424999999999997,0.052405692452694705,0.052405692452694705,0.0
-1.2375000000000007,0.06929175296573985,0.06929175296573985,0.0
-1.2324999999999982,0.11663162726452106,0.11663162726452106,0.0
-1.2274999999999991,0.13813190198752623,0.13813190198752623,0.0
-1.2225000000000001,0.15543029653635498,0.15543029653635498,0.0
-1.2175000000000011,0.14109678005435158,0.14109678005435158,0.0
-1.2124999999999986,0.15978925634321087,0.15978925634321087,0.0
-1.2074999999999996,0.13830861657429064,0.13830861657429064,0.0
-1.2025000000000006,0.16624915623715486,0.16624915623715486,0.0
-1.197499999999998,0.15046265315286617,0.15046265315286617,0.0
-1.192499999999999,0.11555170478984952,0.11555170478984952,0.0
-1.1875,0.11384346378446011,0.11384346378446011,0.0
-1.182500000000001,0.09660397409788611,0.09660397409788611,0.0
-1.1774999999999984,0.09652543428154636,0.09652543428154636,0.0
-1.1724999999999994,0.13118112824145875,0.13118112824145875,0.0
-1.1675000000000004,0.04916592502868023,0.04916592502868023,0.0
-1.1624999999999979,0.011525718047857555,0.011525718047857555,0.0
-1.1574999999999989,0.007991426312569036,0.007991426312569036,0.0
-1.1524999999999999,0.0069900436542372915,0.0069900436542372915,0.0
-1.1475000000000009,0.019301159865492294,0.019301159865492294,0.0
-1.1424999999999983,0.03108213231645401,0.03108213231645401,0.0
-1.1374999999999993,0.045062219624928575,0.045062219624928575,0.0
-1.1325000000000003,0.08148505945248523,0.08148505945248523,0.0
-1.1275000000000013,0.12693997815911257,0.12693997815911257,0.0
-1.1224999999999987,0.13929036427853744,0.13929036427853744,0.0
-1.1174999999999997,0.1273915821030661,0.1273915821030661,0.0
-1.1125000000000007,0.13383184704292517,0.13383184704292517,0.0
-1.1074999999999982,0.16899804980904595,0.16899804980904595,0.0
-1.1024999999999991,0.15026630361201676,0.15026630361201676,0.0
-1.0975000000000001,0.11700469139213486,0.11700469139213486,0.0
-1.0925000000000011,0.07117670855789371,0.07117670855789371,0.0
-1.0874999999999986,0.10712830948741195,0.10712830948741195,0.0
-1.0824999999999996,0.1459269787592459,0.1459269787592459,0.0
-1.0775000000000006,0.12318970192888976,0.12318970192888976,0.0
-1.072499999999998,0.0794626591817368,0.0794626591817368,0.0
-1.067499999999999,0.0534856149273662,0.0534856149273662,0.0
-1.0625,0.05201299337099598,0.05201299337099598,0.0
-1.057500000000001,0.06589490590904588,0.06589490590904588,0.0
-1.0524999999999984,0.09206829970426585,0.09206829970426585,0.0
-1.0474999999999994,0.028293968836393065,0.028293968836393065,0.0
-1.0425000000000004,0.010661780068120361,0.010661780068120361,0.0
-1.0374999999999979,0.013175054190992196,0.013175054190992196,0.0
-1.0324999999999989,0.022089323345553236,0.022089323345553236,0.0
-1.0274999999999999,0.05118832529942866,0.05118832529942866,0.0
-1.0225000000000009,0.08003207285019995,0.08003207285019995,0.0
-1.0174999999999983,0.10206249133349837,0.10206249133349837,0.0
-1.0124999999999993,0.09621127501618738,0.09621127501618738,0.0
-1.0075000000000003,0.08855364292306227,0.08855364292306227,0.0
-1.0025000000000013,0.11248865195259952,0.11248865195259952,0.0
-0.9974999999999987,0.14323699004960966,0.14323699004960966,0.0
-0.9924999999999997,0.12112803174997146,0.12112803174997146,0.0
-0.9875000000000007,0.11900745670879831,0.11900745670879831,0.0
-0.9824999999999982,0.10583240251780612,0.10583240251780612,0.0
-0.9774999999999991,0.10869910581420682,0.10869910581420682,0.0
-0.9725000000000001,0.10502736940032377,0.10502736940032377,0.0
-0.9675000000000011,0.07457355561458769,0.07457355561458769,0.0
-0.9624999999999986,0.0850978910041135,0.0850978910041135,0.0
-0.9574999999999996,0.09171487053073699,0.09171487053073699,0.0
-0.9525000000000006,0.11851658285667492,0.11851658285667492,0.0
-0.947499999999998,0.08818057879544847,0.08818057879544847,0.0
-0.942499999999999,0.05486006171331174,0.05486006171331174,0.0
-0.9375,0.03430226478638355,0.03430226478638355,0.0
-0.932500000000001,0.03288854809226814,0.03288854809226814,0.0
-0.9274999999999984,0.054486997585697944,0.054486997585697944,0.0
-0.9224999999999994,0.057294796019843816,0.057294796019843816,0.0
-0.9175000000000004,0.03622649028670728,0.03622649028670728,0.0
-0.9124999999999979,0.03432189974046848,0.03432189974046848,0.0
-0.9074999999999989,0.0340666453373643,0.0340666453373643,0.0
-0.9024999999999999,0.04278456495107597,0.04278456495107597,0.0
-0.8975000000000009,0.06777986150119976,0.06777986150119976,0.0
-0.8924999999999983,0.10811005719165871,0.10811005719165871,0.0
-0.8874999999999993,0.1136863841517806,0.1136863841517806,0.0
-0.8825000000000003,0.10638218123218432,0.10638218123218432,0.0
-0.8775000000000013,0.0919897598879261,0.0919897598879261,0.0
-0.8724999999999987,0.08894634200476098,0.08894634200476098,0.0
-0.8674999999999997,0.08209374302911825,0.08209374302911825,0.0
-0.8625000000000007,0.08682576696358789,0.08682576696358789,0.0
-0.8574999999999982,0.07655668597716622,0.07655668597716622,0.0
-0.8524999999999991,0.062399884081927225,0.062399884081927225,0.0
-0.8475000000000001,0.06259623362277658,0.06259623362277658,0.0
-0.8425000000000011,0.079089595054123,0.079089595054123,0.0
-0.8374999999999986,0.0994706773942868,0.0994706773942868,0.0
-0.8324999999999996,0.10516481407891828,0.10516481407891828,0.0
-0.8275000000000006,0.12210977945421826,0.12210977945421826,0.0
-0.822499999999998,0.12293444752578558,0.12293444752578558,0.0
-0.817499999999999,0.09882272390948389,0.09882272390948389,0.0
-0.8125,0.07710646469154445,0.07710646469154445,0.0
-0.807500000000001,0.04325580384911444,0.04325580384911444,0.0
-0.8024999999999984,0.03901465376676823,0.03901465376676823,0.0
-0.7974999999999994,0.0390539236749381,0.0390539236749381,0.0
-0.7925000000000004,0.02972732048459341,0.02972732048459341,0.0
-0.7874999999999979,0.03129811681138831,0.03129811681138831,0.0
-0.7824999999999989,0.014156801895239006,0.014156801895239006,0.0
-0.7774999999999999,0.027331856086231204,0.027331856086231204,0.0
-0.7725000000000009,0.04119413367019615,0.04119413367019615,0.0
-0.7674999999999983,0.05656830271870118,0.05656830271870118,0.0
-0.7624999999999993,0.0739845069920396,0.0739845069920396,0.0
-0.7575000000000003,0.11138909452384309,0.11138909452384309,0.0
-0.7525000000000013,0.10153234757320508,0.10153234757320508,0.0
-0.7474999999999987,0.082172282845458,0.082172282845458,0.0
-0.7424999999999997,0.07916813487046276,0.07916813487046276,0.0
-0.7375000000000007,0.0625373287605218,0.0625373287605218,0.0
-0.7324999999999982,0.04999059310024753,0.04999059310024753,0.0
-0.7274999999999991,0.04089960935892209,0.04089960935892209,0.0
-0.7225000000000001,0.051227595207598536,0.051227595207598536,0.0
-0.7175000000000011,0.07361144286442582,0.07361144286442582,0.0
-0.7124999999999986,0.07779368808451721,0.07779368808451721,0.0
-0.7074999999999996,0.07879507074284896,0.07879507074284896,0.0
-0.7025000000000006,0.07015569094547702,0.07015569094547702,0.0
-0.697499999999998,0.08415541320803654,0.08415541320803654,0.0
-0.692499999999999,0.10243555546111217,0.10243555546111217,0.0
-0.6875,0.12841259971548274,0.12841259971548274,0.0
-0.682500000000001,0.15109097168358412,0.15109097168358412,0.0
-0.6774999999999984,0.12212941440830322,0.12212941440830322,0.0
-0.6724999999999994,0.0995884871187964,0.0995884871187964,0.0
-0.6675000000000004,0.06232134426558747,0.06232134426558747,0.0
-0.6624999999999979,0.03043417883165111,0.03043417883165111,0.0
-0.6574999999999989,0.01725912464065893,0.01725912464065893,0.0
-0.6524999999999999,0.027410395902570935,0.027410395902570935,0.0
-0.6475000000000009,0.02091122610045706,0.02091122610045706,0.0
-0.6424999999999983,0.01429424657383356,0.01429424657383356,0.0
-0.6374999999999993,0.029373891311064562,0.029373891311064562,0.0
-0.6325000000000003,0.032554753872824214,0.032554753872824214,0.0
-0.6275000000000013,0.04582798283424108,0.04582798283424108,0.0
-0.6224999999999987,0.037895461383926854,0.037895461383926854,0.0
-0.6174999999999997,0.033831025888345065,0.033831025888345065,0.0
-0.6125000000000007,0.04280419990516092,0.04280419990516092,0.0
-0.6074999999999982,0.049401544477699476,0.049401544477699476,0.0
-0.6024999999999991,0.04781111319681963,0.04781111319681963,0.0
-0.5975000000000001,0.047143524757931814,0.047143524757931814,0.0
-0.5925000000000011,0.041999166787678524,0.041999166787678524,0.0
-0.5874999999999986,0.0459457925587507,0.0459457925587507,0.0
-0.5824999999999996,0.05213080309550559,0.05213080309550559,0.0
-0.5775000000000006,0.05444772767752808,0.05444772767752808,0.0
-0.572499999999998,0.07239407571115976,0.07239407571115976,0.0
-0.567499999999999,0.06326382206166441,0.06326382206166441,0.0
-0.5625,0.09572040116406397,0.09572040116406397,0.0
-0.557500000000001,0.1078744377426395,0.1078744377426395,0.0
-0.5524999999999984,0.10143417280278043,0.10143417280278043,0.0
-0.5474999999999994,0.07961973881441628,0.07961973881441628,0.0
-0.5425000000000004,0.10579313260963626,0.10579313260963626,0.0
-0.5374999999999979,0.13559899291056945,0.13559899291056945,0.0
-0.5324999999999989,0.13446016557364315,0.13446016557364315,0.0
-0.5274999999999999,0.12203123963787851,0.12203123963787851,0.0
-0.5225000000000009,0.12036226854065891,0.12036226854065891,0.0
-0.5174999999999983,0.11517864066223577,0.11517864066223577,0.0
-0.5124999999999993,0.07357217295625593,0.07357217295625593,0.0
-0.5075000000000003,0.039898226700590345,0.039898226700590345,0.0
-0.5025000000000013,0.011525718047857555,0.011525718047857555,0.0
-0.4974999999999987,1.9634954084936207e-5,1.9634954084936207e-5,0.0
-0.4924999999999997,0.0,0.0,0.0
-0.4875000000000007,0.0,0.0,0.0
-0.48249999999999815,0.004182245220091412,0.004182245220091412,0.0
-0.47749999999999915,0.004869468613064179,0.004869468613064179,0.0
-0.47250000000000014,0.009758572180213296,0.009758572180213296,0.0
-0.46750000000000114,0.011898782175471342,0.011898782175471342,0.0
-0.4624999999999986,0.025329090769567707,0.025329090769567707,0.0
-0.4574999999999996,0.037129698174614346,0.037129698174614346,0.0
-0.45250000000000057,0.04830198704894304,0.04830198704894304,0.0
-0.447499999999998,0.038798669271833924,0.038798669271833924,0.0
-0.442499999999999,0.03021819433671681,0.03021819433671681,0.0
-0.4375,0.03196570525027614,0.03196570525027614,0.0
-0.432500000000001,0.024504422698000388,0.024504422698000388,0.0
-0.42749999999999844,0.018123062620396122,0.018123062620396122,0.0
-0.42249999999999943,0.012919799787888028,0.012919799787888028,0.0
-0.4175000000000004,0.017475109135593227,0.017475109135593227,0.0
-0.41249999999999787,0.030709068188840217,0.030709068188840217,0.0
-0.40749999999999886,0.03891647899634355,0.03891647899634355,0.0
-0.40249999999999986,0.04093887926709197,0.04093887926709197,0.0
-0.39750000000000085,0.0611825169286612,0.0611825169286612,0.0
-0.3924999999999983,0.09538660694462006,0.09538660694462006,0.0
-0.3874999999999993,0.11928234606598744,0.11928234606598744,0.0
-0.3825000000000003,0.09880308895539895,0.09880308895539895,0.0
-0.3775000000000013,0.11639600781550181,0.11639600781550181,0.0
-0.3724999999999987,0.14938273067819466,0.14938273067819466,0.0
-0.3674999999999997,0.17353372420266625,0.17353372420266625,0.0
-0.3625000000000007,0.1850790772046087,0.1850790772046087,0.0
-0.35749999999999815,0.17005833732963252,0.17005833732963252,0.0
-0.35249999999999915,0.13125966805779854,0.13125966805779854,0.0
-0.34750000000000014,0.13102404860877925,0.13102404860877925,0.0
-0.34250000000000114,0.0624391539900971,0.0624391539900971,0.0
-0.3374999999999986,0.027979809571034096,0.027979809571034096,0.0
-0.3324999999999996,0.010740319884460104,0.010740319884460104,0.0
-0.32750000000000057,0.004908738521234052,0.004908738521234052,0.0
-0.322499999999998,0.0,0.0,0.0
-0.317499999999999,0.0,0.0,0.0
-0.3125,0.0,0.0,0.0
-0.307500000000001,0.0,0.0,0.0
-0.30249999999999844,0.0,0.0,0.0
-0.29749999999999943,0.0,0.0,0.0
-0.2925000000000004,0.0,0.0,0.0
-0.28749999999999787,0.0,0.0,0.0
-0.28249999999999886,0.0,0.0,0.0
-0.27749999999999986,0.0,0.0,0.0
-0.27250000000000085,0.0,0.0,0.0
-0.2674999999999983,0.0016100662349647688,0.0016100662349647688,0.0
-0.2624999999999993,0.009189158511750145,0.009189158511750145,0.0
-0.2575000000000003,0.016709345926280712,0.016709345926280712,0.0
-0.2525000000000013,0.02957024085191393,0.02957024085191393,0.0
-0.24749999999999872,0.03500912313344123,0.03500912313344123,0.0
-0.24249999999999972,0.030571623510245664,0.030571623510245664,0.0
-0.2375000000000007,0.022540927289506768,0.022540927289506768,0.0
-0.23249999999999815,0.0116042578641973,0.0116042578641973,0.0
-0.22749999999999915,0.015315264186250245,0.015315264186250245,0.0
-0.22250000000000014,0.025702154897181497,0.025702154897181497,0.0
-0.21750000000000114,0.0413315783487907,0.0413315783487907,0.0
-0.21249999999999858,0.03972151211382593,0.03972151211382593,0.0
-0.20749999999999957,0.03229949946972005,0.03229949946972005,0.0
-0.20250000000000057,0.0525038672231194,0.0525038672231194,0.0
-0.197499999999998,0.06721044783273661,0.06721044783273661,0.0
-0.192499999999999,0.07539822368615502,0.07539822368615502,0.0
-0.1875,0.08362526944774328,0.08362526944774328,0.0
-0.182500000000001,0.10632327636992955,0.10632327636992955,0.0
-0.17749999999999844,0.12805917054195393,0.12805917054195393,0.0
-0.17249999999999943,0.15189600480106652,0.15189600480106652,0.0
-0.16750000000000043,0.15670656855187592,0.15670656855187592,0.0
-0.16249999999999787,0.16681856990561805,0.16681856990561805,0.0
-0.15749999999999886,0.14671237692264336,0.14671237692264336,0.0
-0.15249999999999986,0.12010701413755479,0.12010701413755479,0.0
-0.14750000000000085,0.11431470268249858,0.11431470268249858,0.0
-0.1424999999999983,0.09984374152190059,0.09984374152190059,0.0
-0.1374999999999993,0.09116509181635878,0.09116509181635878,0.0
-0.13250000000000028,0.0555472851062845,0.0555472851062845,0.0
-0.12750000000000128,0.024641867376594944,0.024641867376594944,0.0
-0.12249999999999872,0.010190541170081892,0.010190541170081892,0.0
-0.11749999999999972,0.0012566370614359172,0.0012566370614359172,0.0
-0.11250000000000071,0.0,0.0,0.0
-0.10749999999999815,0.0,0.0,0.0
-0.10249999999999915,0.0,0.0,0.0
-0.09750000000000014,0.0,0.0,0.0
-0.09250000000000114,0.0,0.0,0.0
-0.08749999999999858,0.0,0.0,0.0
-0.08249999999999957,0.0,0.0,0.0
-0.07750000000000057,0.0,0.0,0.0
-0.07249999999999801,0.0,0.0,0.0
-0.067499999999999,0.0,0.0,0.0
-0.0625,0.0,0.0,0.0
-0.057500000000000995,0.0,0.0,0.0
-0.05249999999999844,0.0,0.0,0.0
-0.04749999999999943,0.0,0.0,0.0
-0.042500000000000426,0.0,0.0,0.0
-0.03749999999999787,0.0,0.0,0.0
-0.03249999999999886,0.0,0.0,0.0
-0.027499999999999858,0.0026507188014663883,0.0026507188014663883,0.0
-0.022500000000000853,0.0038484510006474965,0.0038484510006474965,0.0
-0.017499999999998295,0.011054479149819085,0.011054479149819085,0.0
-0.01249999999999929,0.01989020848804038,0.01989020848804038,0.0
-0.007500000000000284,0.03815071578703104,0.03815071578703104,0.0
-0.002500000000001279,0.04794855787541419,0.04794855787541419,0.0
0.002500000000001279,0.0342237249700438,0.0342237249700438,0.0
0.007500000000000284,0.03491094836301657,0.03491094836301657,0.0
0.01249999999999929,0.04219551632852788,0.04219551632852788,0.0
0.017500000000001847,0.022324942794572467,0.022324942794572467,0.0
0.022500000000000853,0.02670353755551324,0.02670353755551324,0.0
0.027499999999999858,0.057550050422947994,0.057550050422947994,0.0
0.03249999999999886,0.09452266896488287,0.09452266896488287,0.0
0.03750000000000142,0.10494882958398401,0.10494882958398401,0.0
0.042500000000000426,0.10382963720114263,0.10382963720114263,0.0
0.04749999999999943,0.10557714811470197,0.10557714811470197,0.0
0.05250000000000199,0.10467394022679488,0.10467394022679488,0.0
0.057500000000000995,0.14001685757968008,0.14001685757968008,0.0
0.0625,0.1146484969019425,0.1146484969019425,0.0
0.067499999999999,0.0793055795490573,0.0793055795490573,0.0
0.07250000000000156,0.06483461838845932,0.06483461838845932,0.0
0.07750000000000057,0.08517643082045324,0.08517643082045324,0.0
0.08249999999999957,0.10424197123692631,0.10424197123692631,0.0
0.08750000000000213,0.09884235886356883,0.09884235886356883,0.0
0.09250000000000114,0.0893194061323748,0.0893194061323748,0.0
0.09750000000000014,0.07771514826817748,0.07771514826817748,0.0
0.10249999999999915,0.06532549224058272,0.06532549224058272,0.0
0.1075000000000017,0.06507023783747856,0.06507023783747856,0.0
0.11250000000000071,0.037620572026737756,0.037620572026737756,0.0
0.11749999999999972,0.03842560514422013,0.03842560514422013,0.0
0.12249999999999872,0.027803094984269663,0.027803094984269663,0.0
0.12750000000000128,0.011702432634621982,0.011702432634621982,0.0
0.13250000000000028,0.008344855486097888,0.008344855486097888,0.0
0.1374999999999993,9.817477042468103e-5,9.817477042468103e-5,0.0
0.14250000000000185,0.0,0.0,0.0
0.14750000000000085,0.0,0.0,0.0
0.15249999999999986,0.0,0.0,0.0
0.15749999999999886,0.0,0.0,0.0
0.16250000000000142,0.0,0.0,0.0
0.16750000000000043,0.0,0.0,0.0
0.17249999999999943,0.0,0.0,0.0
0.177500000000002,0.0,0.0,0.0
0.182500000000001,0.0,0.0,0.0
0.1875,0.0,0.0,0.0
0.192499999999999,0.0,0.0,0.0
0.19750000000000156,0.0,0.0,0.0
0.20250000000000057,0.0,0.0,0.0
0.20749999999999957,0.0,0.0,0.0
0.21250000000000213,0.0,0.0,0.0
0.21750000000000114,0.0,0.0,0.0
0.22250000000000014,0.0,0.0,0.0
0.22749999999999915,0.0,0.0,0.0
0.2325000000000017,0.0,0.0,0.0
0.2375000000000007,0.0,0.0,0.0
0.24249999999999972,0.0,0.0,0.0
0.24749999999999872,0.0,0.0,0.0
0.2525000000000013,0.0,0.0,0.0
0.2575000000000003,0.0,0.0,0.0
0.2624999999999993,5.890486225480863e-5,5.890486225480863e-5,0.0
0.26750000000000185,0.0028667032964006865,0.0028667032964006865,0.0
0.27250000000000085,0.005360342465187585,0.005360342465187585,0.0
0.27749999999999986,0.005222897786593031,0.005222897786593031,0.0
0.28249999999999886,0.023012166187545233,0.023012166187545233,0.0
0.2875000000000014,0.07251188543566939,0.07251188543566939,0.0
0.2925000000000004,0.12124584147448106,0.12124584147448106,0.0
0.29749999999999943,0.10836531159476288,0.10836531159476288,0.0
0.302500000000002,0.08963356539773373,0.08963356539773373,0.0
0.307500000000001,0.0878075146678347,0.0878075146678347,0.0
0.3125,0.08784678457600457,0.08784678457600457,0.0
0.317499999999999,0.07109816874155396,0.07109816874155396,0.0
0.32250000000000156,0.05230751768227004,0.05230751768227004,0.0
0.32750000000000057,0.043982297150257074,0.043982297150257074,0.0
0.3324999999999996,0.035794521296838695,0.035794521296838695,0.0
0.33750000000000213,0.04286310476741571,0.04286310476741571,0.0
0.34250000000000114,0.062478423898266966,0.062478423898266966,0.0
0.34750000000000014,0.054918966575566525,0.054918966575566525,0.0
0.35249999999999915,0.0637939658219577,0.0637939658219577,0.0
0.3575000000000017,0.09303041245442772,0.09303041245442772,0.0
0.3625000000000007,0.08747372044839077,0.08747372044839077,0.0
0.3674999999999997,0.10231774573660253,0.10231774573660253,0.0
0.3724999999999987,0.08446957247339552,0.08446957247339552,0.0
0.3775000000000013,0.08735591072388113,0.08735591072388113,0.0
0.3825000000000003,0.09285369786766329,0.09285369786766329,0.0
0.3874999999999993,0.08240790229447721,0.08240790229447721,0.0
0.39250000000000185,0.068938323792211,0.068938323792211,0.0
0.39750000000000085,0.08959429548956388,0.08959429548956388,0.0
0.40249999999999986,0.07944302422765187,0.07944302422765187,0.0
0.40749999999999886,0.036403204873471706,0.036403204873471706,0.0
0.4125000000000014,0.016709345926280712,0.016709345926280712,0.0
0.4175000000000004,0.003220132469929538,0.003220132469929538,0.0
0.42249999999999943,0.007677267047210057,0.007677267047210057,0.0
0.427500000000002,0.0004319689898685965,0.0004319689898685965,0.0
0.432500000000001,0.0,0.0,0.0
0.4375,0.0,0.0,0.0
0.442499999999999,0.0,0.0,0.0
0.44750000000000156,0.0,0.0,0.0
0.45250000000000057,0.0,0.0,0.0
0.4574999999999996,0.0,0.0,0.0
0.46250000000000213,0.0,0.0,0.0
0.46750000000000114,0.0,0.0,0.0
0.47250000000000014,0.0,0.0,0.0
0.47749999999999915,0.0,0.0,0.0
0.4825000000000017,0.0,0.0,0.0
0.4875000000000007,0.0,0.0,0.0
0.4924999999999997,0.0,0.0,0.0
0.4974999999999987,0.0,0.0,0.0
0.5025000000000013,0.0,0.0,0.0
0.5075000000000003,0.0,0.0,0.0
0.5124999999999993,0.0,0.0,0.0
0.5175000000000018,0.0,0.0,0.0
0.5225000000000009,0.0,0.0,0.0
0.5274999999999999,0.0,0.0,0.0
0.5324999999999989,0.0,0.0,0.0
0.5375000000000014,0.0003534291735288517,0.0003534291735288517,0.0
0.5425000000000004,0.003652101459798135,0.003652101459798135,0.0
0.5474999999999994,0.010661780068120361,0.010661780068120361,0.0
0.552500000000002,0.02130392518215578,0.02130392518215578,0.0
0.557500000000001,0.030355639015311367,0.030355639015311367,0.0
0.5625,0.0351465678120358,0.0351465678120358,0.0
0.567499999999999,0.030787608005179965,0.030787608005179965,0.0
0.5725000000000016,0.027331856086231194,0.027331856086231194,0.0
0.5775000000000006,0.047182794666101674,0.047182794666101674,0.0
0.5824999999999996,0.04382521751757759,0.04382521751757759,0.0
0.5875000000000021,0.03498948817935631,0.03498948817935631,0.0
0.5925000000000011,0.02051852701875834,0.02051852701875834,0.0
0.5975000000000001,0.01661117115585603,0.01661117115585603,0.0
0.6024999999999991,0.014431691252428115,0.014431691252428115,0.0
0.6075000000000017,0.006832964021557801,0.006832964021557801,0.0
0.6125000000000007,0.006302820261264523,0.006302820261264523,0.0
0.6174999999999997,0.008030696220738908,0.008030696220738908,0.0
0.6224999999999987,0.015668693359779096,0.015668693359779096,0.0
0.6275000000000013,0.015374169048505052,0.015374169048505052,0.0
0.6325000000000003,0.019909843442125316,0.019909843442125316,0.0
0.6374999999999993,0.020400717294248725,0.020400717294248725,0.0
0.6425000000000018,0.016650441064025908,0.016650441064025908,0.0
0.6475000000000009,0.014844025288211776,0.014844025288211776,0.0
0.6524999999999999,0.010917034471224532,0.010917034471224532,0.0
0.6574999999999989,0.011309733552923256,0.011309733552923256,0.0
0.6625000000000014,0.011015209241649214,0.011015209241649214,0.0
0.6675000000000004,0.01994911335029519,0.01994911335029519,0.0
0.6724999999999994,0.009562222639363934,0.009562222639363934,0.0
0.677500000000002,0.004732023934469626,0.004732023934469626,0.0
0.682500000000001,0.0010013826583317466,0.0010013826583317466,0.0
0.6875,0.00812887099116359,0.00812887099116359,0.0
0.692499999999999,0.014196071803408879,0.014196071803408879,0.0
0.6975000000000016,0.03143556148998286,0.03143556148998286,0.0
0.7025000000000006,0.05961172060186629,0.05961172060186629,0.0
0.7074999999999996,0.07765624340592266,0.07765624340592266,0.0
0.7125000000000021,0.08556912990215196,0.08556912990215196,0.0
0.7175000000000011,0.061418136377680434,0.061418136377680434,0.0
0.7225000000000001,0.06440264939859074,0.06440264939859074,0.0
0.7274999999999991,0.05360342465187582,0.05360342465187582,0.0
0.7325000000000017,0.07180502708861168,0.07180502708861168,0.0
0.7375000000000007,0.06271404334728622,0.06271404334728622,0.0
0.7424999999999997,0.06024003913258425,0.06024003913258425,0.0
0.7474999999999987,0.058217638861835806,0.058217638861835806,0.0
0.7525000000000013,0.048812495855151385,0.048812495855151385,0.0
0.7575000000000003,0.05713771638716432,0.05713771638716432,0.0
0.7624999999999993,0.047791478242734706,0.047791478242734706,0.0
0.7675000000000018,0.07427903130331363,0.07427903130331363,0.0
0.7725000000000009,0.0923628240155399,0.0923628240155399,0.0
0.7774999999999999,0.08366453935591316,0.08366453935591316,0.0
0.7824999999999989,0.05281802648847835,0.05281802648847835,0.0
0.7875000000000014,0.04682936549257283,0.04682936549257283,0.0
0.7925000000000004,0.03310453258720243,0.03310453258720243,0.0
0.7974999999999994,0.03999640147101503,0.03999640147101503,0.0
0.802500000000002,0.03685480881742525,0.03685480881742525,0.0
0.807500000000001,0.037542032210398014,0.037542032210398014,0.0
0.8125,0.029825495255018094,0.029825495255018094,0.0
0.817499999999999,0.015001104920891262,0.015001104920891262,0.0
0.8225000000000016,0.012330751165339937,0.012330751165339937,0.0
0.8275000000000006,0.014412056298343176,0.014412056298343176,0.0
0.8324999999999996,0.002081305133003238,0.002081305133003238,0.0
0.8375000000000021,0.0,0.0,0.0
0.8425000000000011,0.0,0.0,0.0
0.8475000000000001,0.0,0.0,0.0
0.8524999999999991,0.0,0.0,0.0
0.8575000000000017,0.0,0.0,0.0
0.8625000000000007,0.0,0.0,0.0
0.8674999999999997,0.0,0.0,0.0
0.8724999999999987,0.0,0.0,0.0
0.8775000000000013,0.0,0.0,0.0
0.8825000000000003,0.0,0.0,0.0
0.8874999999999993,0.0,0.0,0.0
0.8925000000000018,0.0,0.0,0.0
0.8975000000000009,0.0,0.0,0.0
0.9024999999999999,0.0,0.0,0.0
0.9074999999999989,0.0,0.0,0.0
0.9125000000000014,0.0,0.0,0.0
0.9175000000000004,0.0,0.0,0.0
0.9224999999999994,0.0,0.0,0.0
0.927500000000002,0.0,0.0,0.0
0.932500000000001,0.0,0.0,0.0
0.9375,0.0,0.0,0.0
0.942499999999999,0.0,0.0,0.0
0.9475000000000016,0.0,0.0,0.0
0.9525000000000006,0.0,0.0,0.0
0.9574999999999996,0.0,0.0,0.0
0.9625000000000021,0.0,0.0,0.0
0.9675000000000011,0.0,0.0,0.0
0.9725000000000001,0.0,0.0,0.0
0.9774999999999991,0.0,0.0,0.0
0.9825000000000017,0.0,0.0,0.0
0.9875000000000007,0.0,0.0,0.0
0.9924999999999997,0.0,0.0,0.0
0.9974999999999987,0.0,0.0,0.0
1.0025000000000013,0.0,0.0,0.0
1.0075000000000003,0.0,0.0,0.0
1.0124999999999993,0.0,0.0,0.0
1.0175000000000018,0.0,0.0,0.0
1.0225000000000009,0.0,0.0,0.0
1.0274999999999999,0.0,0.0,0.0
1.0324999999999989,0.0,0.0,0.0
1.0375000000000014,0.0,0.0,0.0
1.0425000000000004,0.0,0.0,0.0
1.0474999999999994,0.0,0.0,0.0
1.052500000000002,0.0,0.0,0.0
1.057500000000001,0.0,0.0,0.0
1.0625,0.0,0.0,0.0
1.067499999999999,0.0,0.0,0.0
1.0725000000000016,0.0,0.0,0.0
1.0775000000000006,0.0,0.0,0.0
1.0824999999999996,0.0,0.0,0.0
1.0875000000000021,0.0,0.0,0.0
1.0925000000000011,0.0,0.0,0.0
1.0975000000000001,0.0,0.0,0.0
1.1024999999999991,0.0,0.0,0.0
1.1075000000000017,0.0,0.0,0.0
1.1125000000000007,0.0,0.0,0.0
1.1174999999999997,0.0,0.0,0.0
1.1224999999999987,0.0,0.0,0.0
1.1275000000000013,0.0,0.0,0.0
1.1325000000000003,0.0,0.0,0.0
1.1374999999999993,0.0,0.0,0.0
1.1425000000000018,0.0,0.0,0.0
1.1475000000000009,0.0,0.0,0.0
1.1524999999999999,0.0,0.0,0.0
1.1574999999999989,0.0,0.0,0.0
1.1625000000000014,0.0,0.0,0.0
1.1675000000000004,0.0,0.0,0.0
1.1724999999999994,0.0,0.0,0.0
1.177500000000002,0.0,0.0,0.0
1.182500000000001,0.0,0.0,0.0
1.1875,0.0,0.0,0.0
1.192499999999999,0.0,0.0,0.0
1.1975000000000016,0.0,0.0,0.0
1.2025000000000006,0.0,0.0,0.0
1.2074999999999996,0.0,0.0,0.0
1.2125000000000021,0.0,0.0,0.0
1.2175000000000011,0.0,0.0,0.0
1.2225000000000001,0.0,0.0,0.0
1.2274999999999991,0.0,0.0,0.0
1.2325000000000017,0.0,0.0,0.0
1.2375000000000007,0.008953539062730912,0.008953539062730912,0.0
1.2424999999999997,0.025132741228718346,0.025132741228718346,0.0
1.2474999999999987,0.025034566458293665,0.025034566458293665,0.0
1.2525000000000013,0.036108680562197674,0.036108680562197674,0.0
1.2575000000000003,0.051207960253513596,0.051207960253513596,0.0
1.2624999999999993,0.03815071578703103,0.03815071578703103,0.0
1.2675000000000018,0.04335397861953913,0.04335397861953913,0.0
1.2725000000000009,0.05833544858634544,0.05833544858634544,0.0
1.2774999999999999,0.05438882281527327,0.05438882281527327,0.0
1.2824999999999989,0.01755364895193297,0.01755364895193297,0.0
1.2875000000000014,0.030709068188840217,0.030709068188840217,0.0
1.2925000000000004,0.034832408546676824,0.034832408546676824,0.0
1.2974999999999994,0.045238934211693005,0.045238934211693005,0.0
1.302500000000002,0.05160065933521231,0.05160065933521231,0.0
1.307500000000001,0.060043689591734895,0.060043689591734895,0.0
1.3125,0.09079202768874502,0.09079202768874502,0.0
1.317499999999999,0.0916166957603123,0.0916166957603123,0.0
1.3225000000000016,0.0737096176348505,0.0737096176348505,0.0
1.3275000000000006,0.048007462737668996,0.048007462737668996,0.0
1.3324999999999996,0.06459899893944009,0.06459899893944009,0.0
1.3375000000000021,0.0534856149273662,0.0534856149273662,0.0
1.3425000000000011,0.011074114103904022,0.011074114103904022,0.0
1.3475000000000001,0.008187775853418398,0.008187775853418398,0.0
1.3524999999999991,0.003200497515844602,0.003200497515844602,0.0
1.3575000000000017,0.0038484510006474965,0.0038484510006474965,0.0
1.3625000000000007,0.0042018801741763485,0.0042018801741763485,0.0
1.3674999999999997,0.011093749057988957,0.011093749057988957,0.0
1.3724999999999987,0.007107853378746909,0.007107853378746909,0.0
1.3775000000000013,0.004476769531365455,0.004476769531365455,0.0
1.3825000000000003,0.004162610266006476,0.004162610266006476,0.0
1.3874999999999993,0.005654866776461628,0.005654866776461628,0.0
1.3925000000000018,0.023306690498819276,0.023306690498819276,0.0
1.3975000000000009,0.043236168895029514,0.043236168895029514,0.0
1.4024999999999999,0.045199664303523124,0.045199664303523124,0.0
1.4074999999999989,0.04007494128735479,0.04007494128735479,0.0
1.4125000000000014,0.036756634047000566,0.036756634047000566,0.0
1.4175000000000004,0.05688246198406017,0.05688246198406017,0.0
1.4224999999999994,0.10005972601683491,0.10005972601683491,0.0
1.427500000000002,0.13094550879243957,0.13094550879243957,0.0
1.432500000000001,0.1503055735201867,0.1503055735201867,0.0
1.4375,0.10897399517139593,0.10897399517139593,0.0
1.442499999999999,0.12397510009228721,0.12397510009228721,0.0
1.4475000000000016,0.03791509633801181,0.03791509633801181,0.0
1.4525000000000006,0,0,0
