omega,S,S_edge,S_cont,Sr,Sr_edge,Sr_cont
-1.5625,0.0,0.0,0.0
-1.5574999999999992,0.3644247478164104,0.3644247478164104,0.0
-1.5525000000000002,0.09110618695410233,0.09110618695410233,0.0
-1.5474999999999994,0.4555309347705188,0.4555309347705188,0.0
-1.5425000000000004,0.16947572897202406,0.16947572897202406,0.0
-1.5374999999999996,0.2860552057984953,0.2860552057984953,0.0
-1.5325000000000006,0.4179951857454288,0.4179951857454288,0.0
-1.5274999999999999,0.03753574902509082,0.03753574902509082,0.0
-1.522499999999999,0.45553093477051965,0.45553093477051965,0.0
-1.5175,0.18742364780198267,0.18742364780198267,0.0
-1.5124999999999993,0.2681072869685369,0.2681072869685369,0.0
-1.5075000000000003,0.44283073230911774,0.44283073230911774,0.0
-1.5024999999999995,0.012700202461402086,0.012700202461402086,0.0
-1.4975000000000005,0.4555309347705198,0.4555309347705198,0.0
-1.4924999999999997,0.21295160138652258,0.21295160138652258,0.0
-1.4875000000000007,0.2425793333839973,0.2425793333839973,0.0
-1.4825,0.4555309347705198,0.4555309347705198,0.0
-1.4774999999999991,0.0,0.0,0.0
-1.4725000000000001,0.4555309347705198,0.4555309347705198,0.0
-1.4674999999999994,0.23318628550902912,0.23318628550902912,0.0
-1.4625000000000004,0.22234464926149075,0.22234464926149075,0.0
-1.4574999999999996,0.4555309347705199,0.4555309347705199,0.0
-1.4525000000000006,0.0,0.0,0.0
-1.4474999999999998,0.4555309347705199,0.4555309347705199,0.0
-1.442499999999999,0.2550608809967094,0.2550608809967094,0.0
-1.4375,0.20047005377381047,0.20047005377381047,0.0
-1.4324999999999992,0.4555309347705199,0.4555309347705199,0.0
-1.4275000000000002,0.007771357747185076,0.007771357747185076,0.0
-1.4224999999999994,0.44775957702333485,0.44775957702333485,0.0
-1.4175000000000004,0.2772452375200338,0.2772452375200338,0.0
-1.4124999999999996,0.1782856972504861,0.1782856972504861,0.0
-1.4075000000000006,0.4555309347705198,0.4555309347705198,0.0
-1.4024999999999999,0.02499042708151072,0.02499042708151072,0.0
-1.397499999999999,0.43054050768900914,0.43054050768900914,0.0
-1.3925,0.29910161177032335,0.29910161177032335,0.0
-1.3874999999999993,0.15642932300019655,0.15642932300019655,0.0
-1.3825000000000003,0.4555309347705199,0.4555309347705199,0.0
-1.3774999999999995,0.04197262032975573,0.04197262032975573,0.0
-1.3725000000000005,0.4135583144407642,0.4135583144407642,0.0
-1.3674999999999997,0.32342696368706914,0.32342696368706914,0.0
-1.362499999999999,0.1321039710834508,0.1321039710834508,0.0
-1.3575,0.4555309347705199,0.4555309347705199,0.0
-1.3524999999999991,0.06137823815097985,0.06137823815097985,0.0
-1.3475000000000001,0.39415269661954005,0.39415269661954005,0.0
-1.3424999999999994,0.34731500590643516,0.34731500590643516,0.0
-1.3375000000000004,0.1082159288640847,0.1082159288640847,0.0
-1.3324999999999996,0.4555309347705198,0.4555309347705198,0.0
-1.3275000000000006,0.08185890897826245,0.08185890897826245,0.0
-1.3224999999999998,0.37367202579225745,0.37367202579225745,0.0
-1.317499999999999,0.37363558331747576,0.37363558331747576,0.0
-1.3125,0.08189535145304408,0.08189535145304408,0.0
-1.3074999999999992,0.4555309347705198,0.4555309347705198,0.0
-1.3025000000000002,0.1037243938472474,0.1037243938472474,0.0
-1.2974999999999994,0.35180654092327246,0.35180654092327246,0.0
-1.2925000000000004,0.3990542094776708,0.3990542094776708,0.0
-1.2874999999999996,0.05647672529284905,0.05647672529284905,0.0
-1.2825000000000006,0.45553093477051976,0.45553093477051976,0.0
-1.2774999999999999,0.12662848924750908,0.12662848924750908,0.0
-1.272499999999999,0.3289024455230106,0.3289024455230106,0.0
-1.2675,0.4252472382269756,0.4252472382269756,0.0
-1.2624999999999993,0.030283696543544156,0.030283696543544156,0.0
-1.2575000000000003,0.45553093477051976,0.45553093477051976,0.0
-1.2524999999999995,0.15088095621469155,0.15088095621469155,0.0
-1.2475000000000005,0.30464997855582815,0.30464997855582815,0.0
-1.2424999999999997,0.4546745366131511,0.4546745366131511,0.0
-1.237499999999999,0.0008563981573685782,0.0008563981573685782,0.0
-1.2325,0.45553093477051965,0.45553093477051965,0.0
-1.2274999999999991,0.1743590205927641,0.1743590205927641,0.0
-1.2225000000000001,0.28117191417775556,0.28117191417775556,0.0
-1.2174999999999994,0.45553093477051965,0.45553093477051965,0.0
-1.2125000000000004,0.0,0.0,0.0
-1.2074999999999996,0.45553093477051965,0.45553093477051965,0.0
-1.2025000000000006,0.19927656272471153,0.19927656272471153,0.0
-1.1974999999999998,0.25625437204580814,0.25625437204580814,0.0
-1.192499999999999,0.4555309347705196,0.4555309347705196,0.0
-1.1875,0.0,0.0,0.0
-1.1824999999999992,0.4555309347705195,0.4555309347705195,0.0
-1.1775000000000002,0.22478629507186057,0.22478629507186057,0.0
-1.1724999999999994,0.23074463969865897,0.23074463969865897,0.0
-1.1675000000000004,0.4555309347705195,0.4555309347705195,0.0
-1.1624999999999996,0.0,0.0,0.0
-1.1575000000000006,0.4555309347705194,0.4555309347705194,0.0
-1.1524999999999999,0.25148040784941295,0.25148040784941295,0.0
-1.147499999999999,0.2040505269211065,0.2040505269211065,0.0
-1.1425,0.4555309347705194,0.4555309347705194,0.0
-1.1374999999999993,0.0,0.0,0.0
-1.1325000000000003,0.4555309347705194,0.4555309347705194,0.0
-1.1274999999999995,0.277855648972626,0.277855648972626,0.0
-1.1225000000000005,0.17767528579789335,0.17767528579789335,0.0
-1.1174999999999997,0.4555309347705193,0.4555309347705193,0.0
-1.112499999999999,0.0,0.0,0.0
-1.1075,0.4555309347705192,0.4555309347705192,0.0
-1.1024999999999991,0.3052695006271158,0.3052695006271158,0.0
-1.0975000000000001,0.15026143414340346,0.15026143414340346,0.0
-1.0924999999999994,0.45553093477051904,0.45553093477051904,0.0
-1.0875000000000004,0.0,0.0,0.0
-1.0824999999999996,0.45553093477051904,0.45553093477051904,0.0
-1.0775000000000006,0.3346421353011187,0.3346421353011187,0.0
-1.0724999999999998,0.12088879946940037,0.12088879946940037,0.0
-1.067499999999999,0.455530934770519,0.455530934770519,0.0
-1.0625,0.01090541057840625,0.01090541057840625,0.0
-1.0574999999999992,0.44462552419211265,0.44462552419211265,0.0
-1.0525000000000002,0.36626509279288805,0.36626509279288805,0.0
-1.0474999999999994,0.08926584197763092,0.08926584197763092,0.0
-1.0425000000000004,0.45553093477051887,0.45553093477051887,0.0
-1.0374999999999996,0.03310798833912136,0.03310798833912136,0.0
-1.0325000000000006,0.4224229464313975,0.4224229464313975,0.0
-1.0274999999999999,0.39767850605466304,0.39767850605466304,0.0
-1.022499999999999,0.05785242871585588,0.05785242871585588,0.0
-1.0175,0.4555309347705187,0.4555309347705187,0.0
-1.0124999999999993,0.05808930480193659,0.05808930480193659,0.0
-1.0075000000000003,0.39744162996858207,0.39744162996858207,0.0
-1.0024999999999995,0.43099603862377855,0.43099603862377855,0.0
-0.9975000000000005,0.024534896146740124,0.024534896146740124,0.0
-0.9924999999999997,0.45553093477051854,0.45553093477051854,0.0
-0.9874999999999989,0.08368103271734433,0.08368103271734433,0.0
-0.9824999999999999,0.37184990205317414,0.37184990205317414,0.0
-0.9774999999999991,0.4555309347705184,0.4555309347705184,0.0
-0.9725000000000001,0.0,0.0,0.0
-0.9674999999999994,0.45553093477051837,0.45553093477051837,0.0
-0.9625000000000004,0.11312655234091056,0.11312655234091056,0.0
-0.9574999999999996,0.34240438242960775,0.34240438242960775,0.0
-0.9525000000000006,0.45553093477051826,0.45553093477051826,0.0
-0.9474999999999998,0.0,0.0,0.0
-0.942499999999999,0.4555309347705182,0.4555309347705182,0.0
-0.9375,0.14390222229400668,0.14390222229400668,0.0
-0.9324999999999992,0.31162871247651147,0.31162871247651147,0.0
-0.9275000000000002,0.4555309347705181,0.4555309347705181,0.0
-0.9224999999999994,0.0,0.0,0.0
-0.9175000000000004,0.45553093477051804,0.45553093477051804,0.0
-0.9124999999999996,0.1747143347218845,0.1747143347218845,0.0
-0.9075000000000006,0.28081660004863346,0.28081660004863346,0.0
-0.9024999999999999,0.4555309347705179,0.4555309347705179,0.0
-0.8974999999999991,0.0,0.0,0.0
-0.8925000000000001,0.4555309347705178,0.4555309347705178,0.0
-0.8874999999999993,0.20788609739187344,0.20788609739187344,0.0
-0.8825000000000003,0.24764483737864432,0.24764483737864432,0.0
-0.8774999999999995,0.45553093477051776,0.45553093477051776,0.0
-0.8725000000000005,0.0,0.0,0.0
-0.8674999999999997,0.45553093477051765,0.45553093477051765,0.0
-0.8624999999999989,0.2412856255292478,0.2412856255292478,0.0
-0.8574999999999999,0.2142453092412699,0.2142453092412699,0.0
-0.8524999999999991,0.4555309347705176,0.4555309347705176,0.0
-0.8475000000000001,0.0,0.0,0.0
-0.8424999999999994,0.4555309347705174,0.4555309347705174,0.0
-0.8375000000000004,0.2763159544131004,0.2763159544131004,0.0
-0.8324999999999996,0.17921498035741695,0.17921498035741695,0.0
-0.8275000000000006,0.4555309347705173,0.4555309347705173,0.0
-0.8224999999999998,0.0,0.0,0.0
-0.817499999999999,0.4555309347705172,0.4555309347705172,0.0
-0.8125,0.3127219867199601,0.3127219867199601,0.0
-0.8074999999999992,0.14280894805055716,0.14280894805055716,0.0
-0.8025000000000002,0.4555309347705172,0.4555309347705172,0.0
-0.7974999999999994,0.0,0.0,0.0
-0.7925000000000004,0.45553093477051704,0.45553093477051704,0.0
-0.7874999999999996,0.3525900541310756,0.3525900541310756,0.0
-0.7825000000000006,0.10294088063944141,0.10294088063944141,0.0
-0.7774999999999999,0.455530934770517,0.455530934770517,0.0
-0.7724999999999991,0.0,0.0,0.0
-0.7675000000000001,0.45553093477051687,0.45553093477051687,0.0
-0.7624999999999993,0.3942346921877961,0.3942346921877961,0.0
-0.7575000000000003,0.06129624258272075,0.06129624258272075,0.0
-0.7524999999999995,0.4555309347705167,0.4555309347705167,0.0
-0.7475000000000005,0.0,0.0,0.0
-0.7424999999999997,0.4555309347705167,0.4555309347705167,0.0
-0.7374999999999989,0.4383391972922773,0.4383391972922773,0.0
-0.7324999999999999,0.0171917374782393,0.0171917374782393,0.0
-0.7274999999999991,0.45553093477051654,0.45553093477051654,0.0
-0.7225000000000001,0.0,0.0,0.0
-0.7174999999999994,0.45553093477051654,0.45553093477051654,0.0
-0.7125000000000004,0.4555309347705164,0.4555309347705164,0.0
-0.7074999999999996,0.0,0.0,0.0
-0.7025000000000006,0.45553093477051637,0.45553093477051637,0.0
-0.6974999999999998,0.013547490000075175,0.013547490000075175,0.0
-0.692499999999999,0.4419834447704411,0.4419834447704411,0.0
-0.6875,0.45553093477051626,0.45553093477051626,0.0
-0.6824999999999992,0.0,0.0,0.0
-0.6775000000000002,0.4555309347705162,0.4555309347705162,0.0
-0.6724999999999994,0.04793096495655375,0.04793096495655375,0.0
-0.6675000000000004,0.40759996981396235,0.40759996981396235,0.0
-0.6624999999999996,0.4555309347705161,0.4555309347705161,0.0
-0.6575000000000006,0.0,0.0,0.0
-0.6524999999999999,0.45553093477051604,0.45553093477051604,0.0
-0.6474999999999991,0.08489274500383341,0.08489274500383341,0.0
-0.6425000000000001,0.3706381897666825,0.3706381897666825,0.0
-0.6374999999999993,0.4555309347705159,0.4555309347705159,0.0
-0.6325000000000003,0.0,0.0,0.0
-0.6274999999999995,0.4555309347705158,0.4555309347705158,0.0
-0.6225000000000005,0.12850527669876252,0.12850527669876252,0.0
-0.6174999999999997,0.3270256580717532,0.3270256580717532,0.0
-0.6124999999999989,0.45553093477051565,0.45553093477051565,0.0
-0.6074999999999999,0.0,0.0,0.0
-0.6024999999999991,0.4555309347705156,0.4555309347705156,0.0
-0.5975000000000001,0.1738761578019058,0.1738761578019058,0.0
-0.5924999999999994,0.2816547769686098,0.2816547769686098,0.0
-0.5875000000000004,0.4555309347705155,0.4555309347705155,0.0
-0.5824999999999996,0.0,0.0,0.0
-0.5775000000000006,0.4555309347705155,0.4555309347705155,0.0
-0.5724999999999998,0.22246308730452893,0.22246308730452893,0.0
-0.567499999999999,0.23306784746598652,0.23306784746598652,0.0
-0.5625,0.4555309347705153,0.4555309347705153,0.0
-0.5574999999999992,0.0,0.0,0.0
-0.5525000000000002,0.45553093477051526,0.45553093477051526,0.0
-0.5474999999999994,0.2728812511649294,0.2728812511649294,0.0
-0.5425000000000004,0.18264968360558576,0.18264968360558576,0.0
-0.5374999999999996,0.45553093477051515,0.45553093477051515,0.0
-0.5325000000000006,0.0,0.0,0.0
-0.5274999999999999,0.455530934770515,0.455530934770515,0.0
-0.5224999999999991,0.3276451801430406,0.3276451801430406,0.0
-0.5175000000000001,0.12788575462747437,0.12788575462747437,0.0
-0.5124999999999993,0.455530934770515,0.455530934770515,0.0
-0.5075000000000003,0.0,0.0,0.0
-0.5024999999999995,0.4555309347705148,0.4555309347705148,0.0
-0.4975000000000005,0.3863722282536553,0.3863722282536553,0.0
-0.4924999999999997,0.06915870651685956,0.06915870651685956,0.0
-0.48749999999999893,0.4555309347705148,0.4555309347705148,0.0
-0.48249999999999993,0.0,0.0,0.0
-0.47749999999999915,0.4555309347705147,0.4555309347705147,0.0
-0.47250000000000014,0.4518411341988734,0.4518411341988734,0.0
-0.46749999999999936,0.0036898005716411737,0.0036898005716411737,0.0
-0.46250000000000036,0.45553093477051454,0.45553093477051454,0.0
-0.4574999999999996,0.0,0.0,0.0
-0.45250000000000057,0.45553093477051443,0.45553093477051443,0.0
-0.4474999999999998,0.4555309347705144,0.4555309347705144,0.0
-0.442499999999999,0.0,0.0,0.0
-0.4375,0.45553093477051443,0.45553093477051443,0.0
-0.4324999999999992,0.0,0.0,0.0
-0.4275000000000002,0.45553093477051426,0.45553093477051426,0.0
-0.42249999999999943,0.45553093477051426,0.45553093477051426,0.0
-0.4175000000000004,0.0,0.0,0.0
-0.41249999999999964,0.4555309347705142,0.4555309347705142,0.0
-0.40750000000000064,0.0,0.0,0.0
-0.40249999999999986,0.4555309347705141,0.4555309347705141,0.0
-0.3974999999999991,0.45553093477051404,0.45553093477051404,0.0
-0.39250000000000007,0.0,0.0,0.0
-0.3874999999999993,0.45553093477051404,0.45553093477051404,0.0
-0.3825000000000003,0.0,0.0,0.0
-0.3774999999999995,0.45553093477051393,0.45553093477051393,0.0
-0.3725000000000005,0.45553093477051393,0.45553093477051393,0.0
-0.3674999999999997,0.0,0.0,0.0
-0.36249999999999893,0.45553093477051376,0.45553093477051376,0.0
-0.35749999999999993,0.0,0.0,0.0
-0.35249999999999915,0.45553093477051376,0.45553093477051376,0.0
-0.34750000000000014,0.4555309347705136,0.4555309347705136,0.0
-0.34249999999999936,0.0,0.0,0.0
-0.33750000000000036,0.4555309347705136,0.4555309347705136,0.0
-0.3324999999999996,0.019460281533396358,0.019460281533396358,0.0
-0.32750000000000057,0.4360706532371172,0.4360706532371172,0.0
-0.3224999999999998,0.45553093477051343,0.45553093477051343,0.0
-0.317499999999999,0.0,0.0,0.0
-0.3125,0.45553093477051343,0.45553093477051343,0.0
-0.3074999999999992,0.08698818730377726,0.08698818730377726,0.0
-0.3025000000000002,0.36854274746673604,0.36854274746673604,0.0
-0.29749999999999943,0.4555309347705133,0.4555309347705133,0.0
-0.2925000000000004,0.0,0.0,0.0
-0.28749999999999964,0.45553093477051326,0.45553093477051326,0.0
-0.28250000000000064,0.17001325547505092,0.17001325547505092,0.0
-0.27749999999999986,0.28551767929546223,0.28551767929546223,0.0
-0.2724999999999991,0.45553093477051304,0.45553093477051304,0.0
-0.26750000000000007,0.0,0.0,0.0
-0.2624999999999993,0.45553093477051304,0.45553093477051304,0.0
-0.2575000000000003,0.262130721104344,0.262130721104344,0.0
-0.2524999999999995,0.193400213666169,0.193400213666169,0.0
-0.2475000000000005,0.4555309347705128,0.4555309347705128,0.0
-0.24249999999999972,0.0,0.0,0.0
-0.23749999999999893,0.4555309347705129,0.4555309347705129,0.0
-0.23249999999999993,0.36580956185811253,0.36580956185811253,0.0
-0.22749999999999915,0.0897213729124002,0.0897213729124002,0.0
-0.22250000000000014,0.4555309347705127,0.4555309347705127,0.0
-0.21749999999999936,0.0,0.0,0.0
-0.21250000000000036,0.45553093477051265,0.45553093477051265,0.0
-0.20749999999999957,0.45553093477051254,0.45553093477051254,0.0
-0.20250000000000057,0.0,0.0,0.0
-0.1974999999999998,0.4555309347705125,0.4555309347705125,0.0
-0.192499999999999,0.0,0.0,0.0
-0.1875,0.4555309347705124,0.4555309347705124,0.0
-0.18249999999999922,0.4555309347705124,0.4555309347705124,0.0
-0.1775000000000002,0.0,0.0,0.0
-0.17249999999999943,0.4555309347705122,0.4555309347705122,0.0
-0.16750000000000043,0.0,0.0,0.0
-0.16249999999999964,0.45553093477051226,0.45553093477051226,0.0
-0.15750000000000064,0.4555309347705122,0.4555309347705122,0.0
-0.15249999999999986,0.0,0.0,0.0
-0.14749999999999908,0.4555309347705121,0.4555309347705121,0.0
-0.14250000000000007,0.0,0.0,0.0
-0.1374999999999993,0.45553093477051204,0.45553093477051204,0.0
-0.13250000000000028,0.45553093477051204,0.45553093477051204,0.0
-0.1274999999999995,0.0,0.0,0.0
-0.1225000000000005,0.45553093477051193,0.45553093477051193,0.0
-0.11749999999999972,0.0,0.0,0.0
-0.11249999999999893,0.4555309347705119,0.4555309347705119,0.0
-0.10749999999999993,0.45553093477051176,0.45553093477051176,0.0
-0.10249999999999915,0.0,0.0,0.0
-0.09750000000000014,0.45553093477051176,0.45553093477051176,0.0
-0.09249999999999936,0.0,0.0,0.0
-0.08750000000000036,0.4555309347705119,0.4555309347705119,0.0
-0.08249999999999957,0.45553093477051254,0.45553093477051254,0.0
-0.07750000000000057,0.0,0.0,0.0
-0.07249999999999979,0.4555309347705141,0.4555309347705141,0.0
-0.067499999999999,0.0,0.0,0.0
-0.0625,0.4555309347705174,0.4555309347705174,0.0
-0.05749999999999922,0.4555309347705212,0.4555309347705212,0.0
-0.05250000000000021,0.0,0.0,0.0
-0.04749999999999943,0.4555309347705252,0.4555309347705252,0.0
-0.042500000000000426,0.0,0.0,0.0
-0.037499999999999645,0.45553093477052903,0.45553093477052903,0.0
-0.03250000000000064,0.4555309347705333,0.4555309347705333,0.0
-0.027499999999999858,0.0,0.0,0.0
-0.022499999999999076,0.45553093477053686,0.45553093477053686,0.0
-0.01750000000000007,0.0,0.0,0.0
-0.01249999999999929,0.4555309347705408,0.4555309347705408,0.0
-0.007500000000000284,0.4555309347705446,0.4555309347705446,0.0
-0.0024999999999995026,0.0,0.0,0.0
0.0024999999999995026,0.4555309347705469,0.4555309347705469,0.0
0.007500000000000284,0.0,0.0,0.0
0.012500000000001066,0.4555309347705412,0.4555309347705412,0.0
0.01750000000000007,0.4555309347705287,0.4555309347705287,0.0
0.022500000000000853,0.0,0.0,0.0
0.027499999999999858,0.45553093477051776,0.45553093477051776,0.0
0.03250000000000064,0.1083981412379898,0.1083981412379898,0.0
0.037499999999999645,0.3471327935325155,0.3471327935325155,0.0
0.042500000000000426,0.4555309347704973,0.4555309347704973,0.0
0.04749999999999943,0.0,0.0,0.0
0.05250000000000021,0.45553093477053547,0.45553093477053547,0.0
0.057500000000000995,0.45553093477057666,0.45553093477057666,0.0
0.0625,0.0,0.0,0.0
0.06750000000000078,0.455530934770537,0.455530934770537,0.0
0.07249999999999979,0.0,0.0,0.0
0.07750000000000057,0.45553093477041773,0.45553093477041773,0.0
0.08249999999999957,0.45553093477023776,0.45553093477023776,0.0
0.08750000000000036,0.0,0.0,0.0
0.09249999999999936,0.4555309347703699,0.4555309347703699,0.0
