omega,S,S_edge,S_cont,Sr,Sr_edge,Sr_cont
-1.0325000000000006,0.0,0.0,0.0
-1.0274999999999999,4.2097341558103226e-5,4.2097341558103226e-5,0.0
-1.022499999999999,0.14801425291829098,0.14801425291829098,0.0
-1.0175,0.978089633760971,0.978089633760971,0.0
-1.0124999999999993,4.769060484422006,4.769060484422006,0.0
-1.0075000000000003,8.737134851017954,8.737134851017954,0.0
-1.0024999999999995,6.245561593560109,6.245561593560109,0.0
-0.9975000000000005,4.571623952514506,4.571623952514506,0.0
-0.9924999999999997,3.851296341113817,3.851296341113817,0.0
-0.9874999999999989,3.406580024894024,3.406580024894024,0.0
-0.9824999999999999,3.0956701088166594,3.0956701088166594,0.0
-0.9774999999999991,2.8563467220588477,2.8563467220588477,0.0
-0.9725000000000001,2.6684031406726993,2.6684031406726993,0.0
-0.9674999999999994,2.5131691936771974,2.5131691936771974,0.0
-0.9625000000000004,2.3900976156320852,2.3900976156320852,0.0
-0.9574999999999996,2.2775082756349403,2.2775082756349403,0.0
-0.9525000000000006,2.1815473855532455,2.1815473855532455,0.0
-0.9474999999999998,2.0970159237045753,2.0970159237045753,0.0
-0.942499999999999,2.0227772618668607,2.0227772618668607,0.0
-0.9375,1.9507697591317257,1.9507697591317257,0.0
-0.9324999999999992,1.8879184281854782,1.8879184281854782,0.0
-0.9275000000000002,1.8374858129988698,1.8374858129988698,0.0
-0.9224999999999994,1.7889896755239352,1.7889896755239352,0.0
-0.9175000000000004,1.7350629809880052,1.7350629809880052,0.0
-0.9124999999999996,1.6925657146851,1.6925657146851,0.0
-0.9075000000000006,1.6591193768171864,1.6591193768171864,0.0
-0.9024999999999999,1.6129175444571686,1.6129175444571686,0.0
-0.8974999999999991,1.5754930078120146,1.5754930078120146,0.0
-0.8925000000000001,1.5566754961355427,1.5566754961355427,0.0
-0.8874999999999993,1.5055061774716678,1.5055061774716678,0.0
-0.8825000000000003,1.4810265733556307,1.4810265733556307,0.0
-0.8774999999999995,1.4737437332660788,1.4737437332660788,0.0
-0.8725000000000005,1.406156451394544,1.406156451394544,0.0
-0.8674999999999997,1.4128078313607242,1.4128078313607242,0.0
-0.8624999999999989,1.3913802845076497,1.3913802845076497,0.0
-0.8574999999999999,1.3435787531684236,1.3435787531684236,0.0
-0.8524999999999991,1.3252874582614276,1.3252874582614276,0.0
-0.8475000000000001,1.3300865551990515,1.3300865551990515,0.0
-0.8424999999999994,1.2987240357382646,1.2987240357382646,0.0
-0.8375000000000004,1.2572371056327538,1.2572371056327538,0.0
-0.8324999999999996,1.2448604872146711,1.2448604872146711,0.0
-0.8275000000000006,1.2425240847581964,1.2425240847581964,0.0
-0.8224999999999998,1.2243380332050957,1.2243380332050957,0.0
-0.817499999999999,1.1997742344059426,1.1997742344059426,0.0
-0.8125,1.1889762662962893,1.1889762662962893,0.0
-0.8074999999999992,1.16965358652112,1.16965358652112,0.0
-0.8025000000000002,1.15544573374526,1.15544573374526,0.0
-0.7974999999999994,1.1378911423155311,1.1378911423155311,0.0
-0.7925000000000004,1.1205891349351504,1.1205891349351504,0.0
-0.7874999999999996,1.106423379500849,1.106423379500849,0.0
-0.7825000000000006,1.0913525312230479,1.0913525312230479,0.0
-0.7774999999999999,1.0785759880601633,1.0785759880601633,0.0
-0.7724999999999991,1.0656731528726047,1.0656731528726047,0.0
-0.7675000000000001,1.0534649238207552,1.0534649238207552,0.0
-0.7624999999999993,1.040856770024103,1.040856770024103,0.0
-0.7575000000000003,1.0321847176631338,1.0321847176631338,0.0
-0.7524999999999995,1.0209236787963412,1.0209236787963412,0.0
-0.7475000000000005,1.009915223978897,1.009915223978897,0.0
-0.7424999999999997,1.0024008485107756,1.0024008485107756,0.0
-0.7374999999999989,0.9929289466602024,0.9929289466602024,0.0
-0.7324999999999999,0.9833518014557341,0.9833518014557341,0.0
-0.7274999999999991,0.9719013245519299,0.9719013245519299,0.0
-0.7225000000000001,0.9578829098130814,0.9578829098130814,0.0
-0.7174999999999994,0.9466008222755097,0.9466008222755097,0.0
-0.7125000000000004,0.9324982128535452,0.9324982128535452,0.0
-0.7074999999999996,0.9109654226465754,0.9109654226465754,0.0
-0.7025000000000006,0.9081659494329616,0.9081659494329616,0.0
-0.6974999999999998,0.9123335862472138,0.9123335862472138,0.0
-0.692499999999999,0.9188586741887198,0.9188586741887198,0.0
-0.6875,0.9037457285693608,0.9037457285693608,0.0
-0.6824999999999992,0.8837073939877035,0.8837073939877035,0.0
-0.6775000000000002,0.84849296777435,0.84849296777435,0.0
-0.6724999999999994,0.8423888532484252,0.8423888532484252,0.0
-0.6675000000000004,0.8697521252611923,0.8697521252611923,0.0
-0.6624999999999996,0.8782557882559291,0.8782557882559291,0.0
-0.6575000000000006,0.8503452508029067,0.8503452508029067,0.0
-0.6524999999999999,0.8099739002486858,0.8099739002486858,0.0
-0.6474999999999991,0.8108368957506268,0.8108368957506268,0.0
-0.6425000000000001,0.8267286421888108,0.8267286421888108,0.0
-0.6374999999999993,0.8423678045776463,0.8423678045776463,0.0
-0.6325000000000003,0.7837683051287663,0.7837683051287663,0.0
-0.6274999999999995,0.7760434429528544,0.7760434429528544,0.0
-0.6225000000000005,0.799996830299415,0.799996830299415,0.0
-0.6174999999999997,0.8086899313311636,0.8086899313311636,0.0
-0.6124999999999989,0.7532898298406997,0.7532898298406997,0.0
-0.6074999999999999,0.7529320024374557,0.7529320024374557,0.0
-0.6024999999999991,0.7870308490995191,0.7870308490995191,0.0
-0.5975000000000001,0.7568470552023593,0.7568470552023593,0.0
-0.5924999999999994,0.7258423631448162,0.7258423631448162,0.0
-0.5875000000000004,0.7503009185900743,0.7503009185900743,0.0
-0.5824999999999996,0.7531845864868043,0.7531845864868043,0.0
-0.5775000000000006,0.7077405062748318,0.7077405062748318,0.0
-0.5724999999999998,0.7266632613051992,0.7266632613051992,0.0
-0.567499999999999,0.7307888007778934,0.7307888007778934,0.0
-0.5625,0.6915119811041831,0.6915119811041831,0.0
-0.5574999999999992,0.7145813242780236,0.7145813242780236,0.0
-0.5525000000000002,0.7050673250858923,0.7050673250858923,0.0
-0.5474999999999994,0.6761885487770334,0.6761885487770334,0.0
-0.5425000000000004,0.7007523475761867,0.7007523475761867,0.0
-0.5374999999999996,0.6809034510315409,0.6809034510315409,0.0
-0.5325000000000006,0.6581919352609442,0.6581919352609442,0.0
-0.5274999999999999,0.6896596980756264,0.6896596980756264,0.0
-0.5224999999999991,0.6516878959902174,0.6516878959902174,0.0
-0.5175000000000001,0.6497514182785445,0.6497514182785445,0.0
-0.5124999999999993,0.6804403802744018,0.6804403802744018,0.0
-0.5075000000000003,0.6186835802086643,0.6186835802086643,0.0
-0.5024999999999995,0.6516247499778802,0.6516247499778802,0.0
-0.4975000000000005,0.648656887398034,0.648656887398034,0.0
-0.4924999999999997,0.5946459981789874,0.5946459981789874,0.0
-0.48749999999999893,0.6679374698316451,0.6679374698316451,0.0
-0.48249999999999993,0.5976349094296127,0.5976349094296127,0.0
-0.47749999999999915,0.6081592448191387,0.6081592448191387,0.0
-0.47250000000000014,0.6388903041565539,0.6388903041565539,0.0
-0.46749999999999936,0.5584633331097978,0.5584633331097978,0.0
-0.46250000000000036,0.6408057331974476,0.6408057331974476,0.0
-0.4574999999999996,0.5619363637883412,0.5619363637883412,0.0
-0.45250000000000057,0.5942881707757437,0.5942881707757437,0.0
-0.4474999999999998,0.604286289395793,0.604286289395793,0.0
-0.442499999999999,0.5440239449553683,0.5440239449553683,0.0
-0.4375,0.6244298673313455,0.6244298673313455,0.0
-0.4324999999999992,0.5183445666049253,0.5183445666049253,0.0
-0.4275000000000002,0.6086644129178358,0.6086644129178358,0.0
-0.42249999999999943,0.5141769297906731,0.5141769297906731,0.0
-0.4175000000000004,0.5856371670855534,0.5856371670855534,0.0
-0.41249999999999964,0.5226595441146308,0.5226595441146308,0.0
-0.40750000000000064,0.565051567063641,0.565051567063641,0.0
-0.40249999999999986,0.5241960970815017,0.5241960970815017,0.0
-0.3974999999999991,0.551243639032583,0.551243639032583,0.0
-0.39250000000000007,0.5166396242718221,0.5166396242718221,0.0
-0.3874999999999993,0.544276529004717,0.544276529004717,0.0
-0.3825000000000003,0.4996533469531274,0.4996533469531274,0.0
-0.3774999999999995,0.5437924095767989,0.5437924095767989,0.0
-0.3725000000000005,0.4776574859890185,0.4776574859890185,0.0
-0.3674999999999997,0.550064913468956,0.550064913468956,0.0
-0.36249999999999893,0.4532620765560977,0.4532620765560977,0.0
-0.35749999999999993,0.5486125551852015,0.5486125551852015,0.0
-0.35249999999999915,0.43829647163219204,0.43829647163219204,0.0
-0.34750000000000014,0.5427189273670672,0.5427189273670672,0.0
-0.34249999999999936,0.4361074098711706,0.4361074098711706,0.0
-0.33750000000000036,0.5294582647762646,0.5294582647762646,0.0
-0.3324999999999996,0.43976987858672567,0.43976987858672567,0.0
-0.32750000000000057,0.490918148579821,0.490918148579821,0.0
-0.3224999999999998,0.4667121771839117,0.4667121771839117,0.0
-0.317499999999999,0.44343234730228054,0.44343234730228054,0.0
-0.3125,0.4892974009298341,0.4892974009298341,0.0
-0.3074999999999992,0.4156901992154905,0.4156901992154905,0.0
-0.3025000000000002,0.501905554726486,0.501905554726486,0.0
-0.29749999999999943,0.4148903497258867,0.4148903497258867,0.0
-0.2925000000000004,0.46241824834498507,0.46241824834498507,0.0
-0.28749999999999964,0.43774920619193664,0.43774920619193664,0.0
-0.28250000000000064,0.4071023415376376,0.4071023415376376,0.0
-0.27749999999999986,0.46820663280922437,0.46820663280922437,0.0
-0.2724999999999991,0.40455545237337226,0.40455545237337226,0.0
-0.26750000000000007,0.4360232151880544,0.4360232151880544,0.0
-0.2624999999999993,0.41712150882846605,0.41712150882846605,0.0
-0.2575000000000003,0.4082179210889271,0.4082179210889271,0.0
-0.2524999999999995,0.41720570351158215,0.41720570351158215,0.0
-0.2475000000000005,0.39628332475720496,0.39628332475720496,0.0
-0.24249999999999972,0.42305723398815864,0.42305723398815864,0.0
-0.23749999999999893,0.3784761492781272,0.3784761492781272,0.0
-0.23249999999999993,0.41270128796486516,0.41270128796486516,0.0
-0.22749999999999915,0.38460131247483126,0.38460131247483126,0.0
-0.22250000000000014,0.3737401983528406,0.3737401983528406,0.0
-0.21749999999999936,0.4216680217167412,0.4216680217167412,0.0
-0.21250000000000036,0.3405043471927181,0.3405043471927181,0.0
-0.20749999999999957,0.3814019145164155,0.3814019145164155,0.0
-0.20250000000000057,0.4107437615824134,0.4107437615824134,0.0
-0.1974999999999998,0.31423560606046164,0.31423560606046164,0.0
-0.192499999999999,0.3850222858904123,0.3850222858904123,0.0
-0.1875,0.3946204797656598,0.3946204797656598,0.0
-0.18249999999999922,0.30063816473719435,0.30063816473719435,0.0
-0.1775000000000002,0.37599240612619916,0.37599240612619916,0.0
-0.17249999999999943,0.3826648347631585,0.3826648347631585,0.0
-0.16750000000000043,0.29470243957750175,0.29470243957750175,0.0
-0.16249999999999964,0.3524178948536613,0.3524178948536613,0.0
-0.15750000000000064,0.37468738853789796,0.37468738853789796,0.0
-0.15249999999999986,0.29952258518590463,0.29952258518590463,0.0
-0.14749999999999908,0.3282961181408681,0.3282961181408681,0.0
-0.14250000000000007,0.3520179701088593,0.3520179701088593,0.0
-0.1374999999999993,0.32387589727726734,0.32387589727726734,0.0
-0.13250000000000028,0.29562858109178003,0.29562858109178003,0.0
-0.1274999999999995,0.3242758220220692,0.3242758220220692,0.0
-0.1225000000000005,0.3434932584433434,0.3434932584433434,0.0
-0.11749999999999972,0.2912294088989582,0.2912294088989582,0.0
-0.11249999999999893,0.2854831217762771,0.2854831217762771,0.0
-0.10749999999999993,0.33313731242005,0.33313731242005,0.0
-0.10249999999999915,0.31631942446758776,0.31631942446758776,0.0
-0.09750000000000014,0.2662025393426659,0.2662025393426659,0.0
-0.09249999999999936,0.2714015610250916,0.2714015610250916,0.0
-0.08750000000000036,0.3450087627394351,0.3450087627394351,0.0
-0.08249999999999957,0.2822205778055242,0.2822205778055242,0.0
-0.07750000000000057,0.2480375364603443,0.2480375364603443,0.0
-0.07249999999999979,0.2800104673737237,0.2800104673737237,0.0
-0.067499999999999,0.3251809148655685,0.3251809148655685,0.0
-0.0625,0.2618033671498441,0.2618033671498441,0.0
-0.05749999999999922,0.22987253357802276,0.22987253357802276,0.0
-0.05250000000000021,0.2792316665548988,0.2792316665548988,0.0
-0.04749999999999943,0.3071211553371422,0.3071211553371422,0.0
-0.042500000000000426,0.2593827700102531,0.2593827700102531,0.0
-0.037499999999999645,0.21027622108272567,0.21027622108272567,0.0
-0.03250000000000064,0.25978269475505505,0.25978269475505505,0.0
-0.027499999999999858,0.29476558558983895,0.29476558558983895,0.0
-0.022499999999999076,0.2694650833134189,0.2694650833134189,0.0
-0.01750000000000007,0.2047825180093932,0.2047825180093932,0.0
-0.01249999999999929,0.22351583500274913,0.22351583500274913,0.0
-0.007500000000000284,0.2664972207335726,0.2664972207335726,0.0
-0.0024999999999995026,0.2847464182990104,0.2847464182990104,0.0
0.0024999999999995026,0.20398266851978916,0.20398266851978916,0.0
0.007500000000000284,0.21084453519376006,0.21084453519376006,0.0
0.012500000000001066,0.22212662273133174,0.22212662273133174,0.0
0.01750000000000007,0.27466410499584465,0.27466410499584465,0.0
0.022500000000000853,0.23530309063901805,0.23530309063901805,0.0
0.027499999999999858,0.19232170490819464,0.19232170490819464,0.0
0.03250000000000064,0.20663480103794976,0.20663480103794976,0.0
0.037499999999999645,0.2163382382670925,0.2163382382670925,0.0
0.042500000000000426,0.2705596141939296,0.2705596141939296,0.0
0.04749999999999943,0.20114109796461727,0.20114109796461727,0.0
0.05250000000000021,0.18274455970372616,0.18274455970372616,0.0
0.057500000000000995,0.19642619571010964,0.19642619571010964,0.0
0.0625,0.21804318060019576,0.21804318060019576,0.0
0.06750000000000078,0.2503318415752609,0.2503318415752609,0.0
0.07249999999999979,0.18099752002906488,0.18099752002906488,0.0
0.07750000000000057,0.174535578099896,0.174535578099896,0.0
0.08249999999999957,0.18745946195823368,0.18745946195823368,0.0
0.08750000000000036,0.20844498672494818,0.20844498672494818,0.0
0.09249999999999936,0.22421044113845787,0.22421044113845787,0.0
0.09750000000000014,0.188385603472512,0.188385603472512,0.0
0.10250000000000092,0.1689155830018892,0.1689155830018892,0.0
0.10749999999999993,0.16716854332722797,0.16716854332722797,0.0
0.11250000000000071,0.19406874458285595,0.19406874458285595,0.0
0.11749999999999972,0.2000886644256647,0.2000886644256647,0.0
0.1225000000000005,0.19766806728607378,0.19766806728607378,0.0
0.1274999999999995,0.16620030447139156,0.16620030447139156,0.0
0.13250000000000028,0.16135911019220972,0.16135911019220972,0.0
0.13750000000000107,0.16807363617072715,0.16807363617072715,0.0
0.14250000000000007,0.18432321001215501,0.18432321001215501,0.0
0.14750000000000085,0.1725780517174442,0.1725780517174442,0.0
0.15249999999999986,0.1843863560244922,0.1843863560244922,0.0
0.15750000000000064,0.1655267470064619,0.1655267470064619,0.0
0.16249999999999964,0.15133994290138114,0.15133994290138114,0.0
0.16750000000000043,0.16676861858242598,0.16676861858242598,0.0
0.17249999999999943,0.16321139322076625,0.16321139322076625,0.0
0.1775000000000002,0.1402472934008209,0.1402472934008209,0.0
0.182500000000001,0.1786821662433692,0.1786821662433692,0.0
0.1875,0.1632324418915453,0.1632324418915453,0.0
0.19250000000000078,0.15001387664230087,0.15001387664230087,0.0
0.1974999999999998,0.16643183984996116,0.16643183984996116,0.0
0.20250000000000057,0.1635692206240101,0.1635692206240101,0.0
0.20749999999999957,0.12338730810680057,0.12338730810680057,0.0
0.21250000000000036,0.1169253661776317,0.1169253661776317,0.0
0.21749999999999936,0.15523394699550563,0.15523394699550563,0.0
0.22250000000000014,0.16072765006883813,0.16072765006883813,0.0
0.22750000000000092,0.15525499566628473,0.15525499566628473,0.0
0.23249999999999993,0.16706329997333266,0.16706329997333266,0.0
0.2375000000000007,0.15140308891371826,0.15140308891371826,0.0
0.24249999999999972,0.12109300299188393,0.12109300299188393,0.0
0.2475000000000005,0.08238449742920802,0.08238449742920802,0.0
0.2524999999999995,0.1251132991106828,0.1251132991106828,0.0
0.2575000000000003,0.1587911723571654,0.1587911723571654,0.0
0.26250000000000107,0.14731964678258225,0.14731964678258225,0.0
0.26750000000000007,0.1416996516845755,0.1416996516845755,0.0
0.27250000000000085,0.15485507092148273,0.15485507092148273,0.0
0.27749999999999986,0.1365006300021497,0.1365006300021497,0.0
0.28250000000000064,0.09604508476481251,0.09604508476481251,0.0
0.28749999999999964,0.08253183812466137,0.08253183812466137,0.0
0.2925000000000004,0.12395562221783495,0.12395562221783495,0.0
0.29749999999999943,0.14449912489818934,0.14449912489818934,0.0
0.3025000000000002,0.13224879850478127,0.13224879850478127,0.0
0.307500000000001,0.11961959603735033,0.11961959603735033,0.0
0.3125,0.11578873795556294,0.11578873795556294,0.0
0.3175000000000008,0.11719899889775938,0.11719899889775938,0.0
0.3224999999999998,0.12164026843213928,0.12164026843213928,0.0
0.32750000000000057,0.09667654488818406,0.09667654488818406,0.0
0.3324999999999996,0.09880246063686828,0.09880246063686828,0.0
0.33750000000000036,0.14157335965990117,0.14157335965990117,0.0
0.34249999999999936,0.13692160341773077,0.13692160341773077,0.0
0.34750000000000014,0.08749932442851756,0.08749932442851756,0.0
0.3525000000000009,0.08141625857337165,0.08141625857337165,0.0
0.35749999999999993,0.09038299232524764,0.09038299232524764,0.0
0.3625000000000007,0.10543279193226955,0.10543279193226955,0.0
0.3674999999999997,0.10747451299783753,0.10747451299783753,0.0
0.3725000000000005,0.09516104059209234,0.09516104059209234,0.0
0.3774999999999995,0.11033713222378856,0.11033713222378856,0.0
0.3825000000000003,0.1406472181456229,0.1406472181456229,0.0
0.38750000000000107,0.1470881114040127,0.1470881114040127,0.0
0.39250000000000007,0.08989887289732944,0.08989887289732944,0.0
0.39750000000000085,0.06476675998714182,0.06476675998714182,0.0
0.40249999999999986,0.056915605786555565,0.056915605786555565,0.0
0.40750000000000064,0.0692922242046379,0.0692922242046379,0.0
0.41249999999999964,0.08011124098507043,0.08011124098507043,0.0
0.4175000000000004,0.09728695634077657,0.09728695634077657,0.0
0.42249999999999943,0.09951811544335602,0.09951811544335602,0.0
0.4275000000000002,0.09989699151737895,0.09989699151737895,0.0
0.432500000000001,0.11686222016529456,0.11686222016529456,0.0
0.4375,0.141089240231983,0.141089240231983,0.0
0.4425000000000008,0.1044856017472122,0.1044856017472122,0.0
0.4474999999999998,0.07971131624026846,0.07971131624026846,0.0
0.45250000000000057,0.062219870822876576,0.062219870822876576,0.0
0.4574999999999996,0.055757928893707724,0.055757928893707724,0.0
0.46250000000000036,0.0482014560840282,0.0482014560840282,0.0
0.46749999999999936,0.054158229914499804,0.054158229914499804,0.0
0.47250000000000014,0.06356698575273588,0.06356698575273588,0.0
0.4775000000000009,0.09278254079405951,0.09278254079405951,0.0
0.48249999999999993,0.11867240585229301,0.11867240585229301,0.0
0.4875000000000007,0.10549593794460668,0.10549593794460668,0.0
0.4924999999999997,0.10158088517970311,0.10158088517970311,0.0
0.4975000000000005,0.09814995184271766,0.09814995184271766,0.0
0.5024999999999995,0.09777107576869476,0.09777107576869476,0.0
0.5075000000000003,0.07009207369424186,0.07009207369424186,0.0
0.5125000000000011,0.057757552617717624,0.057757552617717624,0.0
0.5175000000000001,0.053526769791128255,0.053526769791128255,0.0
0.5225000000000009,0.04982220373401517,0.04982220373401517,0.0
0.5274999999999999,0.05169553543335075,0.05169553543335075,0.0
0.5325000000000006,0.045528274895088636,0.045528274895088636,0.0
0.5374999999999996,0.06177784873651648,0.06177784873651648,0.0
0.5425000000000004,0.06739784383452326,0.06739784383452326,0.0
0.5474999999999994,0.08246869211232424,0.08246869211232424,0.0
0.5525000000000002,0.0959187927401382,0.0959187927401382,0.0
0.557500000000001,0.09434014243170932,0.09434014243170932,0.0
0.5625,0.0879202978440986,0.0879202978440986,0.0
0.5675000000000008,0.09633976615571925,0.09633976615571925,0.0
0.5724999999999998,0.09583459805702202,0.09583459805702202,0.0
0.5775000000000006,0.07341776367733203,0.07341776367733203,0.0
0.5824999999999996,0.05478969003787135,0.05478969003787135,0.0
0.5875000000000004,0.05283216365541955,0.05283216365541955,0.0
0.5924999999999994,0.045423031541193384,0.045423031541193384,0.0
0.5975000000000001,0.03483555013933042,0.03483555013933042,0.0
0.6025000000000009,0.04338131047562538,0.04338131047562538,0.0
0.6074999999999999,0.048938159561295,0.048938159561295,0.0
0.6125000000000007,0.045549323565867696,0.045549323565867696,0.0
0.6174999999999997,0.051358756700885924,0.051358756700885924,0.0
0.6225000000000005,0.05199021682425749,0.05199021682425749,0.0
0.6274999999999995,0.05651568104175357,0.05651568104175357,0.0
0.6325000000000003,0.07686974568509648,0.07686974568509648,0.0
0.6375000000000011,0.0756068254383534,0.0756068254383534,0.0
0.6425000000000001,0.09282463813561763,0.09282463813561763,0.0
0.6475000000000009,0.10461189377188654,0.10461189377188654,0.0
0.6524999999999999,0.10141249581347068,0.10141249581347068,0.0
0.6575000000000006,0.08177408597661551,0.08177408597661551,0.0
0.6624999999999996,0.04298138573082339,0.04298138573082339,0.0
0.6675000000000004,0.03959254973539609,0.03959254973539609,0.0
0.6724999999999994,0.038119142780862474,0.038119142780862474,0.0
0.6775000000000002,0.032604391036750946,0.032604391036750946,0.0
0.682500000000001,0.03292012109843672,0.03292012109843672,0.0
0.6875,0.03574064298282964,0.03574064298282964,0.0
0.6925000000000008,0.031152032752996384,0.031152032752996384,0.0
0.6974999999999998,0.03626685975230593,0.03626685975230593,0.0
0.7025000000000006,0.04500205812561235,0.04500205812561235,0.0
0.7074999999999996,0.052032314165815594,0.052032314165815594,0.0
0.7125000000000004,0.06179889740729554,0.06179889740729554,0.0
0.7174999999999994,0.06815559598256912,0.06815559598256912,0.0
0.7225000000000001,0.061167437283923994,0.061167437283923994,0.0
0.7275000000000009,0.06859761806892921,0.06859761806892921,0.0
0.7324999999999999,0.06522983074428094,0.06522983074428094,0.0
0.7375000000000007,0.06301972031248053,0.06301972031248053,0.0
0.7424999999999997,0.06367222910663115,0.06367222910663115,0.0
0.7475000000000005,0.06478780865792087,0.06478780865792087,0.0
0.7524999999999995,0.06047283114821529,0.06047283114821529,0.0
0.7575000000000003,0.057989087996287186,0.057989087996287186,0.0
0.7625000000000011,0.05175868144568792,0.05175868144568792,0.0
0.7675000000000001,0.04773838532688907,0.04773838532688907,0.0
0.7725000000000009,0.0378876074022929,0.0378876074022929,0.0
0.7774999999999999,0.032667537049088105,0.032667537049088105,0.0
0.7825000000000006,0.021574887548527905,0.021574887548527905,0.0
0.7874999999999996,0.022711515770596696,0.022711515770596696,0.0
0.7925000000000004,0.03218341762116991,0.03218341762116991,0.0
0.7974999999999994,0.036750979180224116,0.036750979180224116,0.0
0.8025000000000002,0.043928575915880716,0.043928575915880716,0.0
0.807500000000001,0.03969779308929135,0.03969779308929135,0.0
0.8125,0.03902423562436169,0.03902423562436169,0.0
0.8175000000000008,0.03879270024579213,0.03879270024579213,0.0
0.8224999999999998,0.04302348307238149,0.04302348307238149,0.0
0.8275000000000006,0.045949248310669676,0.045949248310669676,0.0
0.8324999999999996,0.057820698630054776,0.057820698630054776,0.0
0.8375000000000004,0.06461941929168846,0.06461941929168846,0.0
0.8424999999999994,0.058178526033298664,0.058178526033298664,0.0
0.8475000000000001,0.05192707081192033,0.05192707081192033,0.0
0.8525000000000009,0.049927447087910436,0.049927447087910436,0.0
0.8574999999999999,0.052116508848931806,0.052116508848931806,0.0
0.8625000000000007,0.050643101894398176,0.050643101894398176,0.0
0.8674999999999997,0.04714902254507561,0.04714902254507561,0.0
0.8725000000000005,0.05079044258985154,0.05079044258985154,0.0
0.8774999999999995,0.05104302663920016,0.05104302663920016,0.0
0.8825000000000003,0.04013981517565143,0.04013981517565143,0.0
0.8875000000000011,0.03944520903994273,0.03944520903994273,0.0
0.8925000000000001,0.038876894928908334,0.038876894928908334,0.0
0.8975000000000009,0.033825213941935946,0.033825213941935946,0.0
0.9024999999999999,0.023406121906305394,0.023406121906305394,0.0
0.9075000000000006,0.02033301597256386,0.02033301597256386,0.0
0.9124999999999996,0.019491069141401796,0.019491069141401796,0.0
0.9175000000000004,0.020101480593994293,0.020101480593994293,0.0
0.9224999999999994,0.022900953807608156,0.022900953807608156,0.0
0.9275000000000002,0.024921626202397112,0.024921626202397112,0.0
0.932500000000001,0.022690467099817643,0.022690467099817643,0.0
0.9375,0.02521630759330383,0.02521630759330383,0.0
0.9425000000000008,0.02984701516469519,0.02984701516469519,0.0
0.9474999999999998,0.042728801681474776,0.042728801681474776,0.0
0.9525000000000006,0.042244682253556584,0.042244682253556584,0.0
0.9574999999999996,0.04453898736847321,0.04453898736847321,0.0
0.9625000000000004,0.03992932846786091,0.03992932846786091,0.0
0.9674999999999994,0.03904528429514074,0.03904528429514074,0.0
0.9725000000000001,0.039150527649036,0.039150527649036,0.0
0.9775000000000009,0.04670700045871553,0.04670700045871553,0.0
0.9824999999999999,0.04883291620739973,0.04883291620739973,0.0
0.9875000000000007,0.04348655382952064,0.04348655382952064,0.0
0.9924999999999997,0.03908738163669884,0.03908738163669884,0.0
0.9975000000000005,0.040708129286685824,0.040708129286685824,0.0
1.0024999999999995,0.03885584625812928,0.03885584625812928,0.0
1.0075000000000003,0.03803494809774626,0.03803494809774626,0.0
1.012500000000001,0.04712797387429657,0.04712797387429657,0.0
1.0175,0.05169553543335078,0.05169553543335078,0.0
1.0225000000000009,0.060977999246912516,0.060977999246912516,0.0
1.0274999999999999,0.06278818493391097,0.06278818493391097,0.0
1.0325000000000006,0.05554744218591721,0.05554744218591721,0.0
1.0374999999999996,0.04508625280872855,0.04508625280872855,0.0
1.0425000000000004,0.02382709532188643,0.02382709532188643,0.0
1.0474999999999994,0.009787631912259,0.009787631912259,0.0
1.0525000000000002,0.005683141110343936,0.005683141110343936,0.0
1.057500000000001,0.0023784997980328326,0.0023784997980328326,0.0
1.0625,0.004483366875937993,0.004483366875937993,0.0
1.0675000000000008,0.0033677873246482585,0.0033677873246482585,0.0
1.0724999999999998,0.005325313707100058,0.005325313707100058,0.0
1.0775000000000006,0.007851154200586252,0.007851154200586252,0.0
1.0824999999999996,0.009219317801224607,0.009219317801224607,0.0
1.0875000000000004,0.010524335389525807,0.010524335389525807,0.0
1.0924999999999994,0.014565680179103715,0.014565680179103715,0.0
1.0975000000000001,0.017407250734275685,0.017407250734275685,0.0
1.102500000000001,0.01578650308428871,0.01578650308428871,0.0
1.1075,0.01677579061090414,0.01677579061090414,0.0
1.1125000000000007,0.01667054725700888,0.01667054725700888,0.0
1.1174999999999997,0.01778612680829862,0.01778612680829862,0.0
1.1225000000000005,0.020438259326459117,0.020438259326459117,0.0
1.1274999999999995,0.023469267918642553,0.023469267918642553,0.0
1.1325000000000003,0.02635293581537262,0.02635293581537262,0.0
1.137500000000001,0.028520948905614938,0.028520948905614938,0.0
1.1425,0.030983643386763973,0.030983643386763973,0.0
1.1475000000000009,0.03212027160883277,0.03212027160883277,0.0
1.1524999999999999,0.03651944380165455,0.03651944380165455,0.0
1.1575000000000006,0.043549699841857796,0.043549699841857796,0.0
1.1624999999999996,0.04796992070545863,0.04796992070545863,0.0
1.1675000000000004,0.0567261677495441,0.0567261677495441,0.0
1.1724999999999994,0.06796615794555765,0.06796615794555765,0.0
1.1775000000000002,0.07695394036821271,0.07695394036821271,0.0
1.182500000000001,0.07356510437278539,0.07356510437278539,0.0
1.1875,0.07598570151237632,0.07598570151237632,0.0
1.1925000000000008,0.06087275589301727,0.06087275589301727,0.0
1.1974999999999998,0.04849613747493492,0.04849613747493492,0.0
1.2025000000000006,0.03630895709386403,0.03630895709386403,0.0
1.2074999999999996,0.030036453201706653,0.030036453201706653,0.0
1.2125000000000004,0.02567937835044297,0.02567937835044297,0.0
1.2174999999999994,0.01721781269726422,0.01721781269726422,0.0
1.2225000000000001,0.013997366068069323,0.013997366068069323,0.0
1.227500000000001,0.007114450723319445,0.007114450723319445,0.0
1.2325,0.004146588143473168,0.004146588143473168,0.0
1.2375000000000007,0.0009050928434992196,0.0009050928434992196,0.0
1.2424999999999997,0.0,0.0,0.0
1.2475000000000005,0.0,0.0,0.0
1.2524999999999995,0.0,0.0,0.0
1.2575000000000003,0.0003157300616857742,0.0003157300616857742,0.0
1.262500000000001,0.001410260942196458,0.001410260942196458,0.0
1.2675,0.002020672394788955,0.002020672394788955,0.0
1.2725000000000009,0.0017049423331031808,0.0017049423331031808,0.0
1.2774999999999999,0.003978198777240755,0.003978198777240755,0.0
1.2825000000000006,0.003999247448019807,0.003999247448019807,0.0
1.2874999999999996,0.00469385358372851,0.00469385358372851,0.0
1.2925000000000004,0.004799096937623768,0.004799096937623768,0.0
1.2974999999999994,0.005493703073332472,0.005493703073332472,0.0
1.3025000000000002,0.004357074851263684,0.004357074851263684,0.0
1.307500000000001,0.004462318205158943,0.004462318205158943,0.0
1.3125,0.004272880168147478,0.004272880168147478,0.0
1.3175000000000008,0.006314601233715485,0.006314601233715485,0.0
1.3224999999999998,0.007619618822016684,0.007619618822016684,0.0
1.3275000000000006,0.011050552159002096,0.011050552159002096,0.0
1.3324999999999996,0.01551287036416104,0.01551287036416104,0.0
1.3375000000000004,0.014544631508324662,0.014544631508324662,0.0
1.3424999999999994,0.018522830285565423,0.018522830285565423,0.0
1.3475000000000001,0.015407627010265783,0.015407627010265783,0.0
1.352500000000001,0.017407250734275685,0.017407250734275685,0.0
1.3575,0.022332639696573762,0.022332639696573762,0.0
1.3625000000000007,0.028857727638079755,0.028857727638079755,0.0
1.3674999999999997,0.03590903234906205,0.03590903234906205,0.0
1.3725000000000005,0.0364562977893174,0.0364562977893174,0.0
1.3774999999999995,0.040139815175651426,0.040139815175651426,0.0
1.3825000000000003,0.04580190761521631,0.04580190761521631,0.0
1.387500000000001,0.04999059310024759,0.04999059310024759,0.0
1.3925,0.045549323565867696,0.045549323565867696,0.0
1.3975000000000009,0.05283216365541954,0.05283216365541954,0.0
1.4024999999999999,0.052158606190489905,0.052158606190489905,0.0
1.4075000000000006,0.05207441150737369,0.05207441150737369,0.0
1.4124999999999996,0.06160945937028407,0.06160945937028407,0.0
1.4175000000000004,0.06889229945983594,0.06889229945983594,0.0
1.4224999999999994,0.06878705610594067,0.06878705610594067,0.0
1.4275000000000002,0.06558765814752483,0.06558765814752483,0.0
1.432500000000001,0.0502852744911543,0.0502852744911543,0.0
1.4375,0.045717712932100106,0.045717712932100106,0.0
1.4425000000000008,0.04007666916331428,0.04007666916331428,0.0
1.4474999999999998,0.023279829881631086,0.023279829881631086,0.0
1.4525000000000006,0.009682388558363743,0.009682388558363743,0.0
1.4574999999999996,0.002715278530497658,0.002715278530497658,0.0
1.4625000000000004,0.002799473213613865,0.002799473213613865,0.0
1.4674999999999994,0.002399548468811884,0.002399548468811884,0.0
1.4725000000000001,0.0006104114525924967,0.0006104114525924967,0.0
