omega,S,S_edge,S_cont,Sr,Sr_edge,Sr_cont
-1.4924999999999997,0.0,0.0,0.0
-1.4875000000000007,0.00010367255756846314,0.00010367255756846314,0.0
-1.4825,0.0013581105041468675,0.0013581105041468675,0.0
-1.4774999999999991,0.007008264891628108,0.007008264891628108,0.0
-1.4725000000000001,0.03664824910045173,0.03664824910045173,0.0
-1.4674999999999994,0.09561719984539359,0.09561719984539359,0.0
-1.4625000000000004,0.19965261136534643,0.19965261136534643,0.0
-1.4574999999999996,0.4429410022112591,0.4429410022112591,0.0
-1.4525000000000006,0.8410954595529421,0.8410954595529421,0.0
-1.4474999999999998,1.3017126328296185,1.3017126328296185,0.0
-1.442499999999999,1.6694495617807066,1.6694495617807066,0.0
-1.4375,1.8842487338068008,1.8842487338068008,0.0
-1.4324999999999992,1.8531677010477756,1.8531677010477756,0.0
-1.4275000000000002,1.6938126128092943,1.6938126128092943,0.0
-1.4224999999999994,1.4699628265074738,1.4699628265074738,0.0
-1.4175000000000004,1.2756389846011504,1.2756389846011504,0.0
-1.4124999999999996,1.1252308380808276,1.1252308380808276,0.0
-1.4075000000000006,1.022906023760756,1.022906023760756,0.0
-1.4024999999999999,0.9502004591379929,0.9502004591379929,0.0
-1.397499999999999,0.889209893520466,0.889209893520466,0.0
-1.3925,0.8408881144378054,0.8408881144378054,0.0
-1.3874999999999993,0.799699007315855,0.799699007315855,0.0
-1.3825000000000003,0.7661609349424572,0.7661609349424572,0.0
-1.3774999999999995,0.7324258847096791,0.7324258847096791,0.0
-1.3725000000000005,0.7055124887649061,0.7055124887649061,0.0
-1.3674999999999997,0.6811701722478308,0.6811701722478308,0.0
-1.362499999999999,0.6600002359923507,0.6600002359923507,0.0
-1.3575,0.6391724191768463,0.6391724191768463,0.0
-1.3524999999999991,0.6192776553794583,0.6192776553794583,0.0
-1.3475000000000001,0.6042036655090036,0.6042036655090036,0.0
-1.3424999999999994,0.5891504101500629,0.5891504101500629,0.0
-1.3375000000000004,0.5726768407524341,0.5726768407524341,0.0
-1.3324999999999996,0.5581937844601197,0.5581937844601197,0.0
-1.3275000000000006,0.5465409889894245,0.5465409889894245,0.0
-1.3224999999999998,0.5347845209611607,0.5347845209611607,0.0
-1.317499999999999,0.5248215881788315,0.5248215881788315,0.0
-1.3125,0.5129925493602698,0.5129925493602698,0.0
-1.3074999999999992,0.5040145058748409,0.5040145058748409,0.0
-1.3025000000000002,0.4944766305785422,0.4944766305785422,0.0
-1.2974999999999994,0.4855296888603839,0.4855296888603839,0.0
-1.2925000000000004,0.47645834007314336,0.47645834007314336,0.0
-1.2874999999999996,0.4677394779816356,0.4677394779816356,0.0
-1.2825000000000006,0.4599536689082441,0.4599536689082441,0.0
-1.2774999999999999,0.4514836209549004,0.4514836209549004,0.0
-1.272499999999999,0.4472745151176209,0.4472745151176209,0.0
-1.2675,0.44139628110348905,0.44139628110348905,0.0
-1.2624999999999993,0.4334134941707173,0.4334134941707173,0.0
-1.2575000000000003,0.42664367616149684,0.42664367616149684,0.0
-1.2524999999999995,0.41908594671475585,0.41908594671475585,0.0
-1.2475000000000005,0.4132284472121375,0.4132284472121375,0.0
-1.2424999999999997,0.41321807995638077,0.41321807995638077,0.0
-1.237499999999999,0.4046132576781982,0.4046132576781982,0.0
-1.2325,0.39703479371994366,0.39703479371994366,0.0
-1.2274999999999991,0.39331294890323576,0.39331294890323576,0.0
-1.2225000000000001,0.3917163915166814,0.3917163915166814,0.0
-1.2174999999999994,0.3821266799415986,0.3821266799415986,0.0
-1.2125000000000004,0.37850850768245925,0.37850850768245925,0.0
-1.2074999999999996,0.37852924219397294,0.37852924219397294,0.0
-1.2025000000000006,0.3725473356222726,0.3725473356222726,0.0
-1.1974999999999998,0.3628124824665939,0.3628124824665939,0.0
-1.192499999999999,0.3658189866360793,0.3658189866360793,0.0
-1.1875,0.36158914628728595,0.36158914628728595,0.0
-1.1824999999999992,0.35142923564557665,0.35142923564557665,0.0
-1.1775000000000002,0.3548400627895791,0.3548400627895791,0.0
-1.1724999999999994,0.3503199392795941,0.3503199392795941,0.0
-1.1675000000000004,0.3412278559808399,0.3412278559808399,0.0
-1.1624999999999996,0.3435708557818871,0.3435708557818871,0.0
-1.1575000000000006,0.3396831348730698,0.3396831348730698,0.0
-1.1524999999999999,0.3319180603111918,0.3319180603111918,0.0
-1.147499999999999,0.3347483211328109,0.3347483211328109,0.0
-1.1425,0.3303526046919081,0.3303526046919081,0.0
-1.1374999999999993,0.3212812559046675,0.3212812559046675,0.0
-1.1325000000000003,0.32816511372721346,0.32816511372721346,0.0
-1.1274999999999995,0.3190315614054319,0.3190315614054319,0.0
-1.1225000000000005,0.3154133891462925,0.3154133891462925,0.0
-1.1174999999999997,0.3202756320962534,0.3202756320962534,0.0
-1.112499999999999,0.3065079164511615,0.3065079164511615,0.0
-1.1075,0.3137857299924677,0.3137857299924677,0.0
-1.1024999999999991,0.3058858811057507,0.3058858811057507,0.0
-1.0975000000000001,0.30381242995438146,0.30381242995438146,0.0
-1.0924999999999994,0.3069951774717333,0.3069951774717333,0.0
-1.0875000000000004,0.2943678599598945,0.2943678599598945,0.0
-1.0824999999999996,0.30240248317145035,0.30240248317145035,0.0
-1.0775000000000006,0.2921492672279294,0.2921492672279294,0.0
-1.0724999999999998,0.2958296430216098,0.2958296430216098,0.0
-1.067499999999999,0.290687484166214,0.290687484166214,0.0
-1.0625,0.29041793551653605,0.29041793551653605,0.0
-1.0574999999999992,0.2864265420501502,0.2864265420501502,0.0
-1.0525000000000002,0.2842597855969693,0.2842597855969693,0.0
-1.0474999999999994,0.2842286838296988,0.2842286838296988,0.0
-1.0425000000000004,0.2788688126034092,0.2788688126034092,0.0
-1.0374999999999996,0.2818960512844083,0.2818960512844083,0.0
-1.0325000000000006,0.27416207848980106,0.27416207848980106,0.0
-1.0274999999999999,0.27819494097921416,0.27819494097921416,0.0
-1.022499999999999,0.2698285655834392,0.2698285655834392,0.0
-1.0175,0.27462860499885905,0.27462860499885905,0.0
-1.0124999999999993,0.2671849153654434,0.2671849153654434,0.0
-1.0075000000000003,0.2722441361747844,0.2722441361747844,0.0
-1.0024999999999995,0.26211532730034554,0.26211532730034554,0.0
-0.9975000000000005,0.26966268949132965,0.26966268949132965,0.0
-0.9924999999999997,0.2595338806168908,0.2595338806168908,0.0
-0.9874999999999989,0.2657749685825123,0.2657749685825123,0.0
-0.9824999999999999,0.25601938091531995,0.25601938091531995,0.0
-0.9774999999999991,0.2625300175306194,0.2625300175306194,0.0
-0.9725000000000001,0.25354160678943366,0.25354160678943366,0.0
-0.9674999999999994,0.2594094735478087,0.2594094735478087,0.0
-0.9625000000000004,0.2502759212260271,0.2502759212260271,0.0
-0.9574999999999996,0.2572634516061415,0.2572634516061415,0.0
-0.9525000000000006,0.2459424083196653,0.2459424083196653,0.0
-0.9474999999999998,0.25628892956499794,0.25628892956499794,0.0
-0.942499999999999,0.24094539104486531,0.24094539104486531,0.0
-0.9375,0.256351133099539,0.256351133099539,0.0
-0.9324999999999992,0.23502568800770612,0.23502568800770612,0.0
-0.9275000000000002,0.25627856230924106,0.25627856230924106,0.0
-0.9224999999999994,0.22974875482747137,0.22974875482747137,0.0
-0.9175000000000004,0.25457833236511823,0.25457833236511823,0.0
-0.9124999999999996,0.2257366268495718,0.2257366268495718,0.0
-0.9075000000000006,0.25317875283794405,0.25317875283794405,0.0
-0.9024999999999999,0.2244096181126955,0.2244096181126955,0.0
-0.8974999999999991,0.2477566780771134,0.2477566780771134,0.0
-0.8925000000000001,0.22638976396225316,0.22638976396225316,0.0
-0.8874999999999993,0.23918295756620153,0.23918295756620153,0.0
-0.8825000000000003,0.23298333862360737,0.23298333862360737,0.0
-0.8774999999999995,0.22721914442280086,0.22721914442280086,0.0
-0.8725000000000005,0.23859202398806123,0.23859202398806123,0.0
-0.8674999999999997,0.21991022911422414,0.21991022911422414,0.0
-0.8624999999999989,0.238270639059599,0.238270639059599,0.0
-0.8574999999999999,0.21993096362573789,0.21993096362573789,0.0
-0.8524999999999991,0.23106539630859085,0.23106539630859085,0.0
-0.8475000000000001,0.22323811821217185,0.22323811821217185,0.0
-0.8424999999999994,0.22047006092509386,0.22047006092509386,0.0
-0.8375000000000004,0.2284943168808929,0.2284943168808929,0.0
-0.8324999999999996,0.2153175348139412,0.2153175348139412,0.0
-0.8275000000000006,0.22753016209550625,0.22753016209550625,0.0
-0.8224999999999998,0.21699703024655037,0.21699703024655037,0.0
-0.817499999999999,0.21754649480166316,0.21754649480166316,0.0
-0.8125,0.2215689900353196,0.2215689900353196,0.0
-0.8074999999999992,0.21001986712219275,0.21001986712219275,0.0
-0.8025000000000002,0.22208735282316194,0.22208735282316194,0.0
-0.7974999999999994,0.21141944664936707,0.21141944664936707,0.0
-0.7925000000000004,0.21389722077525328,0.21389722077525328,0.0
-0.7874999999999996,0.2173909859653105,0.2173909859653105,0.0
-0.7825000000000006,0.2044941198037937,0.2044941198037937,0.0
-0.7774999999999999,0.21777457442831383,0.21777457442831383,0.0
-0.7724999999999991,0.2058107612849132,0.2058107612849132,0.0
-0.7675000000000001,0.20939783177678195,0.20939783177678195,0.0
-0.7624999999999993,0.21262204831716122,0.21262204831716122,0.0
-0.7575000000000003,0.2004301555471099,0.2004301555471099,0.0
-0.7524999999999995,0.21261168106140432,0.21261168106140432,0.0
-0.7475000000000005,0.20233773060636967,0.20233773060636967,0.0
-0.7424999999999997,0.20334335441478374,0.20334335441478374,0.0
-0.7374999999999989,0.20854771680472065,0.20854771680472065,0.0
-0.7324999999999999,0.19725777528551497,0.19725777528551497,0.0
-0.7274999999999991,0.20809155755141936,0.20809155755141936,0.0
-0.7225000000000001,0.19872992560298713,0.19872992560298713,0.0
-0.7174999999999994,0.19718520449521704,0.19718520449521704,0.0
-0.7125000000000004,0.2055826816582626,0.2055826816582626,0.0
-0.7074999999999996,0.19445861623116645,0.19445861623116645,0.0
-0.7025000000000006,0.20223405804880115,0.20223405804880115,0.0
-0.6974999999999998,0.19459339055600547,0.19459339055600547,0.0
-0.692499999999999,0.19370180656091668,0.19370180656091668,0.0
-0.6875,0.20231699609485598,0.20231699609485598,0.0
-0.6824999999999992,0.19028061216115738,0.19028061216115738,0.0
-0.6775000000000002,0.19426163837178637,0.19426163837178637,0.0
-0.6724999999999994,0.19614847891953235,0.19614847891953235,0.0
-0.6675000000000004,0.1882900990558429,0.1882900990558429,0.0
-0.6624999999999996,0.198335969884227,0.198335969884227,0.0
-0.6575000000000006,0.18539763469968276,0.18539763469968276,0.0
-0.6524999999999999,0.18986592193088353,0.18986592193088353,0.0
-0.6474999999999991,0.1982945008611996,0.1982945008611996,0.0
-0.6425000000000001,0.18008959975217745,0.18008959975217745,0.0
-0.6374999999999993,0.1901458378363184,0.1901458378363184,0.0
-0.6325000000000003,0.19231259428949923,0.19231259428949923,0.0
-0.6274999999999995,0.1798615201255268,0.1798615201255268,0.0
-0.6225000000000005,0.1920223111283076,0.1920223111283076,0.0
-0.6174999999999997,0.18323087824650186,0.18323087824650186,0.0
-0.6124999999999989,0.17978894933522888,0.17978894933522888,0.0
-0.6074999999999999,0.1926132447064478,0.1926132447064478,0.0
-0.6024999999999991,0.17774659995113018,0.17774659995113018,0.0
-0.5975000000000001,0.18189350225386872,0.18189350225386872,0.0
-0.5924999999999994,0.18910911226063376,0.18910911226063376,0.0
-0.5875000000000004,0.1754865381961377,0.1754865381961377,0.0
-0.5824999999999996,0.1801414360309617,0.1801414360309617,0.0
-0.5775000000000006,0.1859470992547956,0.1859470992547956,0.0
-0.5724999999999998,0.1731124366278199,0.1731124366278199,0.0
-0.567499999999999,0.18025547584428697,0.18025547584428697,0.0
-0.5625,0.18101228551453674,0.18101228551453674,0.0
-0.5574999999999992,0.1727599499320871,0.1727599499320871,0.0
-0.5525000000000002,0.1794779316625235,0.1794779316625235,0.0
-0.5474999999999994,0.17734227697661317,0.17734227697661317,0.0
-0.5425000000000004,0.17240746323635428,0.17240746323635428,0.0
-0.5374999999999996,0.17745631678993848,0.17745631678993848,0.0
-0.5325000000000006,0.17521698954645964,0.17521698954645964,0.0
-0.5274999999999999,0.17194093672729624,0.17194093672729624,0.0
-0.5224999999999991,0.17509258247737752,0.17509258247737752,0.0
-0.5175000000000001,0.17335088351022732,0.17335088351022732,0.0
-0.5124999999999993,0.17123596333583066,0.17123596333583066,0.0
-0.5075000000000003,0.17151587924126555,0.17151587924126555,0.0
-0.5024999999999995,0.17172322435640244,0.17172322435640244,0.0
-0.4975000000000005,0.17017850324863235,0.17017850324863235,0.0
-0.4924999999999997,0.16846790604875272,0.16846790604875272,0.0
-0.48749999999999893,0.17031327757347137,0.17031327757347137,0.0
-0.48249999999999993,0.16986748557592696,0.16986748557592696,0.0
-0.47749999999999915,0.16577241955197267,0.16577241955197267,0.0
-0.47250000000000014,0.1676074238209345,0.1676074238209345,0.0
-0.46749999999999936,0.1704480518983104,0.1704480518983104,0.0
-0.46250000000000036,0.16321170738003166,0.16321170738003166,0.0
-0.4574999999999996,0.1643002692345005,0.1643002692345005,0.0
-0.45250000000000057,0.1710597199879643,0.1710597199879643,0.0
-0.4474999999999998,0.16140780487834036,0.16140780487834036,0.0
-0.442499999999999,0.16078576953292958,0.16078576953292958,0.0
-0.4375,0.17147441021823814,0.17147441021823814,0.0
-0.4324999999999992,0.1592410484251595,0.1592410484251595,0.0
-0.4275000000000002,0.15831836266280014,0.15831836266280014,0.0
-0.42249999999999943,0.16990895459895436,0.16990895459895436,0.0
-0.4175000000000004,0.15829762815128648,0.15829762815128648,0.0
-0.41249999999999964,0.15721943355257445,0.15721943355257445,0.0
-0.40750000000000064,0.16557544169259258,0.16557544169259258,0.0
-0.40249999999999986,0.16068209697536115,0.16068209697536115,0.0
-0.3974999999999991,0.15599609737326658,0.15599609737326658,0.0
-0.39250000000000007,0.15880562368337192,0.15880562368337192,0.0
-0.3874999999999993,0.16563764522713367,0.16563764522713367,0.0
-0.3825000000000003,0.15360126129343504,0.15360126129343504,0.0
-0.3774999999999995,0.15378787189705834,0.15378787189705834,0.0
-0.3725000000000005,0.16612490624770543,0.16612490624770543,0.0
-0.3674999999999997,0.15348722148010976,0.15348722148010976,0.0
-0.36249999999999893,0.1513411995384426,0.1513411995384426,0.0
-0.35749999999999993,0.1579451414555537,0.1579451414555537,0.0
-0.35249999999999915,0.15986308377057026,0.15986308377057026,0.0
-0.34750000000000014,0.14838653164774135,0.14838653164774135,0.0
-0.34249999999999936,0.15359089403767823,0.15359089403767823,0.0
-0.33750000000000036,0.16162551724923413,0.16162551724923413,0.0
-0.3324999999999996,0.14938178820039863,0.14938178820039863,0.0
-0.32750000000000057,0.1510094473542235,0.1510094473542235,0.0
-0.3224999999999998,0.15728163708711554,0.15728163708711554,0.0
-0.317499999999999,0.1508954075408982,0.1508954075408982,0.0
-0.3125,0.14670703621513229,0.14670703621513229,0.0
-0.3074999999999992,0.1513619340499563,0.1513619340499563,0.0
-0.3025000000000002,0.154347703707928,0.154347703707928,0.0
-0.29749999999999943,0.14831396085744344,0.14831396085744344,0.0
-0.2925000000000004,0.14846946969379615,0.14846946969379615,0.0
-0.28749999999999964,0.1552185531915031,0.1552185531915031,0.0
-0.28250000000000064,0.14441587269286923,0.14441587269286923,0.0
-0.27749999999999986,0.14612646989274888,0.14612646989274888,0.0
-0.2724999999999991,0.15181809330325752,0.15181809330325752,0.0
-0.26750000000000007,0.14667593444786173,0.14667593444786173,0.0
-0.2624999999999993,0.14438477092559868,0.14438477092559868,0.0
-0.2575000000000003,0.1476297219774916,0.1476297219774916,0.0
-0.2524999999999995,0.15155891190933632,0.15155891190933632,0.0
-0.2475000000000005,0.13782229803151497,0.13782229803151497,0.0
-0.24249999999999972,0.14808588123079283,0.14808588123079283,0.0
-0.23749999999999893,0.14993125275551147,0.14993125275551147,0.0
-0.23249999999999993,0.13902489969930915,0.13902489969930915,0.0
-0.22749999999999915,0.14232168702998627,0.14232168702998627,0.0
-0.22250000000000014,0.14669666895937541,0.14669666895937541,0.0
-0.21749999999999936,0.15003492531307994,0.15003492531307994,0.0
-0.21250000000000036,0.13010905974842132,0.13010905974842132,0.0
-0.20749999999999957,0.14708025742237876,0.14708025742237876,0.0
-0.20250000000000057,0.14950619526948075,0.14950619526948075,0.0
-0.1974999999999998,0.13698255031521042,0.13698255031521042,0.0
-0.192499999999999,0.131477537508325,0.131477537508325,0.0
-0.1875,0.14822065555563183,0.14822065555563183,0.0
-0.18249999999999922,0.15261637199653466,0.15261637199653466,0.0
-0.1775000000000002,0.1235051178313102,0.1235051178313102,0.0
-0.17249999999999943,0.13844433337692574,0.13844433337692574,0.0
-0.16750000000000043,0.14812735025382023,0.14812735025382023,0.0
-0.16249999999999964,0.14486166469041364,0.14486166469041364,0.0
-0.15750000000000064,0.12022906501214674,0.12022906501214674,0.0
-0.15249999999999986,0.1424668286105821,0.1424668286105821,0.0
-0.14749999999999908,0.15256453571775044,0.15256453571775044,0.0
-0.14250000000000007,0.1289686616151682,0.1289686616151682,0.0
-0.1374999999999993,0.12451074163972427,0.12451074163972427,0.0
-0.13250000000000028,0.14356575772080785,0.14356575772080785,0.0
-0.1274999999999995,0.15540516379512634,0.15540516379512634,0.0
-0.1225000000000005,0.11590591936154185,0.11590591936154185,0.0
-0.11749999999999972,0.12773495818010352,0.12773495818010352,0.0
-0.11249999999999893,0.14597096105639618,0.14597096105639618,0.0
-0.10749999999999993,0.15055328810092225,0.15055328810092225,0.0
-0.10249999999999915,0.1110851454346083,0.1110851454346083,0.0
-0.09750000000000014,0.12859544040792178,0.12859544040792178,0.0
-0.09249999999999936,0.14889452717982687,0.14889452717982687,0.0
-0.08750000000000036,0.14466468683103353,0.14466468683103353,0.0
-0.08249999999999957,0.10909463232929384,0.10909463232929384,0.0
-0.07750000000000057,0.1288960908248703,0.1288960908248703,0.0
-0.07249999999999979,0.14885305815679947,0.14885305815679947,0.0
-0.067499999999999,0.13990611643864106,0.13990611643864106,0.0
-0.0625,0.1081512120554208,0.1081512120554208,0.0
-0.05749999999999922,0.12906196691697983,0.12906196691697983,0.0
-0.05250000000000021,0.14701805388783765,0.14701805388783765,0.0
-0.04749999999999943,0.1363086786910154,0.1363086786910154,0.0
-0.042500000000000426,0.10885618544688636,0.10885618544688636,0.0
-0.037499999999999645,0.12766238738980556,0.12766238738980556,0.0
-0.03250000000000064,0.14446770897165348,0.14446770897165348,0.0
-0.027499999999999858,0.13450477618932416,0.13450477618932416,0.0
-0.022499999999999076,0.10923977390988968,0.10923977390988968,0.0
-0.01750000000000007,0.12600362646871016,0.12600362646871016,0.0
-0.01249999999999929,0.14003052350772324,0.14003052350772324,0.0
-0.007500000000000284,0.1348987319080843,0.1348987319080843,0.0
-0.0024999999999995026,0.10931234470018757,0.10931234470018757,0.0
0.0024999999999995026,0.12219884360594756,0.12219884360594756,0.0
0.007500000000000284,0.1367855724558303,0.1367855724558303,0.0
0.012500000000001066,0.13636051496979962,0.13636051496979962,0.0
0.01750000000000007,0.11076376050614609,0.11076376050614609,0.0
0.022500000000000853,0.1168078706123875,0.1168078706123875,0.0
0.027499999999999858,0.1342974310741872,0.1342974310741872,0.0
0.03250000000000064,0.13573847962438887,0.13573847962438887,0.0
0.037499999999999645,0.11459964513617922,0.11459964513617922,0.0
0.042500000000000426,0.11190415863939918,0.11190415863939918,0.0
0.04749999999999943,0.1322550816900885,0.1322550816900885,0.0
0.05250000000000021,0.1302853030962877,0.1302853030962877,0.0
0.057500000000000995,0.12206406928110856,0.12206406928110856,0.0
0.0625,0.10797496870755441,0.10797496870755441,0.0
0.06750000000000078,0.12633537865292924,0.12633537865292924,0.0
0.07249999999999979,0.1269781485098537,0.1269781485098537,0.0
0.07750000000000057,0.12919674124181882,0.12919674124181882,0.0
0.08249999999999957,0.10701081392216771,0.10701081392216771,0.0
0.08750000000000036,0.11892279078678411,0.11892279078678411,0.0
0.09249999999999936,0.12465588322032013,0.12465588322032013,0.0
0.09750000000000014,0.1286680111982197,0.1286680111982197,0.0
0.10250000000000092,0.11583334857124392,0.11583334857124392,0.0
0.10749999999999993,0.10514470788593536,0.10514470788593536,0.0
0.11250000000000071,0.1239301753173409,0.1239301753173409,0.0
0.11749999999999972,0.12569260879600477,0.12569260879600477,0.0
0.1225000000000005,0.12517424600816243,0.12517424600816243,0.0
0.1274999999999995,0.10096670381592632,0.10096670381592632,0.0
0.13250000000000028,0.1166316272645211,0.1166316272645211,0.0
0.13750000000000107,0.12318373290284795,0.12318373290284795,0.0
0.14250000000000007,0.12745504227466864,0.12745504227466864,0.0
0.14750000000000085,0.10857626954145151,0.10857626954145151,0.0
0.15249999999999986,0.10364145580119263,0.10364145580119263,0.0
0.15750000000000064,0.1215353392375094,0.1215353392375094,0.0
0.16249999999999964,0.12485286107970021,0.12485286107970021,0.0
0.16750000000000043,0.1200839234315509,0.1200839234315509,0.0
0.17249999999999943,0.09932867740634459,0.09932867740634459,0.0
0.1775000000000002,0.10569417244104821,0.10569417244104821,0.0
0.182500000000001,0.1276623873898056,0.1276623873898056,0.0
0.1875,0.12440706908215585,0.12440706908215585,0.0
0.19250000000000078,0.10531058397804491,0.10531058397804491,0.0
0.1974999999999998,0.09863407127063588,0.09863407127063588,0.0
0.20250000000000057,0.11386356997744314,0.11386356997744314,0.0
0.20749999999999957,0.12990171463328434,0.12990171463328434,0.0
0.21250000000000036,0.11702558298328125,0.11702558298328125,0.0
0.21749999999999936,0.09689237230348569,0.09689237230348569,0.0
0.22250000000000014,0.09680943425743092,0.09680943425743092,0.0
0.22750000000000092,0.1249150646142413,0.1249150646142413,0.0
0.23249999999999993,0.12417898945550523,0.12417898945550523,0.0
0.2375000000000007,0.10777799084817433,0.10777799084817433,0.0
0.24249999999999972,0.09353338143826748,0.09353338143826748,0.0
0.2475000000000005,0.0988206818742591,0.0988206818742591,0.0
0.2524999999999995,0.1314257012295408,0.1314257012295408,0.0
0.2575000000000003,0.11844589702196918,0.11844589702196918,0.0
0.26250000000000107,0.10045870828384083,0.10045870828384083,0.0
0.26750000000000007,0.08992557643488495,0.08992557643488495,0.0
0.27250000000000085,0.10526911495501753,0.10526911495501753,0.0
0.27749999999999986,0.13064815704777732,0.13064815704777732,0.0
0.28250000000000064,0.11313786207446387,0.11313786207446387,0.0
0.28749999999999964,0.09612519537747906,0.09612519537747906,0.0
0.2925000000000004,0.08868150574406339,0.08868150574406339,0.0
0.29749999999999943,0.11012099064922161,0.11012099064922161,0.0
0.3025000000000002,0.1272891661825591,0.1272891661825591,0.0
0.307500000000001,0.10869030935477682,0.10869030935477682,0.0
0.3125,0.09057871354756628,0.09057871354756628,0.0
0.3175000000000008,0.09115927986994968,0.09115927986994968,0.0
0.3224999999999998,0.11183158784910124,0.11183158784910124,0.0
0.32750000000000057,0.1236398921561492,0.1236398921561492,0.0
0.3324999999999996,0.10487515923625736,0.10487515923625736,0.0
0.33750000000000036,0.08641107673331405,0.08641107673331405,0.0
0.34249999999999936,0.09346081064796957,0.09346081064796957,0.0
0.34750000000000014,0.11382210095441574,0.11382210095441574,0.0
0.3525000000000009,0.11542902559672691,0.11542902559672691,0.0
0.35749999999999993,0.10544535830288393,0.10544535830288393,0.0
0.3625000000000007,0.08317649293717799,0.08317649293717799,0.0
0.3674999999999997,0.09265216469893553,0.09265216469893553,0.0
0.3725000000000005,0.11620656977849039,0.11620656977849039,0.0
0.3774999999999995,0.10749807494273948,0.10749807494273948,0.0
0.3825000000000003,0.10793349968452703,0.10793349968452703,0.0
0.38750000000000107,0.08075055509007596,0.08075055509007596,0.0
0.39250000000000007,0.0896456605294501,0.0896456605294501,0.0
0.39750000000000085,0.11654868921846633,0.11654868921846633,0.0
0.40249999999999986,0.10548682732591129,0.10548682732591129,0.0
0.40750000000000064,0.10460561058657936,0.10460561058657936,0.0
0.41249999999999964,0.08416138223407839,0.08416138223407839,0.0
0.4175000000000004,0.08338383805231493,0.08338383805231493,0.0
0.42249999999999943,0.11084669855220082,0.11084669855220082,0.0
0.4275000000000002,0.1118212205933444,0.1118212205933444,0.0
0.432500000000001,0.0960215228199106,0.0960215228199106,0.0
0.4375,0.09256922665288075,0.09256922665288075,0.0
0.4425000000000008,0.07656218376431005,0.07656218376431005,0.0
0.4474999999999998,0.09922500484877614,0.09922500484877614,0.0
0.45250000000000057,0.11946188808614012,0.11946188808614012,0.0
0.4574999999999996,0.09472561585030481,0.09472561585030481,0.0
0.46250000000000036,0.09323273102131893,0.09323273102131893,0.0
0.46749999999999936,0.07635483864917311,0.07635483864917311,0.0
0.47250000000000014,0.08768624919140615,0.08768624919140615,0.0
0.4775000000000009,0.11356291956049458,0.11356291956049458,0.0
0.48249999999999993,0.10457450881930883,0.10457450881930883,0.0
0.4875000000000007,0.08983227113307334,0.08983227113307334,0.0
0.4924999999999997,0.08137259043548675,0.08137259043548675,0.0
0.4975000000000005,0.08203609480392492,0.08203609480392492,0.0
0.5024999999999995,0.0983956243882284,0.0983956243882284,0.0
0.5075000000000003,0.10844149521661249,0.10844149521661249,0.0
0.5125000000000011,0.09636364225988654,0.09636364225988654,0.0
0.5175000000000001,0.08485598836978711,0.08485598836978711,0.0
0.5225000000000009,0.07467534321656401,0.07467534321656401,0.0
0.5274999999999999,0.08904435969555302,0.08904435969555302,0.0
0.5325000000000006,0.10124661972136113,0.10124661972136113,0.0
0.5374999999999996,0.10132955776741594,0.10132955776741594,0.0
0.5425000000000004,0.0897804348542891,0.0897804348542891,0.0
0.5474999999999994,0.08057431174220957,0.08057431174220957,0.0
0.5525000000000002,0.07620969706857728,0.07620969706857728,0.0
0.557500000000001,0.09175021344808991,0.09175021344808991,0.0
0.5625,0.10011658884386489,0.10011658884386489,0.0
0.5675000000000008,0.09603189007566744,0.09603189007566744,0.0
0.5724999999999998,0.08436872734921533,0.08436872734921533,0.0
0.5775000000000006,0.07817947566237808,0.07817947566237808,0.0
0.5824999999999996,0.07877040924051831,0.07877040924051831,0.0
0.5875000000000004,0.09060981531483682,0.09060981531483682,0.0
0.5924999999999994,0.0966953944441056,0.0966953944441056,0.0
0.5975000000000001,0.09062018257059366,0.09062018257059366,0.0
0.6025000000000009,0.08148663024881204,0.08148663024881204,0.0
0.6074999999999999,0.0784075552890287,0.0784075552890287,0.0
0.6125000000000007,0.07730862617880298,0.07730862617880298,0.0
0.6174999999999997,0.08929317383371733,0.08929317383371733,0.0
0.6225000000000005,0.09420725306246248,0.09420725306246248,0.0
0.6274999999999995,0.08695017403267007,0.08695017403267007,0.0
0.6325000000000003,0.07788919250118637,0.07788919250118637,0.0
0.6375000000000011,0.08036696662707266,0.08036696662707266,0.0
0.6425000000000001,0.07538031660802956,0.07538031660802956,0.0
0.6475000000000009,0.08508406799643772,0.08508406799643772,0.0
0.6524999999999999,0.09118001438146336,0.09118001438146336,0.0
0.6575000000000006,0.0853017803673315,0.0853017803673315,0.0
0.6624999999999996,0.073462374293013,0.073462374293013,0.0
0.6675000000000004,0.07982786932771663,0.07982786932771663,0.0
0.6724999999999994,0.07483085205291672,0.07483085205291672,0.0
0.6775000000000002,0.08157993555062368,0.08157993555062368,0.0
0.682500000000001,0.08765514742413559,0.08765514742413559,0.0
0.6875,0.08298988233355477,0.08298988233355477,0.0
0.6925000000000008,0.0747375467511051,0.0747375467511051,0.0
0.6974999999999998,0.0727470336457906,0.0727470336457906,0.0
0.7025000000000006,0.07611639176676566,0.07611639176676566,0.0
0.7074999999999996,0.07612675902252251,0.07612675902252251,0.0
0.7125000000000004,0.08635924045452982,0.08635924045452982,0.0
0.7174999999999994,0.08407844418802363,0.08407844418802363,0.0
0.7225000000000001,0.07267446285549267,0.07267446285549267,0.0
0.7275000000000009,0.07193838769675659,0.07193838769675659,0.0
0.7324999999999999,0.06743899869828528,0.06743899869828528,0.0
0.7375000000000007,0.07220793634643458,0.07220793634643458,0.0
0.7424999999999997,0.08106157276278135,0.08106157276278135,0.0
0.7475000000000005,0.08606895729333813,0.08606895729333813,0.0
0.7524999999999995,0.07746413501515567,0.07746413501515567,0.0
0.7575000000000003,0.07194875495251345,0.07194875495251345,0.0
0.7625000000000011,0.06418368039063554,0.06418368039063554,0.0
0.7675000000000001,0.061488193893855514,0.061488193893855514,0.0
0.7725000000000009,0.07038329933322965,0.07038329933322965,0.0
0.7774999999999999,0.07967236049136395,0.07967236049136395,0.0
0.7825000000000006,0.08342530707534232,0.08342530707534232,0.0
0.7874999999999996,0.07941317909744279,0.07941317909744279,0.0
0.7925000000000004,0.07155479923375327,0.07155479923375327,0.0
0.7974999999999994,0.06006787985516756,0.06006787985516756,0.0
0.8025000000000002,0.05409634053922407,0.05409634053922407,0.0
0.807500000000001,0.061042401896311105,0.061042401896311105,0.0
0.8125,0.07279886992457484,0.07279886992457484,0.0
0.8175000000000008,0.08032549760404527,0.08032549760404527,0.0
0.8224999999999998,0.08329053275050331,0.08329053275050331,0.0
0.8275000000000006,0.07604382097646774,0.07604382097646774,0.0
0.8324999999999996,0.0651374679202654,0.0651374679202654,0.0
0.8375000000000004,0.051193508927307105,0.051193508927307105,0.0
0.8424999999999994,0.04691183229972958,0.04691183229972958,0.0
0.8475000000000001,0.05679182703600411,0.05679182703600411,0.0
0.8525000000000009,0.06375862290460485,0.06375862290460485,0.0
0.8574999999999999,0.08097863471672657,0.08097863471672657,0.0
0.8625000000000007,0.08940721364704264,0.08940721364704264,0.0
0.8674999999999997,0.07616822804554989,0.07616822804554989,0.0
0.8725000000000005,0.06526187498934757,0.06526187498934757,0.0
0.8774999999999995,0.0455951908186101,0.0455951908186101,0.0
0.8825000000000003,0.03566335980355133,0.03566335980355133,0.0
0.8875000000000011,0.0388357400651463,0.0388357400651463,0.0
0.8925000000000001,0.04906822149715361,0.04906822149715361,0.0
0.8975000000000009,0.07177251160464705,0.07177251160464705,0.0
0.9024999999999999,0.09969153135783422,0.09969153135783422,0.0
0.9075000000000006,0.08716788640356382,0.08716788640356382,0.0
0.9124999999999996,0.07919546672654901,0.07919546672654901,0.0
0.9175000000000004,0.05205399115512535,0.05205399115512535,0.0
0.9224999999999994,0.023046409547469362,0.023046409547469362,0.0
0.9275000000000002,0.022455475969329126,0.022455475969329126,0.0
0.932500000000001,0.016981564929714265,0.016981564929714265,0.0
0.9375,0.033849090046103224,0.033849090046103224,0.0
0.9425000000000008,0.06522040596632019,0.06522040596632019,0.0
0.9474999999999998,0.11191452589515602,0.11191452589515602,0.0
0.9525000000000006,0.10888728721415691,0.10888728721415691,0.0
0.9574999999999996,0.10053127907413877,0.10053127907413877,0.0
0.9625000000000004,0.04744056234332876,0.04744056234332876,0.0
0.9674999999999994,0.01797682148237151,0.01797682148237151,0.0
0.9725000000000001,0.0075473621909841184,0.0075473621909841184,0.0
0.9775000000000009,0.001513619340499562,0.001513619340499562,0.0
0.9824999999999999,0.0043542474178754524,0.0043542474178754524,0.0
0.9875000000000007,0.013363392670574898,0.013363392670574898,0.0
0.9924999999999997,0.03158902829111073,0.03158902829111073,0.0
0.9975000000000005,0.07466497596080718,0.07466497596080718,0.0
1.0024999999999995,0.14176185521911655,0.14176185521911655,0.0
1.0075000000000003,0.1645905523956922,0.1645905523956922,0.0
1.012500000000001,0.0680195650206687,0.0680195650206687,0.0
1.0175,0.01567529070435163,0.01567529070435163,0.0
1.0225000000000009,0.002519243148913655,0.002519243148913655,0.0
