omega,S,S_edge,S_cont,Sr,Sr_edge,Sr_cont
-1.4924999999999997,0.0,0.0,0.0
-1.4875000000000007,0.0008717919613711676,0.0008717919613711676,0.0
-1.4825,0.00852942405449629,0.00852942405449629,0.0
-1.4774999999999991,0.026271568565644644,0.026271568565644644,0.0
-1.4725000000000001,0.07381957337772618,0.07381957337772618,0.0
-1.4674999999999994,0.1340203426021406,0.1340203426021406,0.0
-1.4625000000000004,0.2227075032129804,0.2227075032129804,0.0
-1.4574999999999996,0.3575996377764922,0.3575996377764922,0.0
-1.4525000000000006,0.5539648865891222,0.5539648865891222,0.0
-1.4474999999999998,0.8097062365545993,0.8097062365545993,0.0
-1.442499999999999,1.0834253504802442,1.0834253504802442,0.0
-1.4375,1.4326133739267495,1.4326133739267495,0.0
-1.4324999999999992,1.613734044387835,1.613734044387835,0.0
-1.4275000000000002,1.6294498616374178,1.6294498616374178,0.0
-1.4224999999999994,1.5798755295637712,1.5798755295637712,0.0
-1.4175000000000004,1.465364477340423,1.465364477340423,0.0
-1.4124999999999996,1.2550269952009525,1.2550269952009525,0.0
-1.4075000000000006,1.0901169428323902,1.0901169428323902,0.0
-1.4024999999999999,0.9810251379364849,0.9810251379364849,0.0
-1.397499999999999,0.9052734850768007,0.9052734850768007,0.0
-1.3925,0.8539555690804116,0.8539555690804116,0.0
-1.3874999999999993,0.7968885385279528,0.7968885385279528,0.0
-1.3825000000000003,0.7624645370262428,0.7624645370262428,0.0
-1.3774999999999995,0.7184508239494498,0.7184508239494498,0.0
-1.3725000000000005,0.6970330160336013,0.6970330160336013,0.0
-1.3674999999999997,0.6651301426363971,0.6651301426363971,0.0
-1.362499999999999,0.6461392150454466,0.6461392150454466,0.0
-1.3575,0.6188780447939213,0.6188780447939213,0.0
-1.3524999999999991,0.6104193065741308,0.6104193065741308,0.0
-1.3475000000000001,0.5821920965816264,0.5821920965816264,0.0
-1.3424999999999994,0.567889996026159,0.567889996026159,0.0
-1.3375000000000004,0.55344652380128,0.55344652380128,0.0
-1.3324999999999996,0.5405110160501239,0.5405110160501239,0.0
-1.3275000000000006,0.5253371235332853,0.5253371235332853,0.0
-1.3224999999999998,0.517443871991141,0.517443871991141,0.0
-1.317499999999999,0.5003378999923443,0.5003378999923443,0.0
-1.3125,0.49164354232353463,0.49164354232353463,0.0
-1.3074999999999992,0.46157850062868033,0.46157850062868033,0.0
-1.3025000000000002,0.5000315947086194,0.5000315947086194,0.0
-1.2974999999999994,0.43931246269636276,0.43931246269636276,0.0
-1.2925000000000004,0.4653012879231843,0.4653012879231843,0.0
-1.2874999999999996,0.44593336921380317,0.44593336921380317,0.0
-1.2825000000000006,0.42835615831696827,0.42835615831696827,0.0
-1.2774999999999999,0.4267303841187356,0.4267303841187356,0.0
-1.272499999999999,0.4366970868122493,0.4366970868122493,0.0
-1.2675,0.4091767351668027,0.4091767351668027,0.0
-1.2624999999999993,0.3927304976252602,0.3927304976252602,0.0
-1.2575000000000003,0.42215936680776245,0.42215936680776245,0.0
-1.2524999999999995,0.3880181086448754,0.3880181086448754,0.0
-1.2475000000000005,0.3784048351248906,0.3784048351248906,0.0
-1.2424999999999997,0.40001113859995435,0.40001113859995435,0.0
-1.237499999999999,0.3738573797588194,0.3738573797588194,0.0
-1.2325,0.36843813243137696,0.36843813243137696,0.0
-1.2274999999999991,0.38179775519076764,0.38179775519076764,0.0
-1.2225000000000001,0.3467847050665094,0.3467847050665094,0.0
-1.2174999999999994,0.3576938855560999,0.3576938855560999,0.0
-1.2125000000000004,0.3755538397917578,0.3755538397917578,0.0
-1.2074999999999996,0.3265214324508552,0.3265214324508552,0.0
-1.2025000000000006,0.34452275835592466,0.34452275835592466,0.0
-1.1974999999999998,0.3646210973572654,0.3646210973572654,0.0
-1.192499999999999,0.3219975390296859,0.3219975390296859,0.0
-1.1875,0.3211021851234128,0.3211021851234128,0.0
-1.1824999999999992,0.34508824503357083,0.34508824503357083,0.0
-1.1775000000000002,0.33703005987711304,0.33703005987711304,0.0
-1.1724999999999994,0.2977994216154105,0.2977994216154105,0.0
-1.1675000000000004,0.3178270747820454,0.3178270747820454,0.0
-1.1624999999999996,0.3416717630227919,0.3416717630227919,0.0
-1.1575000000000006,0.30006136832599517,0.30006136832599517,0.0
-1.1524999999999999,0.2891286258915027,0.2891286258915027,0.0
-1.147499999999999,0.31398647776303185,0.31398647776303185,0.0
-1.1425,0.3372656793261323,0.3372656793261323,0.0
-1.1374999999999993,0.27461446783191784,0.27461446783191784,0.0
-1.1325000000000003,0.26794643742467344,0.26794643742467344,0.0
-1.1274999999999995,0.3179213225616531,0.3179213225616531,0.0
-1.1225000000000005,0.3155651280714608,0.3155651280714608,0.0
-1.1174999999999997,0.2762166800852486,0.2762166800852486,0.0
-1.112499999999999,0.23922442658922882,0.23922442658922882,0.0
-1.1075,0.31177165494225106,0.31177165494225106,0.0
-1.1024999999999991,0.3064466553944164,0.3064466553944164,0.0
-1.0975000000000001,0.2790205515285775,0.2790205515285775,0.0
-1.0924999999999994,0.23177885200022094,0.23177885200022094,0.0
-1.0875000000000004,0.277017786211914,0.277017786211914,0.0
-1.0824999999999996,0.30029698777501435,0.30029698777501435,0.0
-1.0775000000000006,0.2781016356774025,0.2781016356774025,0.0
-1.0724999999999998,0.24047320966903069,0.24047320966903069,0.0
-1.067499999999999,0.2508875893156809,0.2508875893156809,0.0
-1.0625,0.27053825136388504,0.27053825136388504,0.0
-1.0574999999999992,0.2835915688395506,0.2835915688395506,0.0
-1.0525000000000002,0.25491668189390976,0.25491668189390976,0.0
-1.0474999999999994,0.23241502451257293,0.23241502451257293,0.0
-1.0425000000000004,0.26059511061527335,0.26059511061527335,0.0
-1.0374999999999996,0.2474946692498039,0.2474946692498039,0.0
-1.0325000000000006,0.2709152424823158,0.2709152424823158,0.0
-1.0274999999999999,0.23526601984570567,0.23526601984570567,0.0
-1.022499999999999,0.244690797806475,0.244690797806475,0.0
-1.0175,0.24275871832451726,0.24275871832451726,0.0
-1.0124999999999993,0.24110938218138267,0.24110938218138267,0.0
-1.0075000000000003,0.2484135851009789,0.2484135851009789,0.0
-1.0024999999999995,0.2339936748210018,0.2339936748210018,0.0
-0.9975000000000005,0.24176911663863648,0.24176911663863648,0.0
-0.9924999999999997,0.23646767903570368,0.23646767903570368,0.0
-0.9874999999999989,0.22567630827062282,0.22567630827062282,0.0
-0.9824999999999999,0.23540739151511716,0.23540739151511716,0.0
-0.9774999999999991,0.22508725964807472,0.22508725964807472,0.0
-0.9725000000000001,0.24643438172921736,0.24643438172921736,0.0
-0.9674999999999994,0.23003526807747865,0.23003526807747865,0.0
-0.9625000000000004,0.21182188466829185,0.21182188466829185,0.0
-0.9574999999999996,0.21962088843082844,0.21962088843082844,0.0
-0.9525000000000006,0.21992719371455346,0.21992719371455346,0.0
-0.9474999999999998,0.2437954439002019,0.2437954439002019,0.0
-0.942499999999999,0.23783427184001527,0.23783427184001527,0.0
-0.9375,0.1998759786030166,0.1998759786030166,0.0
-0.9324999999999992,0.19125230676891264,0.19125230676891264,0.0
-0.9275000000000002,0.22666590995650357,0.22666590995650357,0.0
-0.9224999999999994,0.23335750230864985,0.23335750230864985,0.0
-0.9175000000000004,0.2443373686329462,0.2443373686329462,0.0
-0.9124999999999996,0.19610606741870887,0.19610606741870887,0.0
-0.9075000000000006,0.17937708653834322,0.17937708653834322,0.0
-0.9024999999999999,0.18875474060930877,0.18875474060930877,0.0
-0.8974999999999991,0.2474475453600001,0.2474475453600001,0.0
-0.8925000000000001,0.23712741349295763,0.23712741349295763,0.0
-0.8874999999999993,0.2248280782541536,0.2248280782541536,0.0
-0.8825000000000003,0.16194124731091988,0.16194124731091988,0.0
-0.8774999999999995,0.1610694553495487,0.1610694553495487,0.0
-0.8725000000000005,0.2181836097918112,0.2181836097918112,0.0
-0.8674999999999997,0.24476148364118078,0.24476148364118078,0.0
-0.8624999999999989,0.2390830549198173,0.2390830549198173,0.0
-0.8574999999999999,0.1924304040140088,0.1924304040140088,0.0
-0.8524999999999991,0.14544788587957344,0.14544788587957344,0.0
-0.8475000000000001,0.1541422435483832,0.1541422435483832,0.0
-0.8424999999999994,0.2463165720047078,0.2463165720047078,0.0
-0.8375000000000004,0.23345175008825753,0.23345175008825753,0.0
-0.8324999999999996,0.22357929517435163,0.22357929517435163,0.0
-0.8275000000000006,0.18128560407539904,0.18128560407539904,0.0
-0.8224999999999998,0.13380828509802326,0.13380828509802326,0.0
-0.817499999999999,0.14905286344956775,0.14905286344956775,0.0
-0.8125,0.2484607089907828,0.2484607089907828,0.0
-0.8074999999999992,0.2251343835378786,0.2251343835378786,0.0
-0.8025000000000002,0.22039843261259195,0.22039843261259195,0.0
-0.7974999999999994,0.17650252926030857,0.17650252926030857,0.0
-0.7925000000000004,0.1300383739137155,0.1300383739137155,0.0
-0.7874999999999996,0.13984014299291567,0.13984014299291567,0.0
-0.7825000000000006,0.2343942278843345,0.2343942278843345,0.0
-0.7774999999999999,0.22697221524022856,0.22697221524022856,0.0
-0.7724999999999991,0.21775949478357653,0.21775949478357653,0.0
-0.7675000000000001,0.1760784142520739,0.1760784142520739,0.0
-0.7624999999999993,0.13531624957174637,0.13531624957174637,0.0
-0.7575000000000003,0.12551448049254627,0.12551448049254627,0.0
-0.7524999999999995,0.20586071260810515,0.20586071260810515,0.0
-0.7475000000000005,0.22991745835296903,0.22991745835296903,0.0
-0.7424999999999997,0.21000761491084366,0.21000761491084366,0.0
-0.7374999999999989,0.18894323616852415,0.18894323616852415,0.0
-0.7324999999999999,0.14674379284917924,0.14674379284917924,0.0
-0.7274999999999991,0.11682012282373648,0.11682012282373648,0.0
-0.7225000000000001,0.16733693269346037,0.16733693269346037,0.0
-0.7174999999999994,0.22051624233710157,0.22051624233710157,0.0
-0.7125000000000004,0.2027034119912475,0.2027034119912475,0.0
-0.7074999999999996,0.21210462800711483,0.21210462800711483,0.0
-0.7025000000000006,0.15960861476562946,0.15960861476562946,0.0
-0.6974999999999998,0.1232760957268635,0.1232760957268635,0.0
-0.692499999999999,0.13357266564900405,0.13357266564900405,0.0
-0.6875,0.18851912116028952,0.18851912116028952,0.0
-0.6824999999999992,0.19290164291204728,0.19290164291204728,0.0
-0.6775000000000002,0.21448438444220916,0.21448438444220916,0.0
-0.6724999999999994,0.19711923104949158,0.19711923104949158,0.0
-0.6675000000000004,0.14266757638114652,0.14266757638114652,0.0
-0.6624999999999996,0.11835164924236152,0.11835164924236152,0.0
-0.6575000000000006,0.14697941229819847,0.14697941229819847,0.0
-0.6524999999999999,0.16794954326091036,0.16794954326091036,0.0
-0.6474999999999991,0.19273670929773384,0.19273670929773384,0.0
-0.6425000000000001,0.21919677342259386,0.21919677342259386,0.0
-0.6374999999999993,0.18783582475813373,0.18783582475813373,0.0
-0.6325000000000003,0.1409004305135022,0.1409004305135022,0.0
-0.6274999999999995,0.10944523406943443,0.10944523406943443,0.0
-0.6225000000000005,0.1435629302874196,0.1435629302874196,0.0
-0.6174999999999997,0.15037233236407546,0.15037233236407546,0.0
-0.6124999999999989,0.1869875947416645,0.1869875947416645,0.0
-0.6074999999999999,0.21566248168730529,0.21566248168730529,0.0
-0.6024999999999991,0.19883925302733202,0.19883925302733202,0.0
-0.5975000000000001,0.15277565074407165,0.15277565074407165,0.0
-0.5924999999999994,0.11217841967805756,0.11217841967805756,0.0
-0.5875000000000004,0.11260253468629215,0.11260253468629215,0.0
-0.5824999999999996,0.14344512056290998,0.14344512056290998,0.0
-0.5775000000000006,0.16728980880365651,0.16728980880365651,0.0
-0.5724999999999998,0.20703880985320136,0.20703880985320136,0.0
-0.567499999999999,0.21368327831554376,0.21368327831554376,0.0
-0.5625,0.17351016225776428,0.17351016225776428,0.0
-0.5574999999999992,0.126197776894702,0.126197776894702,0.0
-0.5525000000000002,0.08960607646201488,0.08960607646201488,0.0
-0.5474999999999994,0.11945906065275189,0.11945906065275189,0.0
-0.5425000000000004,0.1502309606946639,0.1502309606946639,0.0
-0.5374999999999996,0.19035695286263957,0.19035695286263957,0.0
-0.5325000000000006,0.19337288181008577,0.19337288181008577,0.0
-0.5274999999999999,0.2140131455441707,0.2140131455441707,0.0
-0.5224999999999991,0.16012697755347174,0.16012697755347174,0.0
-0.5175000000000001,0.09940784554121505,0.09940784554121505,0.0
-0.5124999999999993,0.08430463885908213,0.08430463885908213,0.0
-0.5075000000000003,0.12864821916450203,0.12864821916450203,0.0
-0.5024999999999995,0.1503958943089774,0.1503958943089774,0.0
-0.4975000000000005,0.1974726602230204,0.1974726602230204,0.0
-0.4924999999999997,0.17841104679736436,0.17841104679736436,0.0
-0.48749999999999893,0.2168170169874996,0.2168170169874996,0.0
-0.48249999999999993,0.14832244315760812,0.14832244315760812,0.0
-0.47749999999999915,0.09394147432396882,0.09394147432396882,0.0
-0.47250000000000014,0.08352709467731864,0.08352709467731864,0.0
-0.46749999999999936,0.11714999005236339,0.11714999005236339,0.0
-0.46250000000000036,0.14589556283271,0.14589556283271,0.0
-0.4574999999999996,0.18962653257067993,0.18962653257067993,0.0
-0.45250000000000057,0.19744909827811852,0.19744909827811852,0.0
-0.4474999999999998,0.18922597950734724,0.18922597950734724,0.0
-0.442499999999999,0.15218660212152357,0.15218660212152357,0.0
-0.4375,0.1107175790941383,0.1107175790941383,0.0
-0.4324999999999992,0.08456382025300328,0.08456382025300328,0.0
-0.4275000000000002,0.09702808910612078,0.09702808910612078,0.0
-0.42249999999999943,0.12247498960019809,0.12247498960019809,0.0
-0.4175000000000004,0.1737457817067835,0.1737457817067835,0.0
-0.41249999999999964,0.21841922924083038,0.21841922924083038,0.0
-0.40750000000000064,0.18635142222931256,0.18635142222931256,0.0
-0.40249999999999986,0.13559899291056945,0.13559899291056945,0.0
-0.3974999999999991,0.1365414707066464,0.1365414707066464,0.0
-0.39250000000000007,0.09844180580023619,0.09844180580023619,0.0
-0.3874999999999993,0.08889921811495718,0.08889921811495718,0.0
-0.3825000000000003,0.0951431335139669,0.0951431335139669,0.0
-0.3774999999999995,0.1285775333297963,0.1285775333297963,0.0
-0.3725000000000005,0.21401314554417072,0.21401314554417072,0.0
-0.3674999999999997,0.21196325633770335,0.21196325633770335,0.0
-0.36249999999999893,0.14141879330134458,0.14141879330134458,0.0
-0.35749999999999993,0.12977919251979436,0.12977919251979436,0.0
-0.35249999999999915,0.12855397138489438,0.12855397138489438,0.0
-0.34750000000000014,0.091726651503188,0.091726651503188,0.0
-0.34249999999999936,0.09361160709534187,0.09361160709534187,0.0
-0.33750000000000036,0.10039744722709582,0.10039744722709582,0.0
-0.3324999999999996,0.13279512146724057,0.13279512146724057,0.0
-0.32750000000000057,0.2162515303098534,0.2162515303098534,0.0
-0.3224999999999998,0.18844843532558375,0.18844843532558375,0.0
-0.317499999999999,0.13156990033234053,0.13156990033234053,0.0
-0.3125,0.13227675867939825,0.13227675867939825,0.0
-0.3074999999999992,0.1100107207470806,0.1100107207470806,0.0
-0.3025000000000002,0.10449722564003051,0.10449722564003051,0.0
-0.29749999999999943,0.09655685020808231,0.09655685020808231,0.0
-0.2925000000000004,0.10852631821825942,0.10852631821825942,0.0
-0.28749999999999964,0.14111248801761955,0.14111248801761955,0.0
-0.28250000000000064,0.17605485230717205,0.17605485230717205,0.0
-0.27749999999999986,0.1645094993052295,0.1645094993052295,0.0
-0.2724999999999991,0.15025452263956585,0.15025452263956585,0.0
-0.26750000000000007,0.13001481196881362,0.13001481196881362,0.0
-0.2624999999999993,0.09488395212004574,0.09488395212004574,0.0
-0.2575000000000003,0.11686724671354035,0.11686724671354035,0.0
-0.2524999999999995,0.10588738038924399,0.10588738038924399,0.0
-0.2475000000000005,0.11736204755648072,0.11736204755648072,0.0
-0.24249999999999972,0.1357874884697848,0.1357874884697848,0.0
-0.23749999999999893,0.1389683510315445,0.1389683510315445,0.0
-0.23249999999999993,0.13439733372057133,0.13439733372057133,0.0
-0.22749999999999915,0.15296414630328706,0.15296414630328706,0.0
-0.22250000000000014,0.15027808458446776,0.15027808458446776,0.0
-0.21749999999999936,0.10006757999846891,0.10006757999846891,0.0
-0.21250000000000036,0.10668848651590936,0.10668848651590936,0.0
-0.20749999999999957,0.11863439258118456,0.11863439258118456,0.0
-0.20250000000000057,0.13404390454704251,0.13404390454704251,0.0
-0.1974999999999998,0.12794136081744434,0.12794136081744434,0.0
-0.192499999999999,0.1119192382841364,0.1119192382841364,0.0
-0.1875,0.112343353292371,0.112343353292371,0.0
-0.18249999999999922,0.1255616043823501,0.1255616043823501,0.0
-0.1775000000000002,0.14957122623741007,0.14957122623741007,0.0
-0.17249999999999943,0.12431282130254812,0.12431282130254812,0.0
-0.16750000000000043,0.11912919342412498,0.11912919342412498,0.0
-0.16249999999999964,0.10341337617454205,0.10341337617454205,0.0
-0.15750000000000064,0.14968903596191968,0.14968903596191968,0.0
-0.15249999999999986,0.14676735479408118,0.14676735479408118,0.0
-0.14749999999999908,0.10155198252729009,0.10155198252729009,0.0
-0.14250000000000007,0.08272598855065322,0.08272598855065322,0.0
-0.1374999999999993,0.09742864216945347,0.09742864216945347,0.0
-0.13250000000000028,0.12205087459196345,0.12205087459196345,0.0
-0.1274999999999995,0.1363765370923329,0.1363765370923329,0.0
-0.1225000000000005,0.12424213546784237,0.12424213546784237,0.0
-0.11749999999999972,0.1277057413684251,0.1277057413684251,0.0
-0.11249999999999893,0.13086304198528284,0.13086304198528284,0.0
-0.10749999999999993,0.1631664684458199,0.1631664684458199,0.0
-0.10249999999999915,0.13392609482253287,0.13392609482253287,0.0
-0.09750000000000014,0.08164213908516475,0.08164213908516475,0.0
-0.09249999999999936,0.06321669817186064,0.06321669817186064,0.0
-0.08750000000000036,0.08392764774065133,0.08392764774065133,0.0
-0.08249999999999957,0.10866768988767095,0.10866768988767095,0.0
-0.07750000000000057,0.11752698117079417,0.11752698117079417,0.0
-0.07249999999999979,0.14160728886055993,0.14160728886055993,0.0
-0.067499999999999,0.13343129397959247,0.13343129397959247,0.0
-0.0625,0.16330784011523142,0.16330784011523142,0.0
-0.05749999999999922,0.16135219868837178,0.16135219868837178,0.0
-0.05250000000000021,0.12273417099411926,0.12273417099411926,0.0
-0.04749999999999943,0.07440862200027427,0.07440862200027427,0.0
-0.042500000000000426,0.05310862380893547,0.05310862380893547,0.0
-0.037499999999999645,0.06946061357087034,0.06946061357087034,0.0
-0.03250000000000064,0.08048760378497051,0.08048760378497051,0.0
-0.027499999999999858,0.10727753513845746,0.10727753513845746,0.0
-0.022499999999999076,0.12487830798019428,0.12487830798019428,0.0
-0.01750000000000007,0.16092808368013714,0.16092808368013714,0.0
-0.01249999999999929,0.18041381211402785,0.18041381211402785,0.0
-0.007500000000000284,0.1713189013818854,0.1713189013818854,0.0
-0.0024999999999995026,0.12499611770470388,0.12499611770470388,0.0
0.0024999999999995026,0.07549247146576275,0.07549247146576275,0.0
0.007500000000000284,0.043000549446010304,0.043000549446010304,0.0
0.012500000000001066,0.06239203010029331,0.06239203010029331,0.0
0.01750000000000007,0.06069557006735482,0.06069557006735482,0.0
0.022500000000000853,0.0727357239122377,0.0727357239122377,0.0
0.027499999999999858,0.10445010175022668,0.10445010175022668,0.0
0.03250000000000064,0.1395809615989945,0.1395809615989945,0.0
0.037499999999999645,0.20529522593045907,0.20529522593045907,0.0
0.042500000000000426,0.19669511604125697,0.19669511604125697,0.0
0.04749999999999943,0.14928848289858695,0.14928848289858695,0.0
0.05250000000000021,0.09738151827964964,0.09738151827964964,0.0
0.057500000000000995,0.05117654432697773,0.05117654432697773,0.0
0.0625,0.04085641245993527,0.04085641245993527,0.0
0.06750000000000078,0.04514468643208533,0.04514468643208533,0.0
0.07249999999999979,0.05315574769873933,0.05315574769873933,0.0
0.07750000000000057,0.06764634381342223,0.06764634381342223,0.0
0.08249999999999957,0.10199965948042662,0.10199965948042662,0.0
0.08750000000000036,0.14017001022154263,0.14017001022154263,0.0
0.09249999999999936,0.2359021923580576,0.2359021923580576,0.0
0.09750000000000014,0.19820308051498006,0.19820308051498006,0.0
0.10250000000000092,0.16045684478209868,0.16045684478209868,0.0
0.10749999999999993,0.0811709001871263,0.0811709001871263,0.0
0.11250000000000071,0.04651127923639689,0.04651127923639689,0.0
0.11749999999999972,0.037769797677783296,0.037769797677783296,0.0
0.1225000000000005,0.02521128104505811,0.02521128104505811,0.0
0.1274999999999995,0.03590840403053134,0.03590840403053134,0.0
0.13250000000000028,0.05798594640363362,0.05798594640363362,0.0
0.13750000000000107,0.08291448410986864,0.08291448410986864,0.0
0.14250000000000007,0.13029755530763668,0.13029755530763668,0.0
0.14750000000000085,0.21278792440927066,0.21278792440927066,0.0
0.15249999999999986,0.23074212642453634,0.23074212642453634,0.0
0.15750000000000064,0.18764732919891836,0.18764732919891836,0.0
0.16249999999999964,0.11587764502765951,0.11587764502765951,0.0
0.16750000000000043,0.05065818153913542,0.05065818153913542,0.0
0.17249999999999943,0.024245241304079238,0.024245241304079238,0.0
0.1775000000000002,0.01750652506212913,0.01750652506212913,0.0
0.182500000000001,0.024504422698000395,0.024504422698000395,0.0
0.1875,0.0324447981299486,0.0324447981299486,0.0
0.19250000000000078,0.05105873460246813,0.05105873460246813,0.0
0.1974999999999998,0.09281050096867648,0.09281050096867648,0.0
0.20250000000000057,0.156969676936614,0.156969676936614,0.0
0.20749999999999957,0.22473383047454587,0.22473383047454587,0.0
0.21250000000000036,0.24228747942647885,0.24228747942647885,0.0
0.21749999999999936,0.18734102391519336,0.18734102391519336,0.0
0.22250000000000014,0.09853605357984388,0.09853605357984388,0.0
0.22750000000000092,0.03753417822876405,0.03753417822876405,0.0
0.23249999999999993,0.00600829594999048,0.00600829594999048,0.0
0.2375000000000007,0.007398450699203963,0.007398450699203963,0.0
0.24249999999999972,0.015574445580171405,0.015574445580171405,0.0
0.2475000000000005,0.025776767722704267,0.025776767722704267,0.0
0.2524999999999995,0.054710836062266274,0.054710836062266274,0.0
0.2575000000000003,0.08216050187300708,0.08216050187300708,0.0
0.26250000000000107,0.13981658104801375,0.13981658104801375,0.0
0.26750000000000007,0.20119544751752436,0.20119544751752436,0.0
0.27250000000000085,0.24341845278177116,0.24341845278177116,0.0
0.27749999999999986,0.24066170522824612,0.24066170522824612,0.0
0.28250000000000064,0.112037048008646,0.112037048008646,0.0
0.28749999999999964,0.047948557875414216,0.047948557875414216,0.0
0.2925000000000004,0.006432410958225103,0.006432410958225103,0.0
0.29749999999999943,0.0012252211349000196,0.0012252211349000196,0.0
0.3025000000000002,0.0024975661596038858,0.0024975661596038858,0.0
0.307500000000001,0.005513495107050088,0.005513495107050088,0.0
0.3125,0.030866147821519727,0.030866147821519727,0.0
0.3175000000000008,0.07311271503066848,0.07311271503066848,0.0
0.3224999999999998,0.1108353888186479,0.1108353888186479,0.0
0.32750000000000057,0.14017001022154263,0.14017001022154263,0.0
0.3324999999999996,0.20925363267398217,0.20925363267398217,0.0
0.33750000000000036,0.25378570853861754,0.25378570853861754,0.0
0.34249999999999936,0.22374422878866512,0.22374422878866512,0.0
0.34750000000000014,0.09142034621946298,0.09142034621946298,0.0
0.3525000000000009,0.030606966427598567,0.030606966427598567,0.0
0.35749999999999993,0.005348561492736623,0.005348561492736623,0.0
0.3625000000000007,0.001932079481957723,0.001932079481957723,0.0
0.3674999999999997,0.0020734511513692635,0.0020734511513692635,0.0
0.3725000000000005,0.003204424506661589,0.003204424506661589,0.0
0.3774999999999995,0.014749777508604085,0.014749777508604085,0.0
0.3825000000000003,0.04787787204070845,0.04787787204070845,0.0
0.38750000000000107,0.11140087549629407,0.11140087549629407,0.0
0.39250000000000007,0.14042919161546377,0.14042919161546377,0.0
0.39750000000000085,0.17676171065422971,0.17676171065422971,0.0
0.40249999999999986,0.2467171250680405,0.2467171250680405,0.0
0.40750000000000064,0.23540739151511722,0.23540739151511722,0.0
0.41249999999999964,0.13319567453057327,0.13319567453057327,0.0
0.4175000000000004,0.048160615379531535,0.048160615379531535,0.0
0.42249999999999943,0.015692255304681022,0.015692255304681022,0.0
0.4275000000000002,0.002803871443328891,0.002803871443328891,0.0
0.432500000000001,0.0020027653166634933,0.0020027653166634933,0.0
0.4375,0.0027331856086231206,0.0027331856086231206,0.0
0.4425000000000008,0.008364490440182826,0.008364490440182826,0.0
0.4474999999999998,0.020263272615654176,0.020263272615654176,0.0
0.45250000000000057,0.05492289356638358,0.05492289356638358,0.0
0.4574999999999996,0.10096293390474198,0.10096293390474198,0.0
0.46250000000000036,0.13611735569841177,0.13611735569841177,0.0
0.46749999999999936,0.18884898838891648,0.18884898838891648,0.0
0.47250000000000014,0.24292365193883075,0.24292365193883075,0.0
0.4775000000000009,0.212999981913388,0.212999981913388,0.0
0.48249999999999993,0.1363765370923329,0.1363765370923329,0.0
0.4875000000000007,0.046770460630318055,0.046770460630318055,0.0
0.4924999999999997,0.022101104318004206,0.022101104318004206,0.0
0.4975000000000005,0.004358959806855839,0.004358959806855839,0.0
0.5024999999999995,0.0008953539062730913,0.0008953539062730913,0.0
0.5075000000000003,0.004382521751757762,0.004382521751757762,0.0
0.5125000000000011,0.007893251542144358,0.007893251542144358,0.0
0.5175000000000001,0.0179777639601676,0.0179777639601676,0.0
0.5225000000000009,0.045992916448554584,0.045992916448554584,0.0
0.5274999999999999,0.06816470660126454,0.06816470660126454,0.0
0.5325000000000006,0.09438915127710534,0.09438915127710534,0.0
0.5374999999999996,0.15659268581818325,0.15659268581818325,0.0
0.5425000000000004,0.19919268220086084,0.19919268220086084,0.0
0.5474999999999994,0.21625153030985345,0.21625153030985345,0.0
0.5525000000000002,0.18149766157951633,0.18149766157951633,0.0
0.557500000000001,0.12784711303783663,0.12784711303783663,0.0
0.5625,0.039089266592291,0.039089266592291,0.0
0.5675000000000008,0.0137601758227233,0.0137601758227233,0.0
0.5724999999999998,0.004547455366071226,0.004547455366071226,0.0
0.5775000000000006,0.0030866147821519718,0.0030866147821519718,0.0
0.5824999999999996,0.006385287068421255,0.006385287068421255,0.0
0.5875000000000004,0.013595242208409833,0.013595242208409833,0.0
0.5924999999999994,0.02412743157956962,0.02412743157956962,0.0
0.5975000000000001,0.0395840674352314,0.0395840674352314,0.0
0.6025000000000009,0.042152319429541056,0.042152319429541056,0.0
0.6074999999999999,0.06670386601734529,0.06670386601734529,0.0
0.6125000000000007,0.12954357307077513,0.12954357307077513,0.0
0.6174999999999997,0.20329246061379555,0.20329246061379555,0.0
0.6225000000000005,0.1870111566865664,0.1870111566865664,0.0
0.6274999999999995,0.18079080323245866,0.18079080323245866,0.0
0.6325000000000003,0.15767653528367173,0.15767653528367173,0.0
0.6375000000000011,0.08524711665515905,0.08524711665515905,0.0
0.6425000000000001,0.02796802859858314,0.02796802859858314,0.0
0.6475000000000009,0.007068583470577036,0.007068583470577036,0.0
0.6524999999999999,0.005160065933521236,0.005160065933521236,0.0
0.6575000000000006,0.005136503988619312,0.005136503988619312,0.0
0.6624999999999996,0.010249446032336703,0.010249446032336703,0.0
0.6675000000000004,0.020004091221733016,0.020004091221733016,0.0
0.6724999999999994,0.020687387623888793,0.020687387623888793,0.0
0.6775000000000002,0.02485785187152924,0.02485785187152924,0.0
0.682500000000001,0.03911282853719293,0.03911282853719293,0.0
0.6875,0.05442809272344318,0.05442809272344318,0.0
0.6925000000000008,0.10965729157355174,0.10965729157355174,0.0
0.6974999999999998,0.176667462874622,0.176667462874622,0.0
0.7025000000000006,0.18866049282970107,0.18866049282970107,0.0
0.7074999999999996,0.17124821554717964,0.17124821554717964,0.0
0.7125000000000004,0.16846790604875267,0.16846790604875267,0.0
0.7174999999999994,0.10913892878570944,0.10913892878570944,0.0
0.7225000000000001,0.05572399969304896,0.05572399969304896,0.0
0.7275000000000009,0.01390154749213484,0.01390154749213484,0.0
0.7324999999999999,0.006974335690969342,0.006974335690969342,0.0
0.7375000000000007,0.001507964473723101,0.001507964473723101,0.0
0.7424999999999997,0.002285508655486575,0.002285508655486575,0.0
0.7475000000000005,0.0075869462584193526,0.0075869462584193526,0.0
0.7524999999999995,0.00989601685880785,0.00989601685880785,0.0
0.7575000000000003,0.01760077284173682,0.01760077284173682,0.0
0.7625000000000011,0.02132356013624073,0.02132356013624073,0.0
0.7675000000000001,0.03934844798621216,0.03934844798621216,0.0
0.7725000000000009,0.058739928640495154,0.058739928640495154,0.0
0.7774999999999999,0.08312654161398593,0.08312654161398593,0.0
0.7825000000000006,0.13067454642606746,0.13067454642606746,0.0
0.7874999999999996,0.19516358962263194,0.19516358962263194,0.0
0.7925000000000004,0.18606867889048948,0.18606867889048948,0.0
0.7974999999999994,0.14928848289858695,0.14928848289858695,0.0
0.8025000000000002,0.1363765370923329,0.1363765370923329,0.0
0.807500000000001,0.08875784644554564,0.08875784644554564,0.0
0.8125,0.03357577148524092,0.03357577148524092,0.0
0.8175000000000008,0.016705418935463727,0.016705418935463727,0.0
0.8224999999999998,0.0015786503084288712,0.0015786503084288712,0.0
0.8275000000000006,0.00037699111843077525,0.00037699111843077525,0.0
0.8324999999999996,0.0009660397409788615,0.0009660397409788615,0.0
0.8375000000000004,0.0019085175370557998,0.0019085175370557998,0.0
0.8424999999999994,0.002285508655486575,0.002285508655486575,0.0
0.8475000000000001,0.0023561944901923453,0.0023561944901923453,0.0
0.8525000000000009,0.006597344572538567,0.006597344572538567,0.0
0.8574999999999999,0.02532909076956771,0.02532909076956771,0.0
0.8625000000000007,0.02704911274740813,0.02704911274740813,0.0
0.8674999999999997,0.06090762757147212,0.06090762757147212,0.0
0.8725000000000005,0.08743837753103792,0.08743837753103792,0.0
0.8774999999999995,0.12959069696057898,0.12959069696057898,0.0
0.8825000000000003,0.19205341289557806,0.19205341289557806,0.0
0.8875000000000011,0.1841837232983356,0.1841837232983356,0.0
0.8925000000000001,0.18917885561754338,0.18917885561754338,0.0
0.8975000000000009,0.13607023180860792,0.13607023180860792,0.0
0.9024999999999999,0.07078008248537807,0.07078008248537807,0.0
0.9075000000000006,0.040314487727191026,0.040314487727191026,0.0
0.9124999999999996,0.020027653166634934,0.020027653166634934,0.0
0.9175000000000004,0.0006832964021557802,0.0006832964021557802,0.0
0.9224999999999994,0.0,0.0,0.0
0.9275000000000002,0.0,0.0,0.0
0.932500000000001,0.0,0.0,0.0
0.9375,0.0,0.0,0.0
0.9425000000000008,0.0,0.0,0.0
0.9474999999999998,0.0,0.0,0.0
0.9525000000000006,0.0,0.0,0.0
0.9574999999999996,0.00025918139392115794,0.00025918139392115794,0.0
0.9625000000000004,0.007445574589007811,0.007445574589007811,0.0
0.9674999999999994,0.01663473310075796,0.01663473310075796,0.0
0.9725000000000001,0.04003174438836794,0.04003174438836794,0.0
0.9775000000000009,0.056477981929910506,0.056477981929910506,0.0
0.9824999999999999,0.08039335600536282,0.08039335600536282,0.0
0.9875000000000007,0.11415762304981913,0.11415762304981913,0.0
0.9924999999999997,0.16064534034131409,0.16064534034131409,0.0
0.9975000000000005,0.2010540758481128,0.2010540758481128,0.0
1.0024999999999995,0.23356955981276714,0.23356955981276714,0.0
1.0075000000000003,0.1437985497364388,0.1437985497364388,0.0
1.012500000000001,0.07139269305282804,0.07139269305282804,0.0
1.0175,0.051152982382075815,0.051152982382075815,0.0
1.0225000000000009,0.001083849465488479,0.001083849465488479,0.0
