omega,S,S_edge,S_cont,Sr,Sr_edge,Sr_cont
-1.0274999999999999,0.0,0.0,0.0
-1.022499999999999,0.017373007374351556,0.017373007374351556,0.0
-1.0175,0.6196207172972302,0.6196207172972302,0.0
-1.0124999999999993,4.764026082194635,4.764026082194635,0.0
-1.0075000000000003,8.142554826284712,8.142554826284712,0.0
-1.0024999999999995,6.6628709696292585,6.6628709696292585,0.0
-0.9975000000000005,4.779363965847994,4.779363965847994,0.0
-0.9924999999999997,3.944888784493978,3.944888784493978,0.0
-0.9874999999999989,3.485571288098096,3.485571288098096,0.0
-0.9824999999999999,3.1508182545763117,3.1508182545763117,0.0
-0.9774999999999991,2.915488460399744,2.915488460399744,0.0
-0.9725000000000001,2.725378122560415,2.725378122560415,0.0
-0.9674999999999994,2.5546759158164325,2.5546759158164325,0.0
-0.9625000000000004,2.4372840231297435,2.4372840231297435,0.0
-0.9574999999999996,2.315772245837137,2.315772245837137,0.0
-0.9525000000000006,2.242408517553447,2.242408517553447,0.0
-0.9474999999999998,2.134571778922651,2.134571778922651,0.0
-0.942499999999999,2.062721984138725,2.062721984138725,0.0
-0.9375,2.0097591302289164,2.0097591302289164,0.0
-0.9324999999999992,1.9307367652575798,1.9307367652575798,0.0
-0.9275000000000002,1.8967104893858142,1.8967104893858142,0.0
-0.9224999999999994,1.8262257166098739,1.8262257166098739,0.0
-0.9175000000000004,1.783438481305042,1.783438481305042,0.0
-0.9124999999999996,1.758793629415426,1.758793629415426,0.0
-0.9075000000000006,1.694488683548362,1.694488683548362,0.0
-0.9024999999999999,1.6663940487658389,1.6663940487658389,0.0
-0.8974999999999991,1.6338817063938387,1.6338817063938387,0.0
-0.8925000000000001,1.6160619645441465,1.6160619645441465,0.0
-0.8874999999999993,1.562106367355803,1.562106367355803,0.0
-0.8825000000000003,1.5320758831801382,1.5320758831801382,0.0
-0.8774999999999995,1.507009115397145,1.507009115397145,0.0
-0.8725000000000005,1.5023680405699968,1.5023680405699968,0.0
-0.8674999999999997,1.4763085295084695,1.4763085295084695,0.0
-0.8624999999999989,1.437368174407959,1.437368174407959,0.0
-0.8574999999999999,1.3944072090293835,1.3944072090293835,0.0
-0.8524999999999991,1.3762151884502412,1.3762151884502412,0.0
-0.8475000000000001,1.3714003835493493,1.3714003835493493,0.0
-0.8424999999999994,1.359338552715157,1.359338552715157,0.0
-0.8375000000000004,1.348492832397169,1.348492832397169,0.0
-0.8324999999999996,1.325163365351611,1.325163365351611,0.0
-0.8275000000000006,1.3024791814371006,1.3024791814371006,0.0
-0.8224999999999998,1.2777102366376676,1.2777102366376676,0.0
-0.817499999999999,1.2646556625249405,1.2646556625249405,0.0
-0.8125,1.2472330179866624,1.2472330179866624,0.0
-0.8074999999999992,1.228221984202729,1.228221984202729,0.0
-0.8025000000000002,1.2144973083769914,1.2144973083769914,0.0
-0.7974999999999994,1.2038997738786368,1.2038997738786368,0.0
-0.7925000000000004,1.189827637905412,1.189827637905412,0.0
-0.7874999999999996,1.176822700956612,1.176822700956612,0.0
-0.7825000000000006,1.158680317541396,1.158680317541396,0.0
-0.7774999999999999,1.1427964250848461,1.1427964250848461,0.0
-0.7724999999999991,1.142374509191469,1.142374509191469,0.0
-0.7675000000000001,1.1151485247776638,1.1151485247776638,0.0
-0.7624999999999993,1.0798565012257668,1.0798565012257668,0.0
-0.7575000000000003,1.0892379252079167,1.0892379252079167,0.0
-0.7524999999999995,1.0875998987983349,1.0875998987983349,0.0
-0.7475000000000005,1.0826858195695896,1.0826858195695896,0.0
-0.7424999999999997,1.0687874136701083,1.0687874136701083,0.0
-0.7374999999999989,1.0574701402948166,1.0574701402948166,0.0
-0.7324999999999999,1.0311624434136557,1.0311624434136557,0.0
-0.7274999999999991,1.046574782812902,1.046574782812902,0.0
-0.7225000000000001,1.027638204774859,1.027638204774859,0.0
-0.7174999999999994,1.0208875504808248,1.0208875504808248,0.0
-0.7125000000000004,0.9958952384437219,0.9958952384437219,0.0
-0.7074999999999996,0.9412943581243316,0.9412943581243316,0.0
-0.7025000000000006,1.0061204942126258,1.0061204942126258,0.0
-0.6974999999999998,1.0115061264986749,1.0115061264986749,0.0
-0.692499999999999,0.9917008980919141,0.9917008980919141,0.0
-0.6875,0.8899447120421407,0.8899447120421407,0.0
-0.6824999999999992,0.928363876921421,0.928363876921421,0.0
-0.6775000000000002,0.9889708540759444,0.9889708540759444,0.0
-0.6724999999999994,0.968148063808686,0.968148063808686,0.0
-0.6675000000000004,0.859244126153465,0.859244126153465,0.0
-0.6624999999999996,0.8987304900571699,0.8987304900571699,0.0
-0.6575000000000006,0.961372590932689,0.961372590932689,0.0
-0.6524999999999999,0.8990531316226936,0.8990531316226936,0.0
-0.6474999999999991,0.8288413632483498,0.8288413632483498,0.0
-0.6425000000000001,0.9110653252929594,0.9110653252929594,0.0
-0.6374999999999993,0.9066476177034816,0.9066476177034816,0.0
-0.6325000000000003,0.8223885319378765,0.8223885319378765,0.0
-0.6274999999999995,0.8533373036461857,0.8533373036461857,0.0
-0.6225000000000005,0.8776843325522414,0.8776843325522414,0.0
-0.6174999999999997,0.8350708273211531,0.8350708273211531,0.0
-0.6124999999999989,0.8191869348646033,0.8191869348646033,0.0
-0.6074999999999999,0.8478275784503199,0.8478275784503199,0.0
-0.6024999999999991,0.8179956429303621,0.8179956429303621,0.0
-0.5975000000000001,0.8006970913019003,0.8006970913019003,0.0
-0.5924999999999994,0.8200804038152839,0.8200804038152839,0.0
-0.5875000000000004,0.7918864947049079,0.7918864947049079,0.0
-0.5824999999999996,0.7868235039843825,0.7868235039843825,0.0
-0.5775000000000006,0.8036753211375034,0.8036753211375034,0.0
-0.5724999999999998,0.7551301748171727,0.7551301748171727,0.0
-0.567499999999999,0.7780625445513165,0.7780625445513165,0.0
-0.5625,0.7768216154531487,0.7768216154531487,0.0
-0.5574999999999992,0.7446815518105983,0.7446815518105983,0.0
-0.5525000000000002,0.7606399000130383,0.7606399000130383,0.0
-0.5474999999999994,0.7412317689176913,0.7412317689176913,0.0
-0.5425000000000004,0.7271844515264299,0.7271844515264299,0.0
-0.5374999999999996,0.7475605073183479,0.7475605073183479,0.0
-0.5325000000000006,0.7040783517185422,0.7040783517185422,0.0
-0.5274999999999999,0.7314532476241274,0.7314532476241274,0.0
-0.5224999999999991,0.7036812544071285,0.7036812544071285,0.0
-0.5175000000000001,0.7268369913789428,0.7268369913789428,0.0
-0.5124999999999993,0.6775472875997111,0.6775472875997111,0.0
-0.5075000000000003,0.716909558593599,0.716909558593599,0.0
-0.5024999999999995,0.6751895223131918,0.6751895223131918,0.0
-0.4975000000000005,0.6758596240262027,0.6758596240262027,0.0
-0.4924999999999997,0.6912967820074122,0.6912967820074122,0.0
-0.48749999999999893,0.6395004014498811,0.6395004014498811,0.0
-0.48249999999999993,0.7040535331365788,0.7040535331365788,0.0
-0.47749999999999915,0.6020739798491351,0.6020739798491351,0.0
-0.47250000000000014,0.7241317659449367,0.7241317659449367,0.0
-0.46749999999999936,0.5639526379534152,0.5639526379534152,0.0
-0.46250000000000036,0.7367892427462498,0.7367892427462498,0.0
-0.4574999999999996,0.5343688882530909,0.5343688882530909,0.0
-0.45250000000000057,0.7404872114587903,0.7404872114587903,0.0
-0.4474999999999998,0.5126278104531881,0.5126278104531881,0.0
-0.442499999999999,0.7404872114587905,0.7404872114587905,0.0
-0.4375,0.4917553830220029,0.4917553830220029,0.0
-0.4324999999999992,0.741901870630702,0.741901870630702,0.0
-0.4275000000000002,0.47056031402529386,0.47056031402529386,0.0
-0.42249999999999943,0.7337861943286834,0.7337861943286834,0.0
-0.4175000000000004,0.45586771350298516,0.45586771350298516,0.0
-0.41249999999999964,0.7145766118890432,0.7145766118890432,0.0
-0.40750000000000064,0.4677061770995076,0.4677061770995076,0.0
-0.40249999999999986,0.6776465619275646,0.6776465619275646,0.0
-0.3974999999999991,0.4995235991765342,0.4995235991765342,0.0
-0.39250000000000007,0.6064668688566498,0.6064668688566498,0.0
-0.3874999999999993,0.5729369646241513,0.5729369646241513,0.0
-0.3825000000000003,0.514911119993817,0.514911119993817,0.0
-0.3774999999999995,0.6443648435146997,0.6443648435146997,0.0
-0.3725000000000005,0.4255394063437598,0.4255394063437598,0.0
-0.3674999999999997,0.6753880709688987,0.6753880709688987,0.0
-0.36249999999999893,0.39528555493042494,0.39528555493042494,0.0
-0.35749999999999993,0.6679921335438176,0.6679921335438176,0.0
-0.35249999999999915,0.43708004695672203,0.43708004695672203,0.0
-0.34750000000000014,0.582318388606301,0.582318388606301,0.0
-0.34249999999999936,0.5287847073113349,0.5287847073113349,0.0
-0.33750000000000036,0.4477272186190031,0.4477272186190031,0.0
-0.3324999999999996,0.6208368278134349,0.6208368278134349,0.0
-0.32750000000000057,0.38344709133390237,0.38344709133390237,0.0
-0.3224999999999998,0.6249815310013158,0.6249815310013158,0.0
-0.317499999999999,0.42166770755747585,0.42166770755747585,0.0
-0.3125,0.5016579972253832,0.5016579972253832,0.0
-0.3074999999999992,0.5608503152079953,0.5608503152079953,0.0
-0.3025000000000002,0.37565405659740747,0.37565405659740747,0.0
-0.29749999999999943,0.6150044610520454,0.6150044610520454,0.0
-0.2925000000000004,0.37644825122023506,0.37644825122023506,0.0
-0.28749999999999964,0.4828703306791201,0.4828703306791201,0.0
-0.28250000000000064,0.5710011152310093,0.5710011152310093,0.0
-0.27749999999999986,0.33512531225124165,0.33512531225124165,0.0
-0.2724999999999991,0.56539211570729,0.56539211570729,0.0
-0.26750000000000007,0.4425401349886612,0.4425401349886612,0.0
-0.2624999999999993,0.3841171930469131,0.3841171930469131,0.0
-0.2575000000000003,0.5723165000750673,0.5723165000750673,0.0
-0.2524999999999995,0.3653791636645768,0.3653791636645768,0.0
-0.2475000000000005,0.42104724300839197,0.42104724300839197,0.0
-0.24249999999999972,0.5606269479703252,0.5606269479703252,0.0
-0.23749999999999893,0.34544984234799914,0.34544984234799914,0.0
-0.23249999999999993,0.42769862297457223,0.42769862297457223,0.0
-0.22749999999999915,0.5267744021723029,0.5267744021723029,0.0
-0.22250000000000014,0.3388977367096722,0.3388977367096722,0.0
-0.21749999999999936,0.42437293299148193,0.42437293299148193,0.0
-0.21250000000000036,0.4987790417176335,0.4987790417176335,0.0
-0.20749999999999957,0.34785724479844504,0.34785724479844504,0.0
-0.20250000000000057,0.4032771383226265,0.4032771383226265,0.0
-0.1974999999999998,0.48567483044097987,0.48567483044097987,0.0
-0.192499999999999,0.3557495538627933,0.3557495538627933,0.0
-0.1875,0.3780862776298167,0.3780862776298167,0.0
-0.18249999999999922,0.47167715021364504,0.47167715021364504,0.0
-0.1775000000000002,0.3649572477711997,0.3649572477711997,0.0
-0.17249999999999943,0.34589657682333963,0.34589657682333963,0.0
-0.16750000000000043,0.4492163335368048,0.4492163335368048,0.0
-0.16249999999999964,0.39617902388110576,0.39617902388110576,0.0
-0.15750000000000064,0.31467480071343357,0.31467480071343357,0.0
-0.15249999999999986,0.41481777893558874,0.41481777893558874,0.0
-0.14749999999999908,0.4362610337519312,0.4362610337519312,0.0
-0.14250000000000007,0.30618684568196464,0.30618684568196464,0.0
-0.1374999999999993,0.3585292350426895,0.3585292350426895,0.0
-0.13250000000000028,0.4498616166678521,0.4498616166678521,0.0
-0.1274999999999995,0.32231892395814815,0.32231892395814815,0.0
-0.1225000000000005,0.29745070483086206,0.29745070483086206,0.0
-0.11749999999999972,0.42923737505630055,0.42923737505630055,0.0
-0.11249999999999893,0.3759022424170411,0.3759022424170411,0.0
-0.10749999999999993,0.29112196643020544,0.29112196643020544,0.0
-0.10249999999999915,0.34949527120802676,0.34949527120802676,0.0
-0.09750000000000014,0.41863984055794606,0.41863984055794606,0.0
-0.09249999999999936,0.3197626100159222,0.3197626100159222,0.0
-0.08750000000000036,0.27374895905585384,0.27374895905585384,0.0
-0.08249999999999957,0.37808627762981684,0.37808627762981684,0.0
-0.07750000000000057,0.38051849866222603,0.38051849866222603,0.0
-0.07249999999999979,0.2812938079727151,0.2812938079727151,0.0
-0.067499999999999,0.32028380023715275,0.32028380023715275,0.0
-0.0625,0.34956972695391675,0.34956972695391675,0.0
-0.05749999999999922,0.37252691527002435,0.37252691527002435,0.0
-0.05250000000000021,0.24046724064298888,0.24046724064298888,0.0
-0.04749999999999943,0.3532676956664574,0.3532676956664574,0.0
-0.042500000000000426,0.32529715379375135,0.32529715379375135,0.0
-0.037499999999999645,0.3400393914799868,0.3400393914799868,0.0
-0.03250000000000064,0.2285046841366497,0.2285046841366497,0.0
-0.027499999999999858,0.3659748096316974,0.3659748096316974,0.0
-0.022499999999999076,0.32514824230197115,0.32514824230197115,0.0
-0.01750000000000007,0.3139550618364961,0.3139550618364961,0.0
-0.01249999999999929,0.22354096774397778,0.22354096774397778,0.0
-0.007500000000000284,0.3531187841746773,0.3531187841746773,0.0
-0.0024999999999995026,0.3328420027106126,0.3328420027106126,0.0
0.0024999999999995026,0.29936173564204077,0.29936173564204077,0.0
0.007500000000000284,0.20043486793609025,0.20043486793609025,0.0
0.012500000000001066,0.3304346002601668,0.3304346002601668,0.0
0.01750000000000007,0.3455491166758526,0.3455491166758526,0.0
0.022500000000000853,0.3023151468956805,0.3023151468956805,0.0
0.027499999999999858,0.19236882879799846,0.19236882879799846,0.0
0.03250000000000064,0.2921395282907033,0.2921395282907033,0.0
0.037499999999999645,0.34706305017561756,0.34706305017561756,0.0
0.042500000000000426,0.32003561441751915,0.32003561441751915,0.0
0.04749999999999943,0.212571154516173,0.212571154516173,0.0
0.05250000000000021,0.20542340291072547,0.20542340291072547,0.0
0.057500000000000995,0.33698670589849367,0.33698670589849367,0.0
0.0625,0.3438862716843075,0.3438862716843075,0.0
0.06750000000000078,0.25602849153401525,0.25602849153401525,0.0
0.07249999999999979,0.16588740184309403,0.16588740184309403,0.0
0.07750000000000057,0.27851412679281884,0.27851412679281884,0.0
0.08249999999999957,0.35234940813381305,0.35234940813381305,0.0
0.08750000000000036,0.31060455327144254,0.31060455327144254,0.0
0.09249999999999936,0.1983252884692047,0.1983252884692047,0.0
0.09750000000000014,0.18432760824186994,0.18432760824186994,0.0
0.10250000000000092,0.2748161580802783,0.2748161580802783,0.0
0.10749999999999993,0.3692508624508609,0.3692508624508609,0.0
0.11250000000000071,0.2731533130887332,0.2731533130887332,0.0
0.11749999999999972,0.18236694026676464,0.18236694026676464,0.0
0.1225000000000005,0.1921702801422915,0.1921702801422915,0.0
0.1274999999999995,0.27235911846590577,0.27235911846590577,0.0
0.13250000000000028,0.37505841063028694,0.37505841063028694,0.0
0.13750000000000107,0.2451827712160272,0.2451827712160272,0.0
0.14250000000000007,0.19375866938794656,0.19375866938794656,0.0
0.14750000000000085,0.161122234106129,0.161122234106129,0.0
0.15249999999999986,0.2731781316706966,0.2731781316706966,0.0
0.15750000000000064,0.38036958717044583,0.38036958717044583,0.0
0.16249999999999964,0.23803501961057968,0.23803501961057968,0.0
0.16750000000000043,0.20301600046027965,0.20301600046027965,0.0
0.17249999999999943,0.13255604626630235,0.13255604626630235,0.0
0.1775000000000002,0.2406161521347691,0.2406161521347691,0.0
0.182500000000001,0.38113896321131,0.38113896321131,0.0
0.1875,0.2704480876547271,0.2704480876547271,0.0
0.19250000000000078,0.20825272125454844,0.20825272125454844,0.0
0.1974999999999998,0.11637433082619206,0.11637433082619206,0.0
0.20250000000000057,0.1925673774537053,0.1925673774537053,0.0
0.20749999999999957,0.3524238638797031,0.3524238638797031,0.0
0.21250000000000036,0.32735709609671015,0.32735709609671015,0.0
0.21749999999999936,0.22689147630903125,0.22689147630903125,0.0
0.22250000000000014,0.1123289019661645,0.1123289019661645,0.0
0.22750000000000092,0.14186301450256214,0.14186301450256214,0.0
0.23249999999999993,0.28079743633344795,0.28079743633344795,0.0
0.2375000000000007,0.3757781495072243,0.3757781495072243,0.0
0.24249999999999972,0.2700261717613499,0.2700261717613499,0.0
0.2475000000000005,0.14176374017470877,0.14176374017470877,0.0
0.2524999999999995,0.08927243932220365,0.08927243932220365,0.0
0.2575000000000003,0.19725808944478015,0.19725808944478015,0.0
0.26250000000000107,0.3689034023033738,0.3689034023033738,0.0
0.26750000000000007,0.33323910002202634,0.33323910002202634,0.0
0.27250000000000085,0.19782891682993758,0.19782891682993758,0.0
0.27749999999999986,0.1012846329924696,0.1012846329924696,0.0
0.28250000000000064,0.09880277479613361,0.09880277479613361,0.0
0.28749999999999964,0.28908684270921003,0.28908684270921003,0.0
0.2925000000000004,0.3433154442991503,0.3433154442991503,0.0
0.29749999999999943,0.2885656524879794,0.2885656524879794,0.0
0.3025000000000002,0.16901454317047734,0.16901454317047734,0.0
0.307500000000001,0.07167606471018186,0.07167606471018186,0.0
0.3125,0.13044646679941682,0.13044646679941682,0.0
0.3175000000000008,0.34090804184870444,0.34090804184870444,0.0
0.3224999999999998,0.3160150041394548,0.3160150041394548,0.0
0.32750000000000057,0.24726753210094937,0.24726753210094937,0.0
0.3324999999999996,0.1552402301808129,0.1552402301808129,0.0
0.33750000000000036,0.06656343682572982,0.06656343682572982,0.0
0.34249999999999936,0.17447463120241632,0.17447463120241632,0.0
0.34750000000000014,0.31214330535317086,0.31214330535317086,0.0
0.3525000000000009,0.3106541904353693,0.3106541904353693,0.0
0.35749999999999993,0.22438479953073207,0.22438479953073207,0.0
0.3625000000000007,0.1520634516895029,0.1520634516895029,0.0
0.3674999999999997,0.08138013025785536,0.08138013025785536,0.0
0.3725000000000005,0.19040816082289302,0.19040816082289302,0.0
0.3774999999999995,0.26478945096708106,0.26478945096708106,0.0
0.3825000000000003,0.30849497380455704,0.30849497380455704,0.0
0.38750000000000107,0.2237395163996847,0.2237395163996847,0.0
0.39250000000000007,0.1530313763860739,0.1530313763860739,0.0
0.39750000000000085,0.10585125207372773,0.10585125207372773,0.0
0.40249999999999986,0.1820691172832043,0.1820691172832043,0.0
0.40750000000000064,0.2174355965809914,0.2174355965809914,0.0
0.41249999999999964,0.29112196643020544,0.29112196643020544,0.0
0.4175000000000004,0.2470938020272058,0.2470938020272058,0.0
0.42249999999999943,0.1460077176904432,0.1460077176904432,0.0
0.4275000000000002,0.14861366879659593,0.14861366879659593,0.0
0.432500000000001,0.166507866392178,0.166507866392178,0.0
0.4375,0.1668801451216284,0.1668801451216284,0.0
0.4425000000000008,0.2791345913419028,0.2791345913419028,0.0
0.4474999999999998,0.25302544311644876,0.25302544311644876,0.0
0.45250000000000057,0.17278696762890794,0.17278696762890794,0.0
0.4574999999999996,0.14734792111646458,0.14734792111646458,0.0
0.46250000000000036,0.17593892753825455,0.17593892753825455,0.0
0.46749999999999936,0.15528986734473962,0.15528986734473962,0.0
0.47250000000000014,0.2055723144025056,0.2055723144025056,0.0
0.4775000000000009,0.2654099155161651,0.2654099155161651,0.0
0.48249999999999993,0.19705954078907337,0.19705954078907337,0.0
0.4875000000000007,0.1471741910427211,0.1471741910427211,0.0
0.4924999999999997,0.19475141266648094,0.19475141266648094,0.0
0.4975000000000005,0.16253689327804055,0.16253689327804055,0.0
0.5024999999999995,0.14151555435507515,0.14151555435507515,0.0
0.5075000000000003,0.2519830626739877,0.2519830626739877,0.0
0.5125000000000011,0.21654212763031053,0.21654212763031053,0.0
0.5175000000000001,0.16464647274492605,0.16464647274492605,0.0
0.5225000000000009,0.16750060967071234,0.16750060967071234,0.0
0.5274999999999999,0.20825272125454844,0.20825272125454844,0.0
0.5325000000000006,0.13315169223342302,0.13315169223342302,0.0
0.5374999999999996,0.16531657445793674,0.16531657445793674,0.0
0.5425000000000004,0.24597696583885473,0.24597696583885473,0.0
0.5474999999999994,0.18805039553637395,0.18805039553637395,0.0
0.5525000000000002,0.15005314655047075,0.15005314655047075,0.0
0.557500000000001,0.18906795739687163,0.18906795739687163,0.0
0.5625,0.19259219603566877,0.19259219603566877,0.0
0.5675000000000008,0.13689929810989032,0.13689929810989032,0.0
0.5724999999999998,0.17122339696521624,0.17122339696521624,0.0
0.5775000000000006,0.24222935996238742,0.24222935996238742,0.0
0.5824999999999996,0.16529175587597347,0.16529175587597347,0.0
0.5875000000000004,0.14980496073083718,0.14980496073083718,0.0
0.5924999999999994,0.16928754757207423,0.16928754757207423,0.0
0.5975000000000001,0.20018668211645663,0.20018668211645663,0.0
0.6025000000000009,0.1459332619445531,0.1459332619445531,0.0
0.6074999999999999,0.16052658813900839,0.16052658813900839,0.0
0.6125000000000007,0.24272573160165462,0.24272573160165462,0.0
0.6174999999999997,0.16660714072003152,0.16660714072003152,0.0
0.6225000000000005,0.14427041695300805,0.14427041695300805,0.0
0.6274999999999995,0.14908522185389975,0.14908522185389975,0.0
0.6325000000000003,0.1722905959896407,0.1722905959896407,0.0
0.6375000000000011,0.18465024980739375,0.18465024980739375,0.0
0.6425000000000001,0.14754646977217145,0.14754646977217145,0.0
0.6475000000000009,0.2352057012667567,0.2352057012667567,0.0
0.6524999999999999,0.17968653341472185,0.17968653341472185,0.0
0.6575000000000006,0.15293210205822044,0.15293210205822044,0.0
0.6624999999999996,0.13133993575009778,0.13133993575009778,0.0
0.6675000000000004,0.12585502913619537,0.12585502913619537,0.0
0.6724999999999994,0.19700990362514662,0.19700990362514662,0.0
0.6775000000000002,0.164919477146523,0.164919477146523,0.0
0.682500000000001,0.2090220972954126,0.2090220972954126,0.0
0.6875,0.20996520341002023,0.20996520341002023,0.0
0.6925000000000008,0.15732499106573503,0.15732499106573503,0.0
0.6974999999999998,0.11798753865381047,0.11798753865381047,0.0
0.7025000000000006,0.10547897334427733,0.10547897334427733,0.0
0.7074999999999996,0.14722382820664776,0.14722382820664776,0.0
0.7125000000000004,0.19097898820805032,0.19097898820805032,0.0
0.7174999999999994,0.18445170115168685,0.18445170115168685,0.0
0.7225000000000001,0.24458712524890652,0.24458712524890652,0.0
0.7275000000000009,0.17305997203050494,0.17305997203050494,0.0
0.7324999999999999,0.13876069175714226,0.13876069175714226,0.0
0.7375000000000007,0.09532817332126334,0.09532817332126334,0.0
0.7424999999999997,0.10327011954953831,0.10327011954953831,0.0
0.7475000000000005,0.15099625266507835,0.15099625266507835,0.0
0.7524999999999995,0.18750438673318007,0.18750438673318007,0.0
0.7575000000000003,0.21659176479423714,0.21659176479423714,0.0
0.7625000000000011,0.2458280543470745,0.2458280543470745,0.0
0.7675000000000001,0.14811729715732874,0.14811729715732874,0.0
0.7725000000000009,0.12573093622637857,0.12573093622637857,0.0
0.7774999999999999,0.07706169699623083,0.07706169699623083,0.0
0.7825000000000006,0.09609754936212746,0.09609754936212746,0.0
0.7874999999999996,0.15251018616484333,0.15251018616484333,0.0
0.7925000000000004,0.18499770995488068,0.18499770995488068,0.0
0.7974999999999994,0.24366883771626224,0.24366883771626224,0.0
0.8025000000000002,0.23803501961057968,0.23803501961057968,0.0
0.807500000000001,0.13409479834803067,0.13409479834803067,0.0
0.8125,0.11957592789946545,0.11957592789946545,0.0
0.8175000000000008,0.0750762104391621,0.0750762104391621,0.0
0.8224999999999998,0.0857482006834066,0.0857482006834066,0.0
0.8275000000000006,0.13729639542130406,0.13729639542130406,0.0
0.8324999999999996,0.18100191825877984,0.18100191825877984,0.0
0.8375000000000004,0.24724271351898602,0.24724271351898602,0.0
0.8424999999999994,0.24277536876558128,0.24277536876558128,0.0
0.8475000000000001,0.14253311621557288,0.14253311621557288,0.0
0.8525000000000009,0.10987186235179192,0.10987186235179192,0.0
0.8574999999999999,0.0831422495772539,0.0831422495772539,0.0
0.8625000000000007,0.08128085593000194,0.08128085593000194,0.0
0.8674999999999997,0.11257708778579806,0.11257708778579806,0.0
0.8725000000000005,0.15000350938654397,0.15000350938654397,0.0
0.8774999999999995,0.24433893942927298,0.24433893942927298,0.0
0.8825000000000003,0.24009496191353852,0.24009496191353852,0.0
0.8875000000000011,0.1783711485706638,0.1783711485706638,0.0
0.8925000000000001,0.11595241493281498,0.11595241493281498,0.0
0.8975000000000009,0.08847824469937617,0.08847824469937617,0.0
0.9024999999999999,0.08361380263455771,0.08361380263455771,0.0
0.9075000000000006,0.09302004519867091,0.09302004519867091,0.0
0.9124999999999996,0.11014486675338885,0.11014486675338885,0.0
0.9175000000000004,0.19284038185530225,0.19284038185530225,0.0
0.9224999999999994,0.24965011596943185,0.24965011596943185,0.0
0.9275000000000002,0.213191619065257,0.213191619065257,0.0
0.932500000000001,0.1431287621826935,0.1431287621826935,0.0
0.9375,0.1072659112456392,0.1072659112456392,0.0
0.9425000000000008,0.07425719723437123,0.07425719723437123,0.0
0.9474999999999998,0.09748738995207559,0.09748738995207559,0.0
0.9525000000000006,0.08090857720055153,0.08090857720055153,0.0
0.9574999999999996,0.1362043778149162,0.1362043778149162,0.0
0.9625000000000004,0.20145242979658795,0.20145242979658795,0.0
0.9674999999999994,0.2164428533024571,0.2164428533024571,0.0
0.9725000000000001,0.20294154471438958,0.20294154471438958,0.0
0.9775000000000009,0.1456354389609928,0.1456354389609928,0.0
0.9824999999999999,0.10118535866461616,0.10118535866461616,0.0
0.9875000000000007,0.0735374583574338,0.0735374583574338,0.0
0.9924999999999997,0.08755995716673186,0.08755995716673186,0.0
0.9975000000000005,0.09294558945278084,0.09294558945278084,0.0
1.0024999999999995,0.12880844038983513,0.12880844038983513,0.0
1.0075000000000003,0.18174647571768066,0.18174647571768066,0.0
1.012500000000001,0.22364024207183128,0.22364024207183128,0.0
1.0175,0.18038145370969594,0.18038145370969594,0.0
1.0225000000000009,0.14449378419067826,0.14449378419067826,0.0
1.0274999999999999,0.11669697239171578,0.11669697239171578,0.0
1.0325000000000006,0.08314224957725388,0.08314224957725388,0.0
1.0374999999999996,0.06472686176044122,0.06472686176044122,0.0
1.0425000000000004,0.1006145312794589,0.1006145312794589,0.0
1.0474999999999994,0.1125770877857981,0.1125770877857981,0.0
1.0525000000000002,0.1534284736974876,0.1534284736974876,0.0
1.057500000000001,0.220860560891935,0.220860560891935,0.0
1.0625,0.18742993098728994,0.18742993098728994,0.0
1.0675000000000008,0.13079392694690387,0.13079392694690387,0.0
1.0724999999999998,0.13201003746310846,0.13201003746310846,0.0
1.0775000000000006,0.09880277479613365,0.09880277479613365,0.0
1.0824999999999996,0.06571960503897563,0.06571960503897563,0.0
1.0875000000000004,0.08229841779049968,0.08229841779049968,0.0
1.0924999999999994,0.10999595526160871,0.10999595526160871,0.0
1.0975000000000001,0.12049421543210974,0.12049421543210974,0.0
1.102500000000001,0.17377971090744226,0.17377971090744226,0.0
1.1075,0.20584531880410262,0.20584531880410262,0.0
1.1125000000000007,0.15424748690227852,0.15424748690227852,0.0
1.1174999999999997,0.12463891861999075,0.12463891861999075,0.0
1.1225000000000005,0.1238199054151999,0.1238199054151999,0.0
1.1274999999999995,0.08629420948660053,0.08629420948660053,0.0
1.1325000000000003,0.06016024267918311,0.06016024267918311,0.0
1.137500000000001,0.09220103199388004,0.09220103199388004,0.0
1.1425,0.11262672494972481,0.11262672494972481,0.0
1.1475000000000009,0.1244403699642839,0.1244403699642839,0.0
1.1524999999999999,0.156009606221677,0.156009606221677,0.0
1.1575000000000006,0.18777739113477696,0.18777739113477696,0.0
1.1624999999999996,0.15499204436117928,0.15499204436117928,0.0
1.1675000000000004,0.12838652449645804,0.12838652449645804,0.0
1.1724999999999994,0.09902614203380387,0.09902614203380387,0.0
1.1775000000000002,0.09393833273131523,0.09393833273131523,0.0
1.182500000000001,0.06125226028557094,0.06125226028557094,0.0
1.1875,0.08356416547063099,0.08356416547063099,0.0
1.1925000000000008,0.11907955626019824,0.11907955626019824,0.0
1.1974999999999998,0.12252933915310521,0.12252933915310521,0.0
1.2025000000000006,0.13220858611881536,0.13220858611881536,0.0
1.2074999999999996,0.13280423208593597,0.13280423208593597,0.0
1.2125000000000004,0.16993283070312162,0.16993283070312162,0.0
1.2174999999999994,0.14657854507560045,0.14657854507560045,0.0
1.2225000000000001,0.1122792648022378,0.1122792648022378,0.0
1.227500000000001,0.08619493515874709,0.08619493515874709,0.0
1.2325,0.06946721091544289,0.06946721091544289,0.0
1.2375000000000007,0.06470204317847789,0.06470204317847789,0.0
1.2424999999999997,0.09922469068951076,0.09922469068951076,0.0
1.2475000000000005,0.1206431269238899,0.1206431269238899,0.0
1.2524999999999995,0.1257805733903053,0.1257805733903053,0.0
1.2575000000000003,0.10103644717283598,0.10103644717283598,0.0
1.262500000000001,0.11423993277734315,0.11423993277734315,0.0
1.2675,0.17070220674398576,0.17070220674398576,0.0
1.2725000000000009,0.14878739887033945,0.14878739887033945,0.0
1.2774999999999999,0.12099058707137696,0.12099058707137696,0.0
1.2825000000000006,0.07113005590698795,0.07113005590698795,0.0
1.2874999999999996,0.06336183975245648,0.06336183975245648,0.0
1.2925000000000004,0.05338476980318599,0.05338476980318599,0.0
1.2974999999999994,0.08254660361013326,0.08254660361013326,0.0
1.3025000000000002,0.11476112299857374,0.11476112299857374,0.0
1.307500000000001,0.11359464964629583,0.11359464964629583,0.0
1.3125,0.08830451462563263,0.08830451462563263,0.0
1.3175000000000008,0.0885775190272296,0.0885775190272296,0.0
1.3224999999999998,0.13501308588067498,0.13501308588067498,0.0
1.3275000000000006,0.16973428204741473,0.16973428204741473,0.0
1.3324999999999996,0.13846286877358194,0.13846286877358194,0.0
1.3375000000000004,0.11766489708828676,0.11766489708828676,0.0
1.3424999999999994,0.06904529502206576,0.06904529502206576,0.0
1.3475000000000001,0.04149666904273686,0.04149666904273686,0.0
1.352500000000001,0.033505085650535144,0.033505085650535144,0.0
1.3575,0.04727939864019959,0.04727939864019959,0.0
1.3625000000000007,0.08157867891356224,0.08157867891356224,0.0
1.3674999999999997,0.11113761003192324,0.11113761003192324,0.0
1.3725000000000005,0.09366532832971827,0.09366532832971827,0.0
1.3774999999999995,0.09197766475620982,0.09197766475620982,0.0
1.3825000000000003,0.09091046573178538,0.09091046573178538,0.0
1.387500000000001,0.14595808052651646,0.14595808052651646,0.0
1.3925,0.1546694027956556,0.1546694027956556,0.0
1.3975000000000009,0.15481831428743573,0.15481831428743573,0.0
1.4024999999999999,0.12605357779190224,0.12605357779190224,0.0
1.4075000000000006,0.06616633951431608,0.06616633951431608,0.0
1.4124999999999996,0.03405109445372905,0.03405109445372905,0.0
1.4175000000000004,0.017695648939875228,0.017695648939875228,0.0
1.4224999999999994,0.0036235129666504673,0.0036235129666504673,0.0
1.4275000000000002,0.00233294670455578,0.00233294670455578,0.0
1.432500000000001,0.01523860932550265,0.01523860932550265,0.0
1.4375,0.031842240658990065,0.031842240658990065,0.0
1.4425000000000008,0.046112925287921706,0.046112925287921706,0.0
1.4474999999999998,0.06899565785813903,0.06899565785813903,0.0
1.4525000000000006,0.11431438852323327,0.11431438852323327,0.0
1.4574999999999996,0.1456850761249195,0.1456850761249195,0.0
1.4625000000000004,0.20259408456690256,0.20259408456690256,0.0
1.4674999999999994,0.1917483642489145,0.1917483642489145,0.0
1.4725000000000001,0.15375111526301133,0.15375111526301133,0.0
1.477500000000001,0.12108986139923038,0.12108986139923038,0.0
1.4825,0.07594486080787967,0.07594486080787967,0.0
1.4875000000000007,0.05035690280365615,0.05035690280365615,0.0
1.4924999999999997,0.016156896858146946,0.016156896858146946,0.0
1.4975000000000005,0.0029037740897130456,0.0029037740897130456,0.0
