32.0 48.0 10000.0 0.31856765308875
0.1 0.2772561991381573 8.550916827928426e-7 2.3070317397590627e-8
0.2 0.24789073463855377 8.773039551714051e-7 2.3178723588924184e-8
0.3 0.2217617719973555 9.010507131096017e-7 2.59416795570297e-8
0.4 0.19849346523620068 9.245682046268148e-7 2.7101137304272075e-8
0.5 0.17775673027284478 9.46783518827338e-7 3.350378642734307e-8
0.6 0.15926258013981556 9.701910433923531e-7 3.565060560991826e-8
0.7 0.14275712854964728 9.91148813856923e-7 4.4666793533674984e-8
0.9 0.11484468538008627 1.0254837406106786e-6 5.051177668062751e-8
1.1 0.09253061860784059 1.05643835414446e-6 5.503470939082569e-8
1.3 0.07465367552045366 1.0801239510491523e-6 5.829282210204414e-8
1.5 0.06030406934362541 1.100282661261114e-6 7.064025463175979e-8
1.9 0.03947412555645338 1.1178236350948656e-6 7.798683255985607e-8
2.2 0.02879507902735638 1.1197626443415113e-6 8.771333478267477e-8
2.7 0.01708401419912456 1.121513420415714e-6 1.0739995271069081e-7
3.2 0.010173885302934593 1.1204846290728552e-6 1.2119485567200015e-7
3.8 0.0054829306916901336 1.1279378957866592e-6 1.3023466062130424e-7
4.6 0.002416976916157565 1.142846772441143e-6 1.4901217814675528e-7
5.5 0.0009673863016598988 1.1341180046637458e-6 1.5608916615931846e-7
6.6 0.0003174989802615721 1.11451342359393e-6 1.7033816751622018e-7
7.8 9.780734860522554e-5 1.118247536361165e-6 2.0861097560419358e-7
9.4 2.4981801111435744e-5 1.1003947913353286e-6 2.282988115603594e-7
11.2 1.9001984166652274e-5 1.1037072138884102e-6 2.409038899895747e-7
13.3 4.461666105202541e-5 1.115508896339188e-6 3.071715721243266e-7
15.9 0.00016038668161881916 1.1318937183382732e-6 3.407508613792144e-7
16.1 0.00017782489669225166 1.1331281989944787e-6 3.714837049518904e-7
18.7 0.0006644935712949679 1.1248335026758035e-6 4.3868197562412307e-7
20.8 0.0019139082360949504 1.1062813645362981e-6 4.7078051508297905e-7
22.6 0.004749561350092498 1.1070158160775996e-6 5.201882235524982e-7
24.2 0.01069499389914775 1.1089940702049485e-6 5.905080823881233e-7
25.4 0.019712942762272593 1.118469466489186e-6 6.398273165061327e-7
26.5 0.03464897078918085 1.126657747787525e-6 6.918854558831018e-7
27.4 0.05515640217905252 1.1024474841927715e-6 7.625827654375953e-7
28.2 0.08369373569943797 1.115786861144848e-6 8.262278228614979e-7
28.8 0.11479143658478198 1.107665891446143e-6 8.799019798229979e-7
29.3 0.1497873692914022 1.0836670900368188e-6 9.207863892464276e-7
29.8 0.19609703697724892 1.0620784715989443e-6 9.78927848938154e-7
30.1 0.23095151188969915 1.0302893316909193e-6 1.0397072765311743e-6
30.5 0.2880609539025766 9.839561365277559e-7 1.1014546755645493e-6
30.7 0.32217030522762197 9.57633444029739e-7 1.1750557357448251e-6
30.9 0.3607153777999442 9.257106840674487e-7 1.2464326102347011e-6
31.1 0.4043710758248638 8.926966932425965e-7 1.3220105816084995e-6
31.3 0.45393855658412696 8.609962711877321e-7 1.4464467079703495e-6
31.4 0.48123163861300966 8.45245894397316e-7 1.603380775935794e-6
31.5 0.5103761229634429 8.298681890355191e-7 1.6383364348182585e-6
31.6 0.5415227559197279 8.180727382569717e-7 1.797240235643089e-6
31.7 0.5748370803092274 8.111819058541102e-7 2.110041227096213e-6
31.8 0.6105018369860012 8.101318902887594e-7 2.5516140230435167e-6
31.9 0.6487191404400852 8.175751563121593e-7 4.007292251283238e-6
1
0.09058855197631015
-0.17372092873701353
0.2514666531136844
-0.2981847794223048
0.3061016867908248
-0.2432358754703913
0.11344493424047275
-0.025635760177226612
0.012095385320340027
-0.007724320646182494
0.0027854818882009323
-0.0016944730439436642
0.001204658722104825
0.0006444220367986502
-0.00019766862043571712
-0.0008080946341724331
7.187905814452074e-5
-6.039380210951118e-5
-0.0004337121841783627
-0.00025852960980921036
-0.0004297138002019579
0.00016109964665788045
-0.0001088452851162378
0.0018702324186194532
-0.0019426080825623946
-8.769307587516213e-5
-0.00022583059094866814
-0.0003417348576959562
0.0006841160900701754
-0.00044877381120884204
0.0012758664487563518
-0.0015756786063227156
0.0010881337960558961
-0.0006684796924310684
0.0006038670920393474
-0.0027436892616873793
0.0044039508655078306
-0.003773152550018016
-0.00011166561572266244
0.005866995022866648
-0.02294502026919961
0.12284145891694488
-0.27811816322411154
0.3860191598741938
-0.4175064509070767
0.37026398828990753
-0.26849080264049974
0.13151200813593578
2
-0.07003966974686969
0.21407310248891917
-0.36169650150909877
0.43326450071531386
-0.40285036107946476
0.29270251465221847
-0.12955473548414365
0.021223049063142905
-0.0009548357509029337
-0.0019320311932794507
-0.0015267768225382563
0.0019346127830564182
0.0005705061317797871
-0.0018480891518730081
0.0020738255979811672
-0.0010437260734932684
-0.0005356560196065947
0.0004232178169766586
0.0007312885258805313
-0.0001959541290849782
-0.00044448435619907976
-0.0004334705570528266
-0.00039516621803897367
0.0010999532104562346
-0.0012756051561080973
4.2941870025196134e-5
3.6955509325485685e-5
-0.0002816958537600926
0.00014036169272933308
0.00016893189283893696
-0.0009757641907426983
0.0004937608626902879
0.0005049095144246764
0.0005613292460186075
0.00028695219580156424
-0.0018941668787353352
0.000843161722304999
0.0017168695947042927
-0.0016384219200377358
0.0060286523100603635
-0.026873899975563123
0.1343359575153475
-0.2694203152922482
0.3192096317916886
-0.30798643456066527
0.24202649842191898
-0.1333994420221052
0.031237603399876326
3
0.2877404755843689
-0.45130378297106777
0.3561797733580447
-0.03344504451955525
-0.3152342083024911
0.4490775643537934
-0.26492646346972953
0.05704168226489762
-0.010244792082811335
-0.0008326277225131901
0.0030082435185130882
-0.0009349673722962421
0.00029892374566406845
-0.0010656533201900615
0.0019243287610438984
-0.0008756846967685095
0.0009818956813453326
-0.0009872126793899372
-9.60913831921498e-6
3.992613712257237e-5
0.00030602785154159993
0.0011435846648508402
-0.0004613343543619998
-0.0002396398662261356
0.0008773507255663115
-0.0005650651336262419
0.000872896737486352
-0.00033068778473229436
0.0001089955851675716
-0.0007680591858814815
0.00014488148554938217
0.000389656475602642
-0.0005551015943716972
0.00010667980264307826
-0.00040640143308259846
0.0025241448805412925
-0.0041091176815513065
0.004345804737588065
-0.002588756205446747
-0.007700540292726941
0.033606890009684184
-0.12654807035408483
0.20917603314753572
-0.14546826893490802
-0.0220032262418225
0.17257494193304704
-0.23962379723589636
0.20268975628548788
4
0.017935297613735485
-0.2004975479319803
0.2837773468862804
-0.1432863287641142
-0.10486178452450935
0.2408496198183194
-0.15767657099651963
0.04313125959051075
-0.014360448733234403
0.0016527176568175818
0.0005368130229778024
0.0007065314759960176
0.00027957338507218657
-0.0012980679913676206
0.000698567997747957
0.0006914217895300444
-0.0007638580325160125
-9.981765009450565e-5
0.0006495961559991588
-0.0005052827421754183
-0.00021921302372293679
3.863284803841008e-5
-0.0009890045901602474
-0.001226045488296703
0.0014652467174338887
-0.0004937013026198945
-0.00013827919698999484
-0.00015403397543613457
0.00011988159969113039
0.0003948590431506588
-0.0006424395043720522
7.10446153723301e-5
0.0006712089845459204
-1.2779002766286583e-6
2.2489351766461985e-5
0.0013686612839417449
-0.004120298520125279
0.008177768352359067
-0.012995602401709199
0.026577346655016897
-0.07407677666765826
0.2762352909534013
-0.46048127050261417
0.3044837307676601
0.09047760982630539
-0.40179782680456994
0.4086788766583291
-0.19575057815258357
5
-0.3614365521973848
0.3080229648837575
0.10784448304343248
-0.36800715731763184
0.1135106323118214
0.302505413256318
-0.30920353015240365
0.10661006526918772
-0.04185600993954576
0.021738195293824186
-0.012391903147973716
0.005296860787129608
-0.001085310711456419
0.00011338737065381166
-0.0009266155123285625
0.0015131995557367312
-0.00021022740422398377
-0.00027255967565583176
0.000600952198544035
4.295084592997428e-6
-0.0001087827469491239
-9.567999055217311e-5
0.00030653846681447024
0.002208969793852933
-0.0015335480546143404
0.0006506664523049381
-0.0008520947693172256
0.0001595477048811653
-0.0011705795534880936
-3.6630654979786174e-5
0.0003229400197119848
-0.000490439879912523
-1.4419521534159587e-5
0.0013191692969930831
-0.002116711815439664
0.0012669120172948784
0.00044626602556847866
-0.0009852156990154278
0.009918427421470408
-0.029863525935227883
0.07293700332940402
-0.24443646473212874
0.2621466815874112
0.0702384844651765
-0.321635065034934
0.1744176435347923
0.19540734855064548
-0.31915627062944896
6
-0.1445797820324746
0.32583631861461415
-0.05860823242620971
-0.3047079033999796
0.18358521494390875
0.2268227840319985
-0.2750774924859263
0.0897099877455504
-0.03467385411555989
0.025024697724879582
-0.015574782096567858
0.008962410932658274
-0.00549585923584623
0.003433453696064538
-0.004081356055911634
0.002131487919078837
-2.668595789628335e-6
0.00029355121128605855
0.0006279418643844018
-0.00028751470749038876
-0.0001180184340257837
-7.138353421258437e-5
-0.00036060271065367037
-0.00027047260746237625
0.00018514487575997318
0.000483512933149055
-0.0005690322477755767
0.0006515405922522052
-0.00039010935614899276
-0.000670630153594172
-0.0006316388727960491
0.0013545183820577666
-0.0008307862899296576
0.0025761408508554605
-0.002562069486556413
0.003389406400641065
-0.002979134269983866
0.002693277388811645
-0.008420630065963738
0.03174436933352933
-0.11368875957731273
0.3268876884649365
-0.26023058812634053
-0.22085877731533157
0.3804667665218864
0.04151847902227505
-0.4023107263493734
0.24459487652084724
7
0.3570743428024573
0.03264816478545692
-0.3340300480793888
-0.03632542245380103
0.31704220600744293
0.04899811655531819
-0.30035496645989956
0.19777556064285745
-0.12437853754529747
0.056501977699630994
-0.004385362919482801
-0.007493792578751722
-0.0007516768235490623
0.0038075033563792805
-0.0013602768104890605
0.0004742759319248597
-0.0002103136894038274
0.00020248295122426795
-0.0006255670452891639
-0.0005778177016377625
0.0002220676323593179
-9.597983011978754e-5
0.0008503430639402906
-0.0033077344372199878
0.0024689901855943805
-0.00019818787949410862
0.0002806712360503533
0.000707883650050119
7.595224665477539e-5
-0.001562510774836092
0.0015788689734013187
-0.0001862359576924516
-0.001202709901020497
-0.0005789202700595546
0.002468505765873158
-0.00327034231241437
0.0031893126052869205
-0.011790136022234549
0.042961978640452654
-0.09750338854202041
0.1794049380002555
-0.2991176558550241
0.053877331923070836
0.33017945267629956
-0.04969239703062921
-0.34829736644609094
0.03424166538607738
0.3707563755600371
8
0.1951194083463769
-0.20049571236185898
-0.18832578952381013
0.1477142053949686
0.2337170284333993
-0.10090139210725518
-0.2440373644580528
0.3272480387908463
-0.2907469186753977
0.18362916893148554
-0.07047972348760488
0.010361444431297866
-0.00102317003631619
0.0017834343195363724
-0.0038045255174857244
0.00177849286742614
-0.00025920719342785464
0.00028970277063225714
0.00043192765495313814
-3.739473551084015e-5
0.00019981318367256145
-0.0011117579070868784
0.00045174219347340574
-0.00136660298355704
0.0014001819864339908
-0.0004320841764439318
0.001100356828410599
-0.0009536044868666426
-0.00011334446018032664
0.0006326057653624938
-0.0015402796102747477
-0.0007484150187627092
0.002571157350401862
-0.0026934221417673947
0.002641504015773764
0.0002643481270035862
-0.015120987960864099
0.07840438720797971
-0.1829722027381651
0.28565080882620203
-0.33609577873336494
0.2748003351950864
0.08610384950359277
-0.24380463363327273
-0.1563558114201652
0.19114185504108983
0.19667233947255242
-0.18211985264004574
9
0.1344459594024704
0.10102999396542353
-0.1019810618633127
-0.13416590196208175
0.04462456686186378
0.1485258212545888
0.015316937519934631
-0.2977611401690976
0.4031339937535799
-0.33118396699576164
0.15120736105833088
-0.024847674169730084
-0.0024028871010038913
0.0051432365483946125
0.0008389814002036978
-0.0017265958529243716
0.0011797087492035696
-5.497438336969969e-7
0.0013338976953596066
-0.0027666125102450865
0.001180317925811987
-0.001069010187274157
-0.0006128160660957704
0.00014473778415467238
-0.0012784710515881394
0.0004930898622066193
-0.0013018494961091233
0.0004044433929860873
0.0005191226527502896
-0.000875197318593054
0.0009949015962638008
0.0006984205742050861
-0.0008715248500114511
0.0027029233802959253
-0.0010151577871534466
0.0003703008499251231
-0.02360206162735308
0.160682542815684
-0.3599021929163152
0.4399577694638362
-0.31353864664168907
-0.008548494786052137
0.15961354390913918
0.06105791053846053
-0.12050531935540489
-0.11398414986116578
0.0736454504911695
0.15694876066895333
10
-0.17922217322558576
0.15011158594888818
0.2056334214750788
-0.05756547419342651
-0.25831932422418213
-0.06300765551112042
0.23529195454259585
0.11356292815762732
-0.3752185948818975
0.3799071178506733
-0.1867314125584427
0.03944523855363314
-0.010611530510698823
0.002271422409665833
-0.0020399976114492406
0.002973136858474552
-0.0019307361467060468
0.0005684518731713499
0.00048668813707783583
-0.0014987111755231685
-0.0006269680333632984
0.002092811841492764
-0.001035884833816753
-0.002333930648537375
0.002881366944461232
-0.00028197869443116795
-0.0008248086261790304
0.0002924491998360051
0.0010033538371992227
-0.0006163182040473058
-0.00025943950728773025
-0.0004473338397372027
0.0015152705997608254
2.6760011166155292e-5
0.0014228357616853124
-0.0011768006313262215
-0.024806506718547918
0.16414421147348743
-0.330335018803249
0.3230814476646016
-0.10845325660261136
-0.198695589032095
0.07322549632781392
0.2220001271533589
0.048181372848288544
-0.18554321077889668
-0.16016366191007486
0.1724284294936101
11
0.2504728727699895
0.1783097697349985
-0.08429521506256232
-0.25128438266721737
-0.10844866697845196
0.18485806930824245
0.2561015309618255
-0.28767745067657075
-0.06856053466366176
0.3348875884441871
-0.23030467996610357
0.05530774102585117
-0.0173715128245624
0.009853223527228392
-0.005157981363272956
0.0024566772643710047
-0.0039039875492293736
0.0027576925781631735
-0.001030652115178562
0.0011777025391929157
-0.0026848612641874356
0.00024400494790810518
3.676247249716698e-5
0.0008103868304613039
-0.000316649954213449
-0.0009313529283394908
0.0009185932764830947
-0.001180354442738139
0.0003719021089863599
0.00015823521699913302
0.0014878723809433041
0.0012044834823807182
-0.003280224077331792
4.970627135897718e-5
0.004348300475169466
-0.009651324031634151
0.04311214811183777
-0.19877504818577124
0.3139210082017684
-0.1200609731118617
-0.2096342311518397
0.2589168843541727
0.15263996380949096
-0.12925036750411448
-0.2569216559514507
-0.05870224467283315
0.21544869415315465
0.21494740125526585
12
0.14557033589816432
-0.10142278902803392
-0.19272814732213941
-0.05976262439586537
0.1462896768294227
0.17863984177723546
0.02730977654212701
-0.36523713940080427
0.11249902897758922
0.32358534279472745
-0.3096499850310324
0.09296319240931517
-0.02631886132519532
0.0024140328041323904
0.0008118586619203946
-0.0006200871549774856
0.0010871701182954443
-0.00016274348609623986
0.002326101712933849
-0.0032995214123812686
0.0005835049749762617
0.0009853088285609734
-0.0028244275042568563
-0.0015774727109992479
0.002601522488696943
-0.00035197093548631667
-0.0008219395835892552
0.0007573142646393235
0.0009954416284676264
0.0010442437258212677
-0.0010033709960494967
-0.0008870348783811701
0.0035075960118442413
-0.002071647235409987
-0.00869749600839814
0.038229236031887374
-0.10551213282449075
0.32469050966699803
-0.3460552880899255
-0.08110749403842066
0.3675025683153881
-0.08504089467275319
-0.20476722370107353
-0.08325136224798778
0.10837985945158293
0.18167546186200628
0.04782735131774764
-0.1873158917297091
13
0.1806728825280976
0.21525674172883863
0.033459217220963025
-0.1854033994244387
-0.2166006025089302
-0.040231229183398234
0.18903181463089816
0.2605779235919151
-0.20465096242058614
-0.22907531654919136
0.2831412053822823
-0.10868079014255945
0.03814068781907196
0.0014923630226636574
-0.005679553705679101
0.0020781616263059696
-0.0021368041953663546
0.0011331297399136567
-0.0008662652330239179
0.002148118904958307
-0.0030215108469471676
0.0025168195564169095
-0.0021991858550003455
0.0012803730511877832
0.0007653221827188701
-2.7467910665780574e-5
-0.0028793887426912575
0.0018381786024699953
-0.0016154478524341483
-0.001919324359575782
0.0013309073270977414
0.000490249887945227
-0.002045876238512623
0.007815811346210776
-0.013869981608237545
0.04398452168904557
-0.11826369652407871
0.32952120663970624
-0.25327238808253705
-0.24335201837915177
0.29716053629357736
0.19262643086553194
-0.05840237753088921
-0.22907601566317812
-0.180045348940345
0.04185106065552153
0.21587883633975843
0.18782180010398491
14
0.2575506160790551
-0.020029569758014062
-0.24860193842724837
-0.2627572409310432
-0.05458962593445727
0.19783827113877195
0.2901107318991869
-0.008830209288080497
-0.29761926168829017
-0.05538312628991749
0.3011067145431184
-0.19878966542192397
0.10417451020116687
-0.01981787191945775
0.00030322077867404006
-0.000510246419038556
0.0019893558172883715
-0.004113169251832301
0.0037836800990420083
-9.780514715773901e-5
-0.0008324269623206712
0.0018576670372299265
-0.00017615657239750923
-0.007272100952050222
0.007524749573606045
0.002268167286024241
-0.0019105032367424763
-0.0015663866323263748
0.0030554632146106765
-0.004949475083744224
0.00351631941330852
0.0002169071957411167
-0.005896651859319673
0.008123719604705882
0.004669298083410907
-0.06809464208281427
0.1484413932081034
-0.25005112225683235
0.06769748878390247
0.24773895230717302
-0.01001118848797098
-0.26017013345756645
-0.17395391807424465
0.06301962004386251
0.24836408941496407
0.22942368067500302
-0.002163706521671943
-0.2667562513405913
15
0.12988763757488558
0.1589407679897575
0.09518254301092995
-0.026551086685212597
-0.12160984105095819
-0.13453055870758715
-0.06402474321673872
0.17631156687781002
0.15716260599732867
-0.09889806699352072
-0.2168054849779288
0.35052219766381126
-0.2582890585016801
0.06864369672138586
-0.019224347759423308
0.012801511466466154
-0.006045143150615754
0.0014227583821035208
-0.0019149482010837379
0.002485537433087559
-0.00013684256557856684
0.0007486401201609295
-0.003184693825516622
0.011719828259071679
-0.011271976295536602
-0.003617594790655173
0.0041338793455038105
-0.0013070101408158604
-0.0015308720293842084
-0.002299870892413067
0.0016282842548407438
0.002005422184033681
-0.0025075799594784596
-0.022312512518988897
0.10082770528302311
-0.34046536748489953
0.44312263331841106
-0.2505118141566602
-0.12856592245618942
0.19526797525001574
0.21351810658307224
-0.09071167470722
-0.17647027676228524
-0.13808951126973434
-0.007133381133066647
0.12114272576723434
0.179103287410271
0.11025937679037914
16
-0.1394852776275005
-0.02007215737612033
0.09201141030721081
0.13735285246238696
0.09939946211504566
0.002822962329631347
-0.11170431378503819
-0.18590433189400635
-0.001294995739250637
0.20177225351322375
0.09724481103869427
-0.48627179413762645
0.42718783013641237
-0.13109939168727106
0.030450767737543058
-0.004000320136527498
-0.00021239214236119097
0.0011345662752861119
-0.002633578582007396
0.0001873134288367925
-0.0006122845413966074
5.441685174966544e-5
0.0014732775146768507
-0.026074265482269834
0.025353778492369475
0.0005322896412622782
-0.0037076436802995143
0.003018229366599022
-0.0006948446116705657
0.0009112670061544356
-0.001847707326567554
-0.0019673810560190083
0.004566943408152193
-0.03502398411546637
0.11892916258902089
-0.3440963920889026
0.39809419192768764
-0.06908223037723524
-0.1797138759714105
-0.011886130679823066
0.1482226935901548
0.1052290189643395
0.011126565344679911
-0.08930089968492563
-0.11911536662363893
-0.07845136770339865
0.02540685968464707
0.12511255284703987
17
-0.1566468861289316
-0.22403025641213387
-0.16807169555711093
-0.026339307311341723
0.12121952101083806
0.20107891499193026
0.16729613245519828
-0.09492740267487361
-0.24341002765336464
-0.10493477815134376
0.19369669173982404
0.25137796778049265
-0.3299283518128407
0.13662645678210628
-0.041963906345090715
0.008896198141929797
-0.0019996187514614203
0.0019333702685234218
-0.0013806805519124283
-0.002436275712385201
0.00025887355192255026
0.0037849355890711327
0.0019359762766001092
-0.043433511528724426
0.04171442817082458
-0.0006146270502448265
0.00017897440128769468
-0.002611057198080547
0.0039653822892946385
-0.0010511667925693303
0.004773429502330939
-0.002015949390656916
0.005012619029006592
-0.03375736326386154
0.12477572856451583
-0.3409173828742096
0.2791760858763559
0.16937743817148662
-0.1104901319536638
-0.2402024481431171
-0.04560227558795826
0.1920738446025626
0.19740562732305672
0.08751332274308146
-0.06457258525284987
-0.1872392064850947
-0.21890308299338976
-0.13389016310416935
18
-0.0032174402619628622
0.015243621051596424
0.020352836522683944
0.0141470058579296
0.003567451795864969
-0.0067764062774535614
-0.009805982645693817
-0.006008892951128709
0.003361260628296361
-0.0012111832120813857
0.0025809377953036378
0.014273536912903746
-0.02397347964774676
0.005172735055213571
0.009627779285707586
-0.006201681292864063
-0.00393812728676611
0.003881161783893505
0.00121406809777002
-0.003334896079353344
0.0021906350816245906
-0.0047688528141622616
0.011099587034021427
-0.7032915574431292
0.702575858579199
-0.009543723857244609
-0.0009005890210409039
-0.0016110000345875006
-0.0006724600408695038
-0.0019380338703031362
-0.0018173356215564402
0.003657946357245234
-0.009132242312634944
0.016382483741930947
-0.02104171714230105
0.05039572678510957
-0.03199616076504812
-0.037548271731016464
0.0051178325222819825
0.03253653942138942
0.021112489130464936
-0.010439536323427858
-0.020136895897996904
-0.017798327479194572
-0.008805295535992295
0.01430645142301213
0.022563323871920747
0.023109136390973152
19
-0.20311058938338256
-0.05479850456816714
0.09938091726997547
0.1942228329486086
0.19140083904280214
0.10320064633458295
-0.03696202549756294
-0.2868022571559193
-0.2544575507776161
0.06597520602170291
0.31611697573370523
0.05648279152523448
-0.27010928940121925
0.17628769928958873
-0.09336057291157356
0.03870411529614566
-0.014333714852061467
0.004695875719588356
-0.002861968928470421
0.0023921168595522563
-0.0031937360536206856
-0.0010814874099338324
0.0005809019258097178
0.05181534258611645
-0.05364819699053889
-0.003352208620716476
-0.0026089306558194233
0.0031656695242297537
-0.00384087341899121
0.0021296973017119704
-0.0003432992756368234
-0.0011260587597223968
-0.03072433633158743
0.09527935753315077
-0.18238020481745576
0.2750828107145531
-0.07281990487115572
-0.29613456557237633
-0.052460454682291394
0.2517015589541612
0.2616525541473267
-4.714733118679941e-5
-0.12642683400492152
-0.19097988526355883
-0.1632327612427225
-0.04732970293387432
0.10321257694290191
0.2153701573701314
20
-0.11244780964736685
-0.1967335610293885
-0.21570104912425772
-0.15211599775732587
-0.030331285989790253
0.09248201134199723
0.1768167682917787
0.2155497916250679
0.07401444296422996
-0.1516104405817541
-0.24949366945401238
0.09450054186343507
0.1979653685049067
-0.2627561918053808
0.1804248700263499
-0.0803803927829623
0.027850374609829552
-0.007612364771295
0.007561783069096317
-0.005216825441108982
-0.0005739452405728176
0.002451949725241377
0.008115464284248336
0.008875607114102256
-0.0026798078974088592
0.0009456227746512281
0.0008656684275403388
-0.0041057853471890594
0.0014919191016003516
-0.002802849496286563
-0.006211568782162641
0.007528536599447989
-0.03718260276360149
0.1446873380420922
-0.26518960280512976
0.23210165342145772
0.10147368014311052
-0.2941073746447915
-0.17207279931633165
0.10330641184681505
0.260161861646677
0.20011161946471598
0.09314805192630894
-0.052686003937040135
-0.17742573148200264
-0.23650416944381353
-0.2045279419722398
-0.10808250135427905
21
-0.07038127080320078
-0.008986864829374074
0.041057653882260986
0.07595753698236464
0.09539568468310852
0.07430819825356985
0.026496593998642487
-0.10102390627104549
-0.16102741946797985
-0.07984600562189714
0.07783301788575198
0.2572475254707104
0.013413480113502492
-0.4878350013384057
0.4883312621427081
-0.21351898266510091
0.05470730075352895
-0.018870860951731655
0.009136931757944285
-0.004923960759031194
0.0003252745113098261
0.005448982939913622
-0.0035978212511215478
0.006345466793903258
-0.00737205090205053
-0.00041558385803096455
0.00018856381948774396
-0.0011797762915715338
0.0073686691213269324
-0.010090507062588818
0.012103780372641844
-0.04033396628215823
0.15449897287894337
-0.32267394062931665
0.3426104588765588
-0.046965773843244456
-0.18321966273960377
0.007182436425873075
0.08207035796947114
0.08766006450287855
0.020899311480594332
-0.05993477616988082
-0.07737578207499404
-0.06912734004802802
-0.028000013247347282
0.025780194991440946
0.07762139373132355
0.10867362406020917
22
-0.07819990368780827
-0.10984434039871006
-0.11734309436152794
-0.0893262454441778
-0.03255027840658158
0.037278355705492004
0.08588578121363463
0.13115778300015069
0.0918883689319887
-0.028062526459157047
-0.12177723349258922
-0.13549881402458128
0.05217715795008251
0.2760823277461821
-0.32324520980114746
0.14817650504266996
-0.015621205995062809
-0.00897509300930819
-0.0006831199774569822
-0.007643424289440621
0.007173102239782842
-0.001654686446411967
0.0001634423100666194
-0.005766308511306552
0.009019715203411275
0.0014071945163562246
0.002827686868569756
9.730378630852957e-5
-0.008498185124120313
-0.0047581805903354705
0.017860583981601844
-0.055908719707889735
0.2284757926938319
-0.49243644464405356
0.44435605295798686
0.05386917293520702
-0.23309333673987268
-0.15460945160324396
0.013282062286559886
0.16185044318882086
0.17680746572174133
0.06354328458725052
-0.007542119712804861
-0.07474199621029085
-0.11919316724551826
-0.12599004298617883
-0.0953211966272225
-0.03696234040232356
23
0.22017715176636296
0.14393183232546305
0.03682222132293861
-0.0733193024125069
-0.16304117996377623
-0.2064962490684306
-0.19743891977643452
-0.06607199829945547
0.10865990236825022
0.23902116580570545
0.21634149006841077
-0.15882861383833655
-0.2936361898997949
0.11900451765752876
0.2660748298855086
-0.2954086032536399
0.13487025246588857
-0.04464272122798985
0.016389615599873498
-0.01088629173204737
0.0003260517287247251
-0.0014705519312352465
-0.00025669213393467546
0.0010766976488808437
-0.005171817560250474
0.0040760666701441725
-0.0019855088086121048
-0.0014003282306968437
0.006307134914346567
-0.02050099095018483
0.04501138682532181
-0.104779524605925
0.21512581808457587
-0.2097066516916609
-0.04087982028659559
0.20325901028824267
0.09991902733153472
-0.18725005380583432
-0.1961846919030671
-0.07901492867655738
0.0756659438603939
0.17827728133855764
0.17497539396014772
0.1341594251849217
0.05774245637363318
-0.038216850723076984
-0.13556651388816082
-0.21374087152345989
24
-0.054058272828594295
-0.07966442761221496
-0.09549610207688602
-0.0962570120433239
-0.07373675426225135
-0.04069385885239336
0.0004800939226179241
0.08629008767640187
0.13504776639259647
0.1221949931374183
0.033170895966002
-0.2002461785195478
-0.18532246967835844
0.17767923343372705
0.2112274334149194
-0.3093100336832196
0.16078732202572094
-0.0586084262404201
0.014271690532045526
0.0023616612203652032
-0.010798287661690484
0.002672275331600015
-0.00296427245382171
0.0056968332152635675
-0.006920277527193204
0.001406128213292198
0.004380128636925611
-0.0017572640550601235
-0.010500268199666162
0.025773926159543836
-0.08031629599027282
0.23599054617108048
-0.4430255025047799
0.2765146082312877
0.2633099266173871
-0.24087410388954753
-0.2603905459222986
0.04325359751493133
0.1532946752936832
0.17630997457655467
0.10911341514061046
-0.010295983188377456
-0.06657383023987815
-0.10523880767211159
-0.12039072770242128
-0.10764624464887976
-0.07517068812273334
-0.03145957259876249
25
-0.19133297116499606
-0.13096515035857778
-0.05424397813956573
0.027145075803356
0.09871292495903339
0.1511489186238522
0.17133324850885082
0.14090213939461338
0.04249805429212118
-0.07537686352459923
-0.16677387371708652
-0.16382153037482897
-0.016094718744915408
0.2983279537013755
0.0757087633694062
-0.41159509060173316
0.32752624693819776
-0.15917708775639286
0.05037397477689463
-0.003171069552849908
-0.0007024896609489322
-0.007033038090600599
0.0052161150623581
-0.00419413055875001
7.488837932018418e-5
-0.0027779738891755995
-0.004970508547433846
-0.012041244183495016
0.01866248411737583
-0.039370626701646594
0.08889768404253769
-0.22538585042677733
0.31334170790154076
-0.045229663588245476
-0.24231144157448445
-0.013569842099377765
0.13379611385752138
0.15243479063709703
0.08881591905571885
-0.028393001715029505
-0.12867562851010014
-0.1603209994462998
-0.13881137599958462
-0.08967973873458703
-0.015677412115104684
0.06203220271375087
0.13747187467309888
0.19148925014303075
26
0.04243645653553345
0.07909267506466776
0.10805332908977061
0.1208558549641083
0.11280982739888518
0.0875162121595772
0.05066316350137142
-0.045195891630860005
-0.13037129755347124
-0.15887158062276255
-0.11975187105100192
0.08394104589060634
0.16740995938319314
0.11634806690028639
-0.13013714111193816
-0.1967427927786637
0.3165445343345264
-0.20823714885840505
0.07404964420282788
-0.014704595814366686
-0.004316751728576262
0.0003103930987562214
0.0018747895281632308
0.002036316781498853
-0.0030161809171462806
-0.016753238704249534
0.005781833929928816
-0.005437782385526593
-0.013797280420679306
0.08705791218351779
-0.2754390485189696
0.4482561940263955
-0.2547933228351423
-0.18762184193838236
0.1381277432369616
0.2294121337673268
0.09960957350401393
-0.15146210938326435
-0.19976213046291133
-0.15679188940973107
-0.05827816646046992
0.055117494278772154
0.10113543439765106
0.13141190367829136
0.13638497060090587
0.1209639693345831
0.08697724655439988
0.04139624837595765
27
0.13625320512047842
0.11761701083861145
0.0824893979032655
0.03690607534852632
-0.016371691833154657
-0.06478660512103121
-0.10194556521962701
-0.1418846158733413
-0.13115457582529716
-0.07468977388317842
0.012664965309918362
0.20241786652607272
0.21074098200927835
-0.057795728735591335
-0.2681857793396372
-0.03882043128920034
0.39416335752681325
-0.3609550921497191
0.1646733108277066
-0.05541940741570076
0.01921354453338809
0.007901100536023253
-0.014251449520154983
-0.0018512102458816458
0.005578116002377865
0.009629406085489005
0.00031247235959865435
-0.0117765637491389
0.05547445596989657
-0.14093874066125003
0.30031803375376337
-0.33027507158521163
-0.010397673979718804
0.2507676868717198
0.07931114309090896
-0.16803513386190558
-0.18185851659459348
-0.04679612603235061
0.028250707441440353
0.09006291715159165
0.12253010623708317
0.1093540105706738
0.08361382544574757
0.0462269632458526
0.0013272075127170489
-0.044217184656448846
-0.08352561817194837
-0.11691299675947815
28
-0.03331309691505717
-0.06831972700338189
-0.10142241274091632
-0.12490966285456906
-0.12957066879812357
-0.11910401372027839
-0.09045726192004602
-0.008248991467464136
0.09031753122889344
0.16447588512906472
0.1845343502840865
0.062040914939548275
-0.07082610058701817
-0.23797140445818007
-0.12677002134024645
0.22294707887425566
0.22716295880452417
-0.38512664216609266
0.23404868120797562
-0.06585540005896563
0.01761466524241033
-0.006919483788101096
0.023080648167180827
-0.013231540355175767
0.0002011043167169459
0.01688613305853224
-0.002491204834608712
0.018592470862766074
-0.09196558012369727
0.22941985999275055
-0.3493011235133232
0.20672324098718944
0.19004130683496112
-0.12899652818881355
-0.2182738926947575
-0.04418887707315213
0.08344270841753425
0.16947366155067062
0.1510828150581744
0.07636627963078887
-0.012807854336519098
-0.0925210220463603
-0.11939998572887436
-0.13238162336691214
-0.13016940399809546
-0.10775074738422465
-0.07262349718347011
-0.031074510471473537
29
-0.11470929256712435
-0.09167635650111496
-0.058707977825570086
-0.01840876331637317
0.019718281107752082
0.05623815487186853
0.08819406713138986
0.12909421439560678
0.1334292737712658
0.09972052265831945
0.029471639431070833
-0.1388908946189046
-0.20203741255568589
-0.10793048431702415
0.11797536348299457
0.2709978192570845
-0.09759268548845186
-0.31001444443821397
0.40242328011789763
-0.23542702905072685
0.07546960859355506
0.007237678773365361
0.005357531100805028
0.00030091378811912843
-0.005378541464047212
0.01901262570434776
-0.009205177348788878
-0.02406421379870632
0.17607618397754188
-0.3310925964905299
0.29398033803540974
-0.0011348514610682809
-0.24243324766097862
-0.04944003347669884
0.13311726728178358
0.17609600299411057
0.09767476948841326
-0.06115967064803612
-0.11633985589371283
-0.1349171657809399
-0.11100830251927467
-0.05390400384804409
-0.022762079083791048
0.010921619043203096
0.045057088647422965
0.07653493936372574
0.10006769961383291
0.11534430381544919
30
-0.015448834161683567
-0.03814409889743149
-0.06204929602882805
-0.082069513242444
-0.09518316964511775
-0.09894611640947668
-0.09257443223647596
-0.05322297803960324
0.006413182468502719
0.0636129406467566
0.10351712364483039
0.11961466416080728
0.07966821921199956
-0.06913256137603213
-0.16294879979206423
-0.09020596633183488
0.17307061400604812
0.12747030491460049
-0.2898071211307278
0.20009047668914876
-0.04691040289762533
0.013576190400329752
0.007645451195721761
-0.008372776258148239
-0.0017836252226098139
-0.022221206804009543
0.05922349347727661
-0.12250682317337092
0.38188899423568673
-0.5101585861052672
0.1757229754421779
0.29079261018691643
-0.08997462576693278
-0.21847663800938238
-0.12351008219239785
0.06632045960094385
0.12581973616472983
0.13093632966621396
0.09383215907494229
0.035174308368262824
-0.030379069420630296
-0.08332804586382125
-0.10021908097534031
-0.10550912409313881
-0.10029913765099745
-0.08410643593589104
-0.059060589198165224
-0.032972026494744594
31
0.09891011619615014
0.09291313334277689
0.07776849517109521
0.051990095743317755
0.022885424309331628
-0.010416158378895151
-0.040287349371924325
-0.09063399104998608
-0.12495639473555582
-0.13001196354946037
-0.10103877401895447
0.011132812499057431
0.11099167093047344
0.19764744454343325
0.09990635250714837
-0.12506359311947374
-0.2739597054246452
0.11254298189357706
0.380623244563698
-0.42300929324972614
0.16636533958904978
-0.02733047968483467
0.017431777323367894
0.007425210680216132
0.00010276222729197335
-0.059786459417916195
0.08934968118787681
-0.1923175397027165
0.303080431237533
-0.17122199217590992
-0.18781072372969906
0.19867919330840844
0.19022747089312392
-0.02299489964820559
-0.1654692060175197
-0.16088675359098129
-0.07984644571504429
0.05994492970024329
0.10973019769478988
0.1199101293397334
0.10425351430602131
0.058057132236872575
0.031465551448722394
0.0007285736112575917
-0.02645004039595833
-0.05145884149413491
-0.07162929518421747
-0.08747634315931195
32
0.013809035648890385
0.03682971348661973
0.058516668715444385
0.0790841831362965
0.09451435294126108
0.10043857225483122
0.09827361086555052
0.07696280070354167
0.03955983792480975
-0.012994161714374647
-0.06673357710107115
-0.15200819839840946
-0.15606302305561254
-0.0461029159971228
0.11049618029468797
0.2267390661871933
0.026083676143082647
-0.2298850206878612
-0.09358569866892404
0.3464443256506398
-0.3370990984150748
0.19610692592119225
-0.07527310727984787
-0.0007892373140834729
0.0010313232172509442
-0.014417648481831743
0.1019621561179998
-0.2951436370340406
0.36792233989653983
-0.07136102822241913
-0.2686173827742246
0.010994341972243036
0.21188799181713125
0.14063805280806768
-0.016834035722372905
-0.15019707358930207
-0.16155656124882947
-0.09556796910117434
-0.04392191057254625
0.017781751264182976
0.07170594238060515
0.10578531790519022
0.11270070340058409
0.10857660597593158
0.09571133957627072
0.07614414703798789
0.052364724194224395
0.027147448556273043
33
-0.06796248774232876
-0.05580831683543071
-0.04166540083416441
-0.023959532655305402
-0.0013747972945136603
0.024047145973685558
0.04627542708816981
0.07996906773131875
0.1012649292319746
0.10882442371669762
0.09247322313721164
0.0037469549705408363
-0.06960122107656327
-0.15449615803148142
-0.13117476175332152
0.005100193662931351
0.19411906580157323
0.13199890436603218
-0.2123588630829788
-0.1600975424732673
0.4544435508910464
-0.3710124773654709
0.14009967142699387
0.0023931272846039638
-0.006698528333210756
-0.12593896399489937
0.3215041868264595
-0.3714253349474877
0.1663070982603709
0.1306376598175577
-0.1397209764692164
-0.13974484507721496
0.028004890492619637
0.1269106560960347
0.10684606020629557
0.009942566219547436
-0.04464399502870014
-0.0897488305629082
-0.09325078271603626
-0.07262898798863086
-0.035662528091531934
0.00236760106439959
0.020608807904329146
0.03836019320517132
0.05301123993744437
0.06507162027212197
0.07242850481663247
0.07552778052526314
34
-0.04158854731990801
-0.05813259764734537
-0.07521730112876242
-0.08688201329445808
-0.0929060804963987
-0.09441860366183896
-0.08828491342580433
-0.05790655960728724
-0.01572579976871579
0.0259119911291024
0.06964014644064855
0.1245183809180769
0.13225645925380497
0.056250835908520265
-0.062149670123867434
-0.15291340624204375
-0.10708471513700546
0.07576932034718357
0.19526892034572457
-0.04504579392579147
-0.32430933442995763
0.3597230706981461
-0.1358924982383876
0.02892186450511961
0.03319566618792569
-0.16750105305514593
0.35593345660164244
-0.376424022052002
0.03717102516316303
0.2634251189871337
0.012022452291680143
-0.22437356034247855
-0.15780509746424373
-0.001463992105573185
0.13589894363950814
0.17723373336199186
0.13073526579264458
0.02228811002131098
-0.03338459952714502
-0.07778658673632054
-0.10730776772765292
-0.11524312677923061
-0.10837421370182458
-0.09460184945611322
-0.0741545249033851
-0.05123291671412997
-0.024617725680340614
0.002344570075245093
35
0.09955624257777479
0.09600984506063923
0.08489313017902322
0.06765362595431633
0.04734303834220467
0.023377518161858412
-0.0038347537550319963
-0.06009776911420807
-0.10727267384349731
-0.13595173819674589
-0.14258906984712608
-0.1058337872140221
-0.030688177809003753
0.10936529891147584
0.20683185818493272
0.15089688981874097
-0.09718445360987807
-0.26297766200393535
-0.02522342467398193
0.2563727240551484
0.005711580528047102
-0.29066189518609603
0.2554059270326816
0.005601891530707874
-0.0009738427851077206
-0.2537375591544133
0.38788743073716214
-0.16997807876155105
-0.2490722470331037
0.07998614835814759
0.27496383103204164
0.0793074120602192
-0.1278799166873531
-0.17684207291406676
-0.11539173553501826
0.011369292904729959
0.07330065559091471
0.1258524648563623
0.12073570912318218
0.10162981948029765
0.06555926749946042
0.021094678603112857
-0.002509485222631324
-0.023638603367302037
-0.04442838658426779
-0.06464492100819061
-0.08149511451375548
-0.0927299489072373
36
0.006729525842173172
0.023480299341766184
0.039227346709882684
0.05604648522988473
0.06928074569012986
0.07711794196706549
0.08134394813446265
0.07688501301653002
0.06113383573854386
0.03571860852633484
0.00045315185819363416
-0.088087821479817
-0.12557623682311306
-0.1368763268733845
-0.06598364203260448
0.057915707061244937
0.17709613061272697
0.11302300785965907
-0.11659034485103408
-0.24650815454562094
0.10334036816637812
0.36627384866367035
-0.41125011328014294
0.07026867763730114
0.07366351717272016
-0.346816019888226
0.31237371499673783
0.11273370403470742
-0.2989888378172987
-0.1158945791366519
0.14874662186881663
0.18736267940652912
0.06312410163531662
-0.05835110213552586
-0.13664234283550158
-0.11954597712837109
-0.07661294866372097
-0.002791677044149414
0.032888557754414426
0.05807069696438634
0.07440441355858748
0.08296982069717546
0.08096188048390018
0.07413601847926181
0.06243660453466538
0.049705604443256404
0.03425457342482418
0.017871569314606567
37
0.06985001662524243
0.06717388377850504
0.05962517100605842
0.04879787286232344
0.03425760888097329
0.01721582387793618
-0.0008937436078895084
-0.03566148937645563
-0.06970183760348016
-0.0920712506447898
-0.1007706827463031
-0.0840147661277992
-0.043720874837558196
0.04678925490803883
0.12155858944170343
0.13112667184102478
0.05494532188801645
-0.09397522825682182
-0.20155397993367266
-0.06624571484328297
0.2994241643619534
0.10352892715155854
-0.45869155651766
0.0025320526521665702
0.016274295711728923
0.46861167681943017
-0.17204281594259474
-0.36337221378228307
0.056776740932224824
0.22208240587395076
0.11984006889095404
-0.040316712160566176
-0.15477548433409044
-0.13399170244906283
-0.053544500420266525
0.06048579366109365
0.09592981005372146
0.10233972615214199
0.09142947852732587
0.06462032206810761
0.030419623709629386
-0.004673343113524241
-0.021677322820280256
-0.03667080463352862
-0.0485883954170216
-0.05768512421751112
-0.06358489387100999
-0.06707529146615342
38
0.003665285431789577
0.019903821973593635
0.037436040352792216
0.0516455419471222
0.06251732287966949
0.07192739886047196
0.0768463065075018
0.07945436882646814
0.07242441463436217
0.05677272153665323
0.030644866161023288
-0.03565207086899724
-0.08506045442445535
-0.13774031728087086
-0.12769914690292183
-0.0360074975585211
0.13573502293788273
0.21875131967519545
0.05150436820218291
-0.23408791499809045
-0.30386526458379876
0.12637181861736893
0.4471114981254827
-0.13831621068484884
-0.13943941449548064
0.45780517026364903
0.08584048639193005
-0.24363382854553223
-0.17611287597794
0.05960656119090365
0.199465077360973
0.11764784243809616
-0.028222660035786263
-0.1088370424297977
-0.13065144750742289
-0.10225900054155557
-0.05984044140462524
0.009758955041176928
0.03822171895951213
0.0637512452567635
0.07977925224019963
0.0835383036819469
0.08037895481197037
0.07524432149786278
0.06673645491035254
0.055329665586717834
0.04147629534290259
0.025283718248756568
39
-0.08502046864446157
-0.08022893267160064
-0.06954084315304088
-0.0556081300892361
-0.03883623322632785
-0.02159657584438188
-0.002069031179322008
0.036502045071923915
0.07677410698233969
0.11172499525532881
0.13309135740707723
0.1454815629825893
0.12008119516267492
0.025912029525419693
-0.08851663807172115
-0.19385610225560634
-0.22385872504042204
-0.055598003114864056
0.23308731580530762
0.31022219015111024
0.0249328896988297
-0.2944661294797802
-0.37930944732061683
-0.007958531120992178
0.0004131335115591589
0.34497454019270574
0.25533230603138896
-0.11265658770013263
-0.27013334196422545
-0.14852025453962023
0.06947173860781528
0.17610826963090448
0.14107612666990063
0.04987777975925556
-0.04056699619620233
-0.10675354952422482
-0.11647663854191594
-0.0999968088200164
-0.07942365327788355
-0.045475591498221335
-0.007508765576578881
0.02629574583870079
0.04169925662703109
0.05358017731082769
0.06260445639351965
0.07037560208184993
0.07749848593378551
0.08316944702342309
40
0.004734025501291891
-0.006989447884344203
-0.020948783817734993
-0.03509205387216925
-0.04823034622781567
-0.060091341209207984
-0.06950636272362432
-0.08508594913516039
-0.08909398700384959
-0.08271796618177467
-0.06458982373343498
-0.0031728413368238336
0.04957432309045582
0.12670823356600247
0.14686778642591994
0.10271902101074926
-0.0129256000574871
-0.14182841238949329
-0.19950798008290377
-0.05766865995475748
0.20764902346980932
0.3094954228286226
0.1751885431509087
-0.14066552825553374
-0.13715897168932248
0.36937354027121727
0.49148909942403407
0.2705058524564748
-0.0715257811124531
-0.21870358982595536
-0.19604483539254533
-0.045526541482321485
0.0929566143148527
0.14178296767465987
0.12064949954409743
0.06686925572292972
0.021439023791590642
-0.03899200744891263
-0.06309831290152289
-0.07970304517999392
-0.0871867234322117
-0.08450055279183648
-0.08056080451460469
-0.07179228086536145
-0.0611646158490393
-0.04848871531557606
-0.035543770929444024
-0.024398581352621174
41
-0.07967402638324572
-0.07776254069302534
-0.07400216742840963
-0.06546764717306193
-0.05538444793582248
-0.0430394402176288
-0.028264971578394225
0.0068175727899931465
0.04485623572858431
0.07765898333639115
0.10111705405583697
0.13356186169716644
0.13407081701646473
0.09512511527405015
0.017127766173213686
-0.09254836142449872
-0.20880472722913127
-0.21916683880883644
-0.08915732361924693
0.15824998006306948
0.39707223893707866
0.45265056920383684
0.2993777014752565
-0.024342836423466997
-0.02968942799733267
-0.17120191110355173
-0.2884066575590216
-0.2804269047895569
-0.13728033592331484
0.03689589270298616
0.1427002773136092
0.14632347624490605
0.07949845026442721
0.006247655569154307
-0.061367496825067674
-0.10547193681971423
-0.11001517404157958
-0.08641755178097367
-0.06617937217783257
-0.03732300162804181
-0.007407761780522289
0.021872491633026916
0.03359834254806864
0.04563758539394658
0.05589407469542888
0.06483242752904322
0.07202788603834953
0.07642380831340051
42
0.02195553638672535
0.03744590128725564
0.05158440999601472
0.06435022151312574
0.07689615391455179
0.0873482220763727
0.09301074295083292
0.09854239310836531
0.09351544202293187
0.0808346886754678
0.06140468973261419
0.007256291325446426
-0.034414748551900534
-0.09944069490804552
-0.1456204084439775
-0.16289515402906274
-0.0952292946665282
0.05355388400138115
0.23065785672451908
0.3211515563133901
0.2861721739664821
0.18022834441178717
0.020295047174379747
-0.14340690385188248
-0.1399276344129652
0.04994587931952785
0.20812142871404699
0.3354701552500458
0.35076905192179436
0.24517804751067557
0.012710172230994105
-0.1478958752228879
-0.21480661418074778
-0.19569040453932288
-0.11774886692241582
-0.01592550475529148
0.04032819629402594
0.1042426966167971
0.1233627171997262
0.13334729607150392
0.12819879310628973
0.11085144962622219
0.09691405444197464
0.08027346174851217
0.0610191147775944
0.04255293401205369
0.02389972359028012
0.005877006326898082
43
0.10134923072223229
0.10034144008842186
0.09691532566156152
0.08920994862204648
0.07858257570079367
0.06459496555901706
0.04904775684010591
0.01224266043959265
-0.022677921447028456
-0.057963732527193224
-0.09063918713364899
-0.1480443887574215
-0.1738996918238458
-0.1771215168023114
-0.14249773501390842
-0.056234288775676745
0.09001426975753013
0.23170772477368032
0.311422046497154
0.3111657734406735
0.21707552072461334
0.14801330991951614
0.10969948366036805
0.1577374296967222
0.1543774860782563
0.031646195782037805
-0.09984468813658552
-0.21144284691424328
-0.29623940484017
-0.31818503229981504
-0.23872958715842982
-0.11168607573624602
0.018852182879263834
0.10535518871508702
0.15605061983653998
0.15952451576150903
0.1428362789875351
0.09992227177359742
0.0699186717274683
0.03541237839283461
0.0007344998454062077
-0.02997205725260252
-0.043519280741595286
-0.055383912645838744
-0.06780925807057636
-0.07864030497554773
-0.08718962721168552
-0.09364469545420515
44
-0.019312471976142366
-0.013516069378898866
-0.007718706135085173
-0.0007205948128413354
0.0053843483845315504
0.010987562835626458
0.01660914598554231
0.02870691934278109
0.04110025108191704
0.05013033996133134
0.05600710787834789
0.05452389271853804
0.04547826936179141
0.029409419119703583
0.00032248310698167567
-0.03914824339457262
-0.07220975973915487
-0.09601338422648163
-0.09008096498760548
-0.054918659083072516
-0.00744958775455551
0.049272047106098636
0.18004971916174373
0.6346576501736074
0.6365479363335518
0.21604407618676533
0.13117657366921187
0.12285320345341603
0.10609158308378133
0.06826566261002592
0.0204493474569005
-0.00799130970511583
-0.03808642042534628
-0.05260373415655538
-0.047676659914167904
-0.027784495045153984
-0.00952657855881975
0.014701187870010205
0.02420833591285021
0.03277839179152001
0.03685998800647794
0.03963704694924738
0.03921613169445037
0.03889502137443885
0.03703727927572957
0.034435088259663287
0.03153900749507483
0.027799622462098605
45
-0.009661479102855326
-0.022056986755501832
-0.03457383509494487
-0.04747180407609153
-0.0605610546455952
-0.0731776481273219
-0.08406470577258073
-0.10312184142244514
-0.11781514865725302
-0.12521037422701856
-0.12590612993248188
-0.10723527294488779
-0.07478560101480251
-7.337358816526342e-5
0.07919241329874115
0.17112624329802356
0.2635724491719651
0.30116897744023463
0.2759094381027973
0.21373183445720842
0.11517997459815177
0.05909283843288558
0.032987703339203256
0.07040328617530685
0.07177014616655684
0.04006299049749702
0.045856209292917706
0.08738272932052585
0.19270445758497845
0.29689160340523923
0.3410818085799858
0.29561305257898685
0.21213729982049534
0.11730433609792786
0.01750180853189801
-0.08169790581436677
-0.12625551377148594
-0.1648337418706686
-0.16743388723418334
-0.15959634013133622
-0.14161596095507037
-0.11668279840256461
-0.10126444987401284
-0.08386610577210542
-0.06570084240047253
-0.04721198356236858
-0.029523019915051137
-0.013163853540783064
46
0.11409950683465918
0.11444840414443264
0.11305627206136849
0.10914496269873476
0.1034842206576033
0.09599798397654921
0.08561767757145021
0.06183218310345046
0.032785301687405725
-0.00040224668690380997
-0.03539162519769677
-0.11050692624181617
-0.16290127451096112
-0.24002185247011504
-0.29212387872042717
-0.31683695203883816
-0.31140905261430346
-0.25657616066757266
-0.1708330995428608
-0.1028045299489738
-0.04146748058986115
-0.009374869304259098
-0.0028650918866111384
-0.022427764181123824
-0.023758780723313378
0.008834942677476771
0.01463237583193991
0.049194391757456976
0.10853513266810559
0.15563960943338234
0.21305217778559826
0.2533673337389893
0.26946808481726525
0.24940622371047103
0.2081067929890859
0.1471404972033163
0.10366292621079887
0.03779889563475973
0.006482135262658018
-0.02329344236082232
-0.05095754111011478
-0.0749589106684343
-0.08376591205096831
-0.09182602860663311
-0.097768128622505
-0.10291456605533812
-0.10702161662170048
-0.11024627627306993
47
0.0025379821399068117
-0.008883750093095657
-0.022310134846162642
-0.03610653376044867
-0.05040069492460314
-0.06420937101273208
-0.07901040412081048
-0.108747985744225
-0.13529564714725786
-0.15879670517618522
-0.17895830268236837
-0.20769120749772457
-0.21976294698924187
-0.22704878201182777
-0.21747285592304175
-0.19961441683737335
-0.15686211234894343
-0.11118734385855543
-0.0565581361722165
-0.019851089416995624
-0.0037621775589678844
-0.010725158241862901
-0.00026146903972608
0.017416866196055647
0.01783162636061922
0.0033117990069759067
-0.0051084163591217395
-0.006152199306238465
-0.02857263624452378
-0.06081746128113827
-0.12358706589414185
-0.17891821384100215
-0.23895855485288553
-0.2732415074401249
-0.2854792235872877
-0.2848346503587881
-0.26948695066949785
-0.23569315580697053
-0.21402092393357192
-0.18913956289638503
-0.1596612427239088
-0.12488403816059662
-0.10687907958013211
-0.08872925889310108
-0.07087364114882652
-0.05424224342026238
-0.038400044932149116
-0.023571795326405628
48
0.18926305788864986
0.19613005420892643
0.2028450152560741
0.2091253164209849
0.21425386527222742
0.21916258375921302
0.22331460645667012
0.22728969993357012
0.22752355586064776
0.2240418937705976
0.21988361209538623
0.2016628460153278
0.18378572592867742
0.15069428319237652
0.11993538773644875
0.08830268502457844
0.057279950349617914
0.03364393901449581
0.015219965345191867
0.009158939072563134
0.003712732918953182
0.0031512032544439616
0.004267739972295374
0.0012258389593041896
2.807238118892409e-5
-0.012932343729787446
-0.007153342889599173
-0.002309187541300075
-0.010151233721753567
-0.017863998034998267
-0.022706013777304666
-0.03931421197831479
-0.05706826107865396
-0.07995343639305216
-0.10085143295963823
-0.12222631154647302
-0.13434896580892974
-0.14903801158769484
-0.1551323595322281
-0.16100447248686073
-0.1666014152997504
-0.17113227091504232
-0.17274693878664196
-0.17401827140612822
-0.17549268850678815
-0.17671977603259625
-0.17798613050391934
-0.17988311320159353
