omega,S,S_edge,S_cont,Sr,Sr_edge,Sr_cont
-0.6624999999999996,0.0,0.0,0.0
-0.6575000000000006,0.01925544969238256,0.01925544969238256,0.0
-0.6524999999999999,0.2167689506198997,0.2167689506198997,0.0
-0.6474999999999991,0.4387388078778175,0.4387388078778175,0.0
-0.6425000000000001,0.5989993031190669,0.5989993031190669,0.0
-0.6374999999999993,0.7778137304131522,0.7778137304131522,0.0
-0.6325000000000003,0.9964695215807982,0.9964695215807982,0.0
-0.6274999999999995,1.1028341098941228,1.1028341098941228,0.0
-0.6225000000000005,1.1150260026641738,1.1150260026641738,0.0
-0.6174999999999997,1.1019390701471148,1.1019390701471148,0.0
-0.6124999999999989,1.0974154908852107,1.0974154908852107,0.0
-0.6074999999999999,1.0883441420979703,1.0883441420979703,0.0
-0.6024999999999991,1.0920452524031645,1.0920452524031645,0.0
-0.5975000000000001,1.1354667752647558,1.1354667752647558,0.0
-0.5924999999999994,1.114953431873876,1.114953431873876,0.0
-0.5875000000000004,1.0830706646696542,1.0830706646696542,0.0
-0.5824999999999996,1.113864870019407,1.113864870019407,0.0
-0.5775000000000006,1.1032937248993429,1.1032937248993429,0.0
-0.5724999999999998,1.1088332952254174,1.1088332952254174,0.0
-0.567499999999999,1.075474921951805,1.075474921951805,0.0
-0.5625,1.078692226988346,1.078692226988346,0.0
-0.5574999999999992,1.1047451407053013,1.1047451407053013,0.0
-0.5525000000000002,1.1135020160679172,1.1135020160679172,0.0
-0.5474999999999994,1.1162597060992385,1.1162597060992385,0.0
-0.5425000000000004,1.125185913305883,1.125185913305883,0.0
-0.5374999999999996,1.0963753095576072,1.0963753095576072,0.0
-0.5325000000000006,1.0961575971867135,1.0961575971867135,0.0
-0.5274999999999999,1.0933031461016618,1.0933031461016618,0.0
-0.5224999999999991,1.0985282430031125,1.0985282430031125,0.0
-0.5175000000000001,1.0807725896435536,1.0807725896435536,0.0
-0.5124999999999993,1.0583724057049277,1.0583724057049277,0.0
-0.5075000000000003,1.128645120976751,1.128645120976751,0.0
-0.5024999999999995,1.110816896826894,1.110816896826894,0.0
-0.4975000000000005,1.103874291221726,1.103874291221726,0.0
-0.4924999999999997,1.0871588191897708,1.0871588191897708,0.0
-0.48749999999999893,1.1284999793961552,1.1284999793961552,0.0
-0.48249999999999993,1.107672162580651,1.107672162580651,0.0
-0.47749999999999915,1.0799017401599786,1.0799017401599786,0.0
-0.47250000000000014,1.097584822729239,1.097584822729239,0.0
-0.46749999999999936,1.0889488986837863,1.0889488986837863,0.0
-0.46250000000000036,1.1074786404731896,1.1074786404731896,0.0
-0.4574999999999996,1.090327743699447,1.090327743699447,0.0
-0.45250000000000057,1.1352732531572949,1.1352732531572949,0.0
-0.4474999999999998,1.0922387745106255,1.0922387745106255,0.0
-0.442499999999999,1.0685081260832043,1.0685081260832043,0.0
-0.4375,1.1097525252358578,1.1097525252358578,0.0
-0.4324999999999992,1.0705159179481134,1.0705159179481134,0.0
-0.4275000000000002,1.1074302599463244,1.1074302599463244,0.0
-0.42249999999999943,1.0755233024786703,1.0755233024786703,0.0
-0.4175000000000004,1.1055917999254437,1.1055917999254437,0.0
-0.41249999999999964,1.1231781214409735,1.1231781214409735,0.0
-0.40750000000000064,1.1218718472156113,1.1218718472156113,0.0
-0.40249999999999986,1.1120989807888244,1.1120989807888244,0.0
-0.3974999999999991,1.100028039335936,1.100028039335936,0.0
-0.39250000000000007,1.0894810844793041,1.0894810844793041,0.0
-0.3874999999999993,1.0858525449644083,1.0858525449644083,0.0
-0.3825000000000003,1.076394151962245,1.076394151962245,0.0
-0.3774999999999995,1.0657746263153158,1.0657746263153158,0.0
-0.3725000000000005,1.1304110102073335,1.1304110102073335,0.0
-0.3674999999999997,1.0932305753113638,1.0932305753113638,0.0
-0.36249999999999893,1.1073576891560262,1.1073576891560262,0.0
-0.35749999999999993,1.1155098079328265,1.1155098079328265,0.0
-0.35249999999999915,1.0694999268839422,1.0694999268839422,0.0
-0.34750000000000014,1.108543012064226,1.108543012064226,0.0
-0.34249999999999936,1.0945852300635919,1.0945852300635919,0.0
-0.33750000000000036,1.092142013456895,1.092142013456895,0.0
-0.3324999999999996,1.1043580964903787,1.1043580964903787,0.0
-0.32750000000000057,1.1382728458229423,1.1382728458229423,0.0
-0.3224999999999998,1.1105266136657024,1.1105266136657024,0.0
-0.317499999999999,1.073176846925704,1.073176846925704,0.0
-0.3125,1.1171547458462459,1.1171547458462459,0.0
-0.3074999999999992,1.069403165830212,1.069403165830212,0.0
-0.3025000000000002,1.0859734962815712,1.0859734962815712,0.0
-0.29749999999999943,1.071507718748852,1.071507718748852,0.0
-0.2925000000000004,1.0786680367249137,1.0786680367249137,0.0
-0.28749999999999964,1.086263779442763,1.086263779442763,0.0
-0.28250000000000064,1.1413691995423199,1.1413691995423199,0.0
-0.27749999999999986,1.121629944581285,1.121629944581285,0.0
-0.2724999999999991,1.1196221527163757,1.1196221527163757,0.0
-0.26750000000000007,1.0948029424344854,1.0948029424344854,0.0
-0.2624999999999993,1.1066077909896146,1.1066077909896146,0.0
-0.2575000000000003,1.0996651853844464,1.0996651853844464,0.0
-0.2524999999999995,1.0743621698339032,1.0743621698339032,0.0
-0.2475000000000005,1.0742412185167403,1.0742412185167403,0.0
-0.24249999999999972,1.0709755329533335,1.0709755329533335,0.0
-0.23749999999999893,1.1238312585536552,1.1238312585536552,0.0
-0.23249999999999993,1.1218476569521787,1.1218476569521787,0.0
-0.22749999999999915,1.0956012211277626,1.0956012211277626,0.0
-0.22250000000000014,1.1064142688821532,1.1064142688821532,0.0
-0.21749999999999936,1.0829739036159238,1.0829739036159238,0.0
-0.21250000000000036,1.0915130666076462,1.0915130666076462,0.0
-0.20749999999999957,1.0660407192130745,1.0660407192130745,0.0
-0.20250000000000057,1.0667180465891888,1.0667180465891888,0.0
-0.1974999999999998,1.1216299445812847,1.1216299445812847,0.0
-0.192499999999999,1.161471308454845,1.161471308454845,0.0
-0.1875,1.1360473415871388,1.1360473415871388,0.0
-0.18249999999999922,1.1158484716208834,1.1158484716208834,0.0
-0.1775000000000002,1.1011891719807023,1.1011891719807023,0.0
-0.17249999999999943,1.0576708880653811,1.0576708880653811,0.0
-0.16750000000000043,1.0785954659346155,1.0785954659346155,0.0
-0.16249999999999964,1.026223545602947,1.026223545602947,0.0
-0.15750000000000064,1.0470755526818836,1.0470755526818836,0.0
-0.15249999999999986,1.140159686370688,1.140159686370688,0.0
-0.14749999999999908,1.101406884351596,1.101406884351596,0.0
-0.14250000000000007,1.1413933898057522,1.1413933898057522,0.0
-0.1374999999999993,1.1191867279745875,1.1191867279745875,0.0
-0.13250000000000028,1.1033904859530728,1.1033904859530728,0.0
-0.1274999999999995,1.1268550414827347,1.1268550414827347,0.0
-0.1225000000000005,1.0808693506972833,1.0808693506972833,0.0
-0.11749999999999972,1.0824417178204055,1.0824417178204055,0.0
-0.11249999999999893,1.0447290971289176,1.0447290971289176,0.0
-0.10749999999999993,1.1268550414827347,1.1268550414827347,0.0
-0.10249999999999915,1.136289244221465,1.136289244221465,0.0
-0.09750000000000014,1.1128730692186681,1.1128730692186681,0.0
-0.09249999999999936,1.1181949271738487,1.1181949271738487,0.0
-0.08750000000000036,1.0743621698339028,1.0743621698339028,0.0
-0.08249999999999957,1.0499783842937997,1.0499783842937997,0.0
-0.07750000000000057,1.06546015289069,1.06546015289069,0.0
-0.07249999999999979,1.0078389453941383,1.0078389453941383,0.0
-0.067499999999999,1.0031218440247727,1.0031218440247727,0.0
-0.0625,1.209513171632068,1.209513171632068,0.0
-0.05749999999999922,1.2095131716320673,1.2095131716320673,0.0
-0.05250000000000021,1.2095131716320668,1.2095131716320668,0.0
-0.04749999999999943,1.209513171632066,1.209513171632066,0.0
-0.042500000000000426,1.1758161346703957,1.1758161346703957,0.0
-0.037499999999999645,1.0266831606081612,1.0266831606081612,0.0
-0.03250000000000064,0.9538220871490446,0.9538220871490446,0.0
-0.027499999999999858,0.8905403580092545,0.8905403580092545,0.0
-0.022499999999999076,0.7911909460913972,0.7911909460913972,0.0
-0.01750000000000007,1.2095131716320595,1.2095131716320595,0.0
-0.01249999999999929,1.2095131716320575,1.2095131716320575,0.0
-0.007500000000000284,1.2095131716320553,1.2095131716320553,0.0
-0.0024999999999995026,1.2095131716320526,1.2095131716320526,0.0
0.0024999999999995026,1.2095131716320515,1.2095131716320515,0.0
0.007500000000000284,1.2095131716321013,1.2095131716321013,0.0
0.012500000000001066,1.2095131716320915,1.2095131716320915,0.0
0.01750000000000007,1.2095131716320535,1.2095131716320535,0.0
0.022500000000000853,0.8332820044641852,0.8332820044641852,0.0
0.027499999999999858,0.38327053382676585,0.38327053382676585,0.0
0.03250000000000064,1.2024738049731563,1.2024738049731563,0.0
0.037499999999999645,1.2095131716320568,1.2095131716320568,0.0
0.042500000000000426,1.2095131716320588,1.2095131716320588,0.0
0.04749999999999943,1.2095131716320606,1.2095131716320606,0.0
0.05250000000000021,1.2095131716320622,1.2095131716320622,0.0
0.057500000000000995,1.209513171632064,1.209513171632064,0.0
0.0625,1.2095131716320653,1.2095131716320653,0.0
0.06750000000000078,1.0314970230312586,1.0314970230312586,0.0
0.07249999999999979,1.01502345363363,1.01502345363363,0.0
0.07750000000000057,0.9840115359129853,0.9840115359129853,0.0
0.08249999999999957,1.011419104382168,1.011419104382168,0.0
0.08750000000000036,1.0649763476220366,1.0649763476220366,0.0
0.09249999999999936,1.0600899144086433,1.0600899144086433,0.0
0.09750000000000014,1.0900616508016867,1.0900616508016867,0.0
0.10250000000000092,1.20951317163207,1.20951317163207,0.0
0.10749999999999993,1.2095131716320702,1.2095131716320702,0.0
0.11250000000000071,1.0789341296226722,1.0789341296226722,0.0
0.11749999999999972,1.0688709800346932,1.0688709800346932,0.0
0.1225000000000005,1.0921903939837596,1.0921903939837596,0.0
0.1274999999999995,1.0707578205824395,1.0707578205824395,0.0
0.13250000000000028,1.115195334508202,1.115195334508202,0.0
0.13750000000000107,1.0837963725726334,1.0837963725726334,0.0
0.14250000000000007,1.1305561517879288,1.1305561517879288,0.0
0.14750000000000085,1.130870625212553,1.130870625212553,0.0
0.15249999999999986,1.1169854140022175,1.1169854140022175,0.0
0.15750000000000064,1.0282071472044234,1.0282071472044234,0.0
0.16249999999999964,1.0384638188998632,1.0384638188998632,0.0
0.16750000000000043,1.0443178626505625,1.0443178626505625,0.0
0.17249999999999943,1.1192592987648855,1.1192592987648855,0.0
0.1775000000000002,1.1077447333709485,1.1077447333709485,0.0
0.182500000000001,1.1300965367827092,1.1300965367827092,0.0
0.1875,1.146642676970636,1.146642676970636,0.0
0.19250000000000078,1.1411272969079937,1.1411272969079937,0.0
0.1974999999999998,1.130919005739419,1.130919005739419,0.0
0.20250000000000057,1.0586626888661193,1.0586626888661193,0.0
0.20749999999999957,1.0664277634279968,1.0664277634279968,0.0
0.21250000000000036,1.0603318170429714,1.0603318170429714,0.0
0.21749999999999936,1.0974396811486433,1.0974396811486433,0.0
0.22250000000000014,1.076007107747323,1.076007107747323,0.0
0.22750000000000092,1.0842076070509885,1.0842076070509885,0.0
0.23249999999999993,1.108059206795573,1.108059206795573,0.0
0.2375000000000007,1.109462242074666,1.109462242074666,0.0
0.24249999999999972,1.138417987403538,1.138417987403538,0.0
0.2475000000000005,1.0857799741741103,1.0857799741741103,0.0
0.2524999999999995,1.0718463824369087,1.0718463824369087,0.0
0.2575000000000003,1.101310123297866,1.101310123297866,0.0
0.26250000000000107,1.1033904859530732,1.1033904859530732,0.0
0.26750000000000007,1.1164290379432669,1.1164290379432669,0.0
0.27250000000000085,1.0970284466702884,1.0970284466702884,0.0
0.27749999999999986,1.1032937248993429,1.1032937248993429,0.0
0.28250000000000064,1.1133084939604563,1.1133084939604563,0.0
0.28749999999999964,1.0959398848158195,1.0959398848158195,0.0
0.2925000000000004,1.0742895990436057,1.0742895990436057,0.0
0.29749999999999943,1.0636942636601086,1.0636942636601086,0.0
0.3025000000000002,1.0787406075152117,1.0787406075152117,0.0
0.307500000000001,1.0687500287175307,1.0687500287175307,0.0
0.3125,1.1272662759610905,1.1272662759610905,0.0
0.3175000000000008,1.1225249843282925,1.1225249843282925,0.0
0.3224999999999998,1.1175901705880338,1.1175901705880338,0.0
0.32750000000000057,1.1284515988692896,1.1284515988692896,0.0
0.3324999999999996,1.0967623537725295,1.0967623537725295,0.0
0.33750000000000036,1.0768537669674656,1.0768537669674656,0.0
0.34249999999999936,1.080216213584603,1.080216213584603,0.0
0.34750000000000014,1.094706181380755,1.094706181380755,0.0
0.3525000000000009,1.089505274742737,1.089505274742737,0.0
0.35749999999999993,1.099495853540418,1.099495853540418,0.0
0.3625000000000007,1.0973913006217784,1.0973913006217784,0.0
0.3674999999999997,1.1026405877866614,1.1026405877866614,0.0
0.3725000000000005,1.098407291685949,1.098407291685949,0.0
0.3774999999999995,1.0790067004129706,1.0790067004129706,0.0
0.3825000000000003,1.089795557903929,1.089795557903929,0.0
0.38750000000000107,1.098068627997892,1.098068627997892,0.0
0.39250000000000007,1.1024228754157677,1.1024228754157677,0.0
0.39750000000000085,1.1028099196306898,1.1028099196306898,0.0
0.40249999999999986,1.1034146762165058,1.1034146762165058,0.0
0.40750000000000064,1.1178078829589275,1.1178078829589275,0.0
0.41249999999999964,1.1116393657836041,1.1116393657836041,0.0
0.4175000000000004,1.1060272246672311,1.1060272246672311,0.0
0.42249999999999943,1.0733461787697325,1.0733461787697325,0.0
0.4275000000000002,1.0745556919413648,1.0745556919413648,0.0
0.432500000000001,1.0776762359241754,1.0776762359241754,0.0
0.4375,1.0865540626039547,1.0865540626039547,0.0
0.4425000000000008,1.0736606521943568,1.0736606521943568,0.0
0.4474999999999998,0.8025361796413117,0.8025361796413117,0.0
0.45250000000000057,0.5354998616083831,0.5354998616083831,0.0
0.4574999999999996,0.27543033944405515,0.27543033944405515,0.0
0.46250000000000036,0.0,0.0,0.0
0.46749999999999936,0.0,0.0,0.0
0.47250000000000014,0.0,0.0,0.0
0.4775000000000009,0.0,0.0,0.0
0.48249999999999993,0.0,0.0,0.0
0.4875000000000007,0.0,0.0,0.0
0.4924999999999997,0.0,0.0,0.0
0.4975000000000005,0.0,0.0,0.0
0.5024999999999995,0.0,0.0,0.0
0.5075000000000003,0.0,0.0,0.0
0.5125000000000011,0.0,0.0,0.0
0.5175000000000001,0.0,0.0,0.0
0.5225000000000009,0.0,0.0,0.0
0.5274999999999999,0.0,0.0,0.0
0.5325000000000006,0.0,0.0,0.0
0.5374999999999996,0.0,0.0,0.0
0.5425000000000004,0.0,0.0,0.0
0.5474999999999994,0.0,0.0,0.0
0.5525000000000002,0.0,0.0,0.0
0.557500000000001,0.0,0.0,0.0
0.5625,0.0,0.0,0.0
0.5675000000000008,0.0,0.0,0.0
0.5724999999999998,0.0,0.0,0.0
0.5775000000000006,0.0,0.0,0.0
0.5824999999999996,0.0,0.0,0.0
0.5875000000000004,0.0,0.0,0.0
0.5924999999999994,0.0,0.0,0.0
0.5975000000000001,0.0,0.0,0.0
0.6025000000000009,0.0,0.0,0.0
0.6074999999999999,0.0,0.0,0.0
0.6125000000000007,0.0,0.0,0.0
0.6174999999999997,0.0,0.0,0.0
0.6225000000000005,0.0,0.0,0.0
0.6274999999999995,0.0,0.0,0.0
0.6325000000000003,0.0,0.0,0.0
0.6375000000000011,0.0,0.0,0.0
0.6425000000000001,0.0,0.0,0.0
0.6475000000000009,0.0,0.0,0.0
0.6524999999999999,0.0,0.0,0.0
0.6575000000000006,0.0,0.0,0.0
0.6624999999999996,0.0,0.0,0.0
0.6675000000000004,0.0,0.0,0.0
0.6724999999999994,0.0,0.0,0.0
0.6775000000000002,0.0,0.0,0.0
0.682500000000001,0.0,0.0,0.0
0.6875,0.0,0.0,0.0
0.6925000000000008,0.0,0.0,0.0
0.6974999999999998,0.0,0.0,0.0
0.7025000000000006,0.0,0.0,0.0
0.7074999999999996,0.0,0.0,0.0
0.7125000000000004,0.0,0.0,0.0
0.7174999999999994,0.0,0.0,0.0
0.7225000000000001,0.0,0.0,0.0
0.7275000000000009,0.0,0.0,0.0
0.7324999999999999,0.0,0.0,0.0
0.7375000000000007,0.0,0.0,0.0
0.7424999999999997,0.0,0.0,0.0
0.7475000000000005,0.0,0.0,0.0
0.7524999999999995,0.0,0.0,0.0
0.7575000000000003,0.0,0.0,0.0
0.7625000000000011,0.0,0.0,0.0
0.7675000000000001,0.0,0.0,0.0
0.7725000000000009,0.0,0.0,0.0
0.7774999999999999,0.0,0.0,0.0
0.7825000000000006,0.0,0.0,0.0
0.7874999999999996,0.0,0.0,0.0
0.7925000000000004,0.0,0.0,0.0
0.7974999999999994,0.0,0.0,0.0
0.8025000000000002,0.0,0.0,0.0
0.807500000000001,0.0,0.0,0.0
0.8125,0.0,0.0,0.0
0.8175000000000008,0.0,0.0,0.0
0.8224999999999998,0.0,0.0,0.0
0.8275000000000006,0.0,0.0,0.0
0.8324999999999996,0.0,0.0,0.0
0.8375000000000004,0.0,0.0,0.0
0.8424999999999994,0.0,0.0,0.0
0.8475000000000001,0.0,0.0,0.0
0.8525000000000009,0.0,0.0,0.0
0.8574999999999999,0.0,0.0,0.0
0.8625000000000007,0.0,0.0,0.0
0.8674999999999997,0.0,0.0,0.0
0.8725000000000005,0.0,0.0,0.0
0.8774999999999995,0.0,0.0,0.0
0.8825000000000003,0.0,0.0,0.0
0.8875000000000011,0.0,0.0,0.0
0.8925000000000001,0.0,0.0,0.0
0.8975000000000009,0.0,0.0,0.0
0.9024999999999999,0.0,0.0,0.0
0.9075000000000006,0.0,0.0,0.0
0.9124999999999996,0.0,0.0,0.0
0.9175000000000004,0.0,0.0,0.0
0.9224999999999994,0.0,0.0,0.0
0.9275000000000002,0.0,0.0,0.0
0.932500000000001,0.0,0.0,0.0
0.9375,0.0,0.0,0.0
0.9425000000000008,0.0,0.0,0.0
0.9474999999999998,0.0,0.0,0.0
0.9525000000000006,0.0,0.0,0.0
0.9574999999999996,0.0,0.0,0.0
0.9625000000000004,0.0,0.0,0.0
0.9674999999999994,0.0,0.0,0.0
0.9725000000000001,0.0,0.0,0.0
0.9775000000000009,0.0,0.0,0.0
0.9824999999999999,0.0,0.0,0.0
0.9875000000000007,0.0,0.0,0.0
0.9924999999999997,0.0,0.0,0.0
0.9975000000000005,0.0,0.0,0.0
1.0024999999999995,0.0,0.0,0.0
1.0075000000000003,0.0,0.0,0.0
1.012500000000001,0.0,0.0,0.0
1.0175,0.0,0.0,0.0
1.0225000000000009,0.0,0.0,0.0
1.0274999999999999,0.0,0.0,0.0
1.0325000000000006,0.0,0.0,0.0
1.0374999999999996,0.0,0.0,0.0
1.0425000000000004,0.0,0.0,0.0
1.0474999999999994,0.0,0.0,0.0
1.0525000000000002,0.0,0.0,0.0
1.057500000000001,0.0,0.0,0.0
1.0625,0.0,0.0,0.0
1.0675000000000008,0.0,0.0,0.0
1.0724999999999998,0.0,0.0,0.0
1.0775000000000006,0.0,0.0,0.0
1.0824999999999996,0.0,0.0,0.0
1.0875000000000004,0.0,0.0,0.0
1.0924999999999994,0.0,0.0,0.0
1.0975000000000001,0.0,0.0,0.0
1.102500000000001,0.0,0.0,0.0
1.1075,0.0,0.0,0.0
1.1125000000000007,0.0,0.0,0.0
1.1174999999999997,0.0,0.0,0.0
1.1225000000000005,0.0,0.0,0.0
1.1274999999999995,0.0,0.0,0.0
1.1325000000000003,0.0,0.0,0.0
1.137500000000001,0.0,0.0,0.0
1.1425,0.0,0.0,0.0
1.1475000000000009,0.0,0.0,0.0
1.1524999999999999,0.0,0.0,0.0
1.1575000000000006,0.0,0.0,0.0
1.1624999999999996,0.0,0.0,0.0
1.1675000000000004,0.0,0.0,0.0
1.1724999999999994,0.0,0.0,0.0
1.1775000000000002,0.0,0.0,0.0
1.182500000000001,0.0,0.0,0.0
1.1875,0.0,0.0,0.0
1.1925000000000008,0.0,0.0,0.0
1.1974999999999998,0.0,0.0,0.0
1.2025000000000006,0.0,0.0,0.0
1.2074999999999996,0.0,0.0,0.0
1.2125000000000004,0.0,0.0,0.0
1.2174999999999994,0.0,0.0,0.0
1.2225000000000001,0.0,0.0,0.0
1.227500000000001,0.0,0.0,0.0
1.2325,0.0,0.0,0.0
1.2375000000000007,0.0,0.0,0.0
1.2424999999999997,0.0,0.0,0.0
1.2475000000000005,0.0,0.0,0.0
1.2524999999999995,0.0,0.0,0.0
1.2575000000000003,0.0,0.0,0.0
1.262500000000001,0.0,0.0,0.0
1.2675,0.0,0.0,0.0
1.2725000000000009,0.0,0.0,0.0
1.2774999999999999,0.0,0.0,0.0
1.2825000000000006,0.0,0.0,0.0
1.2874999999999996,0.0,0.0,0.0
1.2925000000000004,0.0,0.0,0.0
1.2974999999999994,0.0,0.0,0.0
1.3025000000000002,0.0,0.0,0.0
1.307500000000001,0.0,0.0,0.0
1.3125,0.0,0.0,0.0
1.3175000000000008,0.0,0.0,0.0
1.3224999999999998,0.0,0.0,0.0
1.3275000000000006,0.0,0.0,0.0
1.3324999999999996,0.0,0.0,0.0
1.3375000000000004,0.0,0.0,0.0
1.3424999999999994,0.0,0.0,0.0
1.3475000000000001,0.0,0.0,0.0
1.352500000000001,0.0,0.0,0.0
1.3575,0.0,0.0,0.0
1.3625000000000007,0.0,0.0,0.0
1.3674999999999997,0.0,0.0,0.0
1.3725000000000005,0.0,0.0,0.0
1.3774999999999995,0.0029995926656475346,0.0029995926656475346,0.0
1.3825000000000003,0.0760541882322246,0.0760541882322246,0.0
1.387500000000001,0.28089733897983205,0.28089733897983205,0.0
1.3925,0.3052811245199346,0.3052811245199346,0.0
1.3975000000000009,0.28709004641858826,0.28709004641858826,0.0
1.4024999999999999,0.21976854328554715,0.21976854328554715,0.0
1.4075000000000006,0.03742233753029626,0.03742233753029626,0.0
