omega,S,S_edge,S_cont,Sr,Sr_edge,Sr_cont
-1.5024999999999995,0.0,0.0,0.0
-1.4975000000000005,0.00041217695615098087,0.00041217695615098087,0.0
-1.4924999999999997,0.0036065483663210826,0.0036065483663210826,0.0
-1.4875000000000007,0.015108861548909395,0.015108861548909395,0.0
-1.4825,0.04646007127614337,0.04646007127614337,0.0
-1.4774999999999991,0.0893393552457251,0.0893393552457251,0.0
-1.4725000000000001,0.23948769205359965,0.23948769205359965,0.0
-1.4674999999999994,0.5360103704145914,0.5360103704145914,0.0
-1.4625000000000004,0.9759706295161246,0.9759706295161246,0.0
-1.4574999999999996,1.464052548248281,1.464052548248281,0.0
-1.4525000000000006,1.781969786739478,1.781969786739478,0.0
-1.4474999999999998,1.9072458203496137,1.9072458203496137,0.0
-1.442499999999999,1.7433153165704443,1.7433153165704443,0.0
-1.4375,1.5034798502100977,1.5034798502100977,0.0
-1.4324999999999992,1.2723258609886794,1.2723258609886794,0.0
-1.4275000000000002,1.1089749810540945,1.1089749810540945,0.0
-1.4224999999999994,1.0032644723312476,1.0032644723312476,0.0
-1.4175000000000004,0.9294332750607034,0.9294332750607034,0.0
-1.4124999999999996,0.869809302247488,0.869809302247488,0.0
-1.4075000000000006,0.8252169078039036,0.8252169078039036,0.0
-1.4024999999999999,0.781822402639133,0.781822402639133,0.0
-1.397499999999999,0.749595316880078,0.749595316880078,0.0
-1.3925,0.7194806380212971,0.7194806380212971,0.0
-1.3874999999999993,0.6946727374729599,0.6946727374729599,0.0
-1.3825000000000003,0.6700451643429387,0.6700451643429387,0.0
-1.3774999999999995,0.6489983785194793,0.6489983785194793,0.0
-1.3725000000000005,0.6287373050186826,0.6287373050186826,0.0
-1.3674999999999997,0.6114001118005818,0.6114001118005818,0.0
-1.362499999999999,0.5964458166102291,0.5964458166102291,0.0
-1.3575,0.5835008840811123,0.5835008840811123,0.0
-1.3524999999999991,0.5684306641218421,0.5684306641218421,0.0
-1.3475000000000001,0.5544424086724682,0.5544424086724682,0.0
-1.3424999999999994,0.5437258078125426,0.5437258078125426,0.0
-1.3375000000000004,0.5349026448449359,0.5349026448449359,0.0
-1.3324999999999996,0.5263628535346825,0.5263628535346825,0.0
-1.3275000000000006,0.5117820937108415,0.5117820937108415,0.0
-1.3224999999999998,0.5028558865041969,0.5028558865041969,0.0
-1.317499999999999,0.5006790769545245,0.5006790769545245,0.0
-1.3125,0.49074818841726187,0.49074818841726187,0.0
-1.3074999999999992,0.4777130921789871,0.4777130921789871,0.0
-1.3025000000000002,0.47253511916734026,0.47253511916734026,0.0
-1.2974999999999994,0.46993325213163734,0.46993325213163734,0.0
-1.2925000000000004,0.46470375700047173,0.46470375700047173,0.0
-1.2874999999999996,0.4485000504117863,0.4485000504117863,0.0
-1.2825000000000006,0.4513337669853243,0.4513337669853243,0.0
-1.2774999999999999,0.4458981833760833,0.4458981833760833,0.0
-1.272499999999999,0.4340996180062614,0.4340996180062614,0.0
-1.2675,0.4346792418508488,0.4346792418508488,0.0
-1.2624999999999993,0.4284837069787043,0.4284837069787043,0.0
-1.2575000000000003,0.42060082269231686,0.42060082269231686,0.0
-1.2524999999999995,0.42079403064051246,0.42079403064051246,0.0
-1.2475000000000005,0.4118807039637476,0.4118807039637476,0.0
-1.2424999999999997,0.4097554165335941,0.4097554165335941,0.0
-1.237499999999999,0.4086992130834571,0.4086992130834571,0.0
-1.2325,0.3967589618849584,0.3967589618849584,0.0
-1.2274999999999991,0.40389477543832225,0.40389477543832225,0.0
-1.2225000000000001,0.3898936394590687,0.3898936394590687,0.0
-1.2174999999999994,0.38823205110458514,0.38823205110458514,0.0
-1.2125000000000004,0.39496856823167753,0.39496856823167753,0.0
-1.2074999999999996,0.3720927471652981,0.3720927471652981,0.0
-1.2025000000000006,0.39035733853473853,0.39035733853473853,0.0
-1.1974999999999998,0.37452716731256486,0.37452716731256486,0.0
-1.192499999999999,0.3706243667590103,0.3706243667590103,0.0
-1.1875,0.3771161538183882,0.3771161538183882,0.0
-1.1824999999999992,0.3597016774210093,0.3597016774210093,0.0
-1.1775000000000002,0.3769487069299519,0.3769487069299519,0.0
-1.1724999999999994,0.3521665674413742,0.3521665674413742,0.0
-1.1675000000000004,0.3659229733529132,0.3659229733529132,0.0
-1.1624999999999996,0.3573445404530209,0.3573445404530209,0.0
-1.1575000000000006,0.3524628196286077,0.3524628196286077,0.0
-1.1524999999999999,0.3564944254809595,0.3564944254809595,0.0
-1.147499999999999,0.3436138956012414,0.3436138956012414,0.0
-1.1425,0.3571770935645845,0.3571770935645845,0.0
-1.1374999999999993,0.3363750378088397,0.3363750378088397,0.0
-1.1325000000000003,0.3524370585688482,0.3524370585688482,0.0
-1.1274999999999995,0.3325752814943229,0.3325752814943229,0.0
-1.1225000000000005,0.34536564766488304,0.34536564766488304,0.0
-1.1174999999999997,0.3330389805699927,0.3330389805699927,0.0
-1.112499999999999,0.3356150865459363,0.3356150865459363,0.0
-1.1075,0.33426263090856595,0.33426263090856595,0.0
-1.1024999999999991,0.32838910928341447,0.32838910928341447,0.0
-1.0975000000000001,0.3345846441555589,0.3345846441555589,0.0
-1.0924999999999994,0.31959170737556697,0.31959170737556697,0.0
-1.0875000000000004,0.3345846441555589,0.3345846441555589,0.0
-1.0824999999999996,0.31348633621258054,0.31348633621258054,0.0
-1.0775000000000006,0.3339148566018135,0.3339148566018135,0.0
-1.0724999999999998,0.30784466412526396,0.30784466412526396,0.0
-1.067499999999999,0.33187973288081807,0.33187973288081807,0.0
-1.0625,0.30242196104590263,0.30242196104590263,0.0
-1.0574999999999992,0.3315706001637049,0.3315706001637049,0.0
-1.0525000000000002,0.2969348553171427,0.2969348553171427,0.0
-1.0474999999999994,0.32975444545066457,0.32975444545066457,0.0
-1.0425000000000004,0.2933025458910622,0.2933025458910622,0.0
-1.0374999999999996,0.3271654589448412,0.3271654589448412,0.0
-1.0325000000000006,0.29189856813417286,0.29189856813417286,0.0
-1.0274999999999999,0.3229535256741734,0.3229535256741734,0.0
-1.022499999999999,0.2923880282696022,0.2923880282696022,0.0
-1.0175,0.315521459933576,0.315521459933576,0.0
-1.0124999999999993,0.29594305451640446,0.29594305451640446,0.0
-1.0075000000000003,0.30315615124904655,0.30315615124904655,0.0
-1.0024999999999995,0.30065732845238125,0.30065732845238125,0.0
-0.9975000000000005,0.2928517273452721,0.2928517273452721,0.0
-0.9924999999999997,0.30512687232064345,0.30512687232064345,0.0
-0.9874999999999989,0.2850461262381629,0.2850461262381629,0.0
-0.9824999999999999,0.30874630121684427,0.30874630121684427,0.0
-0.9774999999999991,0.2801386443539902,0.2801386443539902,0.0
-0.9725000000000001,0.30732944293007525,0.30732944293007525,0.0
-0.9674999999999994,0.2776269410274452,0.2776269410274452,0.0
-0.9625000000000004,0.3033493591972424,0.3033493591972424,0.0
-0.9574999999999996,0.278000476393957,0.278000476393957,0.0
-0.9525000000000006,0.2951831032535011,0.2951831032535011,0.0
-0.9474999999999998,0.2834747015928372,0.2834747015928372,0.0
-0.942499999999999,0.2886269135447245,0.2886269135447245,0.0
-0.9375,0.2849044404094859,0.2849044404094859,0.0
-0.9324999999999992,0.2822768123140234,0.2822768123140234,0.0
-0.9275000000000002,0.2871585331384366,0.2871585331384366,0.0
-0.9224999999999994,0.27548877306741193,0.27548877306741193,0.0
-0.9175000000000004,0.2915379132975408,0.2915379132975408,0.0
-0.9124999999999996,0.2664724021516093,0.2664724021516093,0.0
-0.9075000000000006,0.29028850189920813,0.29028850189920813,0.0
-0.9024999999999999,0.26719371182487345,0.26719371182487345,0.0
-0.8974999999999991,0.2876608738037456,0.2876608738037456,0.0
-0.8925000000000001,0.27024639740636663,0.27024639740636663,0.0
-0.8874999999999993,0.27669954287610543,0.27669954287610543,0.0
-0.8825000000000003,0.2817229495291955,0.2817229495291955,0.0
-0.8774999999999995,0.26076632741489403,0.26076632741489403,0.0
-0.8725000000000005,0.2864629845249319,0.2864629845249319,0.0
-0.8674999999999997,0.255060252678179,0.255060252678179,0.0
-0.8624999999999989,0.2857030332620285,0.2857030332620285,0.0
-0.8574999999999999,0.26482369432700537,0.26482369432700537,0.0
-0.8524999999999991,0.2659700614863002,0.2659700614863002,0.0
-0.8475000000000001,0.2800227195850728,0.2800227195850728,0.0
-0.8424999999999994,0.24901928416459118,0.24901928416459118,0.0
-0.8375000000000004,0.2863728208157738,0.2863728208157738,0.0
-0.8324999999999996,0.25212349186560323,0.25212349186560323,0.0
-0.8275000000000006,0.2737370210037703,0.2737370210037703,0.0
-0.8224999999999998,0.26733539765355036,0.26733539765355036,0.0
-0.817499999999999,0.2456961074556238,0.2456961074556238,0.0
-0.8125,0.285496944783953,0.285496944783953,0.0
-0.8074999999999992,0.24497479778235964,0.24497479778235964,0.0
-0.8025000000000002,0.2747674633941477,0.2747674633941477,0.0
-0.7974999999999994,0.26086937165393187,0.26086937165393187,0.0
-0.7925000000000004,0.24125232464712112,0.24125232464712112,0.0
-0.7874999999999996,0.282663228210415,0.282663228210415,0.0
-0.7825000000000006,0.2398097053005927,0.2398097053005927,0.0
-0.7774999999999999,0.27264217596399426,0.27264217596399426,0.0
-0.7724999999999991,0.25825462408834904,0.25825462408834904,0.0
-0.7675000000000001,0.23526287825305212,0.23526287825305212,0.0
-0.7624999999999993,0.28145245840172145,0.28145245840172145,0.0
-0.7575000000000003,0.23522423666341297,0.23522423666341297,0.0
-0.7524999999999995,0.26560940664966814,0.26560940664966814,0.0
-0.7475000000000005,0.2628787343151679,0.2628787343151679,0.0
-0.7424999999999997,0.2272898302575066,0.2272898302575066,0.0
-0.7374999999999989,0.2799067948161554,0.2799067948161554,0.0
-0.7324999999999999,0.23419379427303547,0.23419379427303547,0.0
-0.7274999999999991,0.2564255888454291,0.2564255888454291,0.0
-0.7225000000000001,0.26663984904004556,0.26663984904004556,0.0
-0.7174999999999994,0.21829922040146332,0.21829922040146332,0.0
-0.7125000000000004,0.2776398215573249,0.2776398215573249,0.0
-0.7074999999999996,0.24060829815313514,0.24060829815313514,0.0
-0.7025000000000006,0.2356621746793234,0.2356621746793234,0.0
-0.6974999999999998,0.2752698040594568,0.2752698040594568,0.0
-0.692499999999999,0.21425473401923176,0.21425473401923176,0.0
-0.6875,0.2693962824343053,0.2693962824343053,0.0
-0.6824999999999992,0.2509513636465488,0.2509513636465488,0.0
-0.6775000000000002,0.21389407918259967,0.21389407918259967,0.0
-0.6724999999999994,0.2787217860672212,0.2787217860672212,0.0
-0.6675000000000004,0.22435306944493089,0.22435306944493089,0.0
-0.6624999999999996,0.24599235964285743,0.24599235964285743,0.0
-0.6575000000000006,0.26244079629925743,0.26244079629925743,0.0
-0.6524999999999999,0.2065908187407995,0.2065908187407995,0.0
-0.6474999999999991,0.273981751071485,0.273981751071485,0.0
-0.6425000000000001,0.23850877178274113,0.23850877178274113,0.0
-0.6374999999999993,0.21121492896761837,0.21121492896761837,0.0
-0.6325000000000003,0.28097587879617186,0.28097587879617186,0.0
-0.6274999999999995,0.21323717215873408,0.21323717215873408,0.0
-0.6225000000000005,0.2425403776350929,0.2425403776350929,0.0
-0.6174999999999997,0.26202861934310645,0.26202861934310645,0.0
-0.6124999999999989,0.19950652730695456,0.19950652730695456,0.0
-0.6074999999999999,0.2717147778126546,0.2717147778126546,0.0
-0.6024999999999991,0.23320199347229725,0.23320199347229725,0.0
-0.5975000000000001,0.20358965527882514,0.20358965527882514,0.0
-0.5924999999999994,0.28433769709477835,0.28433769709477835,0.0
-0.5875000000000004,0.2060369559559716,0.2060369559559716,0.0
-0.5824999999999996,0.22403105619793792,0.22403105619793792,0.0
-0.5775000000000006,0.27848993652938625,0.27848993652938625,0.0
-0.5724999999999998,0.1905674395704301,0.1905674395704301,0.0
-0.567499999999999,0.2544162261841931,0.2544162261841931,0.0
-0.5625,0.24868439038771847,0.24868439038771847,0.0
-0.5574999999999992,0.18979460777764703,0.18979460777764703,0.0
-0.5525000000000002,0.277498135728648,0.277498135728648,0.0
-0.5474999999999994,0.21720437536168727,0.21720437536168727,0.0
-0.5425000000000004,0.19693042133101094,0.19693042133101094,0.0
-0.5374999999999996,0.2919629707835715,0.2919629707835715,0.0
-0.5325000000000006,0.19336251455432893,0.19336251455432893,0.0
-0.5274999999999999,0.21145965903533293,0.21145965903533293,0.0
-0.5224999999999991,0.2884465861264084,0.2884465861264084,0.0
-0.5175000000000001,0.1792068122165187,0.1792068122165187,0.0
-0.5124999999999993,0.23439988275111104,0.23439988275111104,0.0
-0.5075000000000003,0.2687522559403194,0.2687522559403194,0.0
-0.5024999999999995,0.17210964025279402,0.17210964025279402,0.0
-0.4975000000000005,0.259400991247644,0.259400991247644,0.0
-0.4924999999999997,0.24290103247172498,0.24290103247172498,0.0
-0.48749999999999893,0.17277942780653932,0.17277942780653932,0.0
-0.48249999999999993,0.2801515248838699,0.2801515248838699,0.0
-0.47749999999999915,0.21675355681589717,0.21675355681589717,0.0
-0.47250000000000014,0.17876887420060825,0.17876887420060825,0.0
-0.46749999999999936,0.2893095816283496,0.2893095816283496,0.0
-0.46250000000000036,0.19890114240260778,0.19890114240260778,0.0
-0.4574999999999996,0.1871540991523048,0.1871540991523048,0.0
-0.45250000000000057,0.2900566523613732,0.2900566523613732,0.0
-0.4474999999999998,0.18448782946720313,0.18448782946720313,0.0
-0.442499999999999,0.19897842558188605,0.19897842558188605,0.0
-0.4375,0.2883177808276112,0.2883177808276112,0.0
-0.4324999999999992,0.17159441905760528,0.17159441905760528,0.0
-0.4275000000000002,0.21322429162885437,0.21322429162885437,0.0
-0.42249999999999943,0.2807053876686979,0.2807053876686979,0.0
-0.4175000000000004,0.16239772072348652,0.16239772072348652,0.0
-0.41249999999999964,0.22535775077554887,0.22535775077554887,0.0
-0.40750000000000064,0.2730801139799046,0.2730801139799046,0.0
-0.40249999999999986,0.15661436280749308,0.15661436280749308,0.0
-0.3974999999999991,0.2334724845997713,0.2334724845997713,0.0
-0.39250000000000007,0.267077787055956,0.267077787055956,0.0
-0.3874999999999993,0.15278884543321675,0.15278884543321675,0.0
-0.3825000000000003,0.23888230714925293,0.23888230714925293,0.0
-0.3774999999999995,0.260908013243571,0.260908013243571,0.0
-0.3725000000000005,0.1522607437081483,0.1522607437081483,0.0
-0.3674999999999997,0.2420251564399042,0.2420251564399042,0.0
-0.36249999999999893,0.2549958500287804,0.2549958500287804,0.0
-0.35749999999999993,0.1526729206642993,0.1526729206642993,0.0
-0.35249999999999915,0.2421153201490622,0.2421153201490622,0.0
-0.34750000000000014,0.25074527516847345,0.25074527516847345,0.0
-0.34249999999999936,0.1540511373614291,0.1540511373614291,0.0
-0.33750000000000036,0.24113639987820362,0.24113639987820362,0.0
-0.3324999999999996,0.24766682852722072,0.24766682852722072,0.0
-0.32750000000000057,0.15497853551276886,0.15497853551276886,0.0
-0.3224999999999998,0.23947481152372,0.23947481152372,0.0
-0.317499999999999,0.24537409420863093,0.24537409420863093,0.0
-0.3125,0.15607338055254488,0.15607338055254488,0.0
-0.3074999999999992,0.23522423666341297,0.23522423666341297,0.0
-0.3025000000000002,0.24579915169466157,0.24579915169466157,0.0
-0.29749999999999943,0.1568204512855685,0.1568204512855685,0.0
-0.2925000000000004,0.23196546260384432,0.23196546260384432,0.0
-0.28749999999999964,0.24555442162694693,0.24555442162694693,0.0
-0.28250000000000064,0.15828883169185637,0.15828883169185637,0.0
-0.27749999999999986,0.22396665354853934,0.22396665354853934,0.0
-0.2724999999999991,0.24831085502120664,0.24831085502120664,0.0
-0.26750000000000007,0.16149608363190623,0.16149608363190623,0.0
-0.2624999999999993,0.21389407918259973,0.21389407918259973,0.0
-0.2575000000000003,0.2515953901405348,0.2515953901405348,0.0
-0.2524999999999995,0.1659527469702887,0.1659527469702887,0.0
-0.2475000000000005,0.2045685755496838,0.2045685755496838,0.0
-0.24249999999999972,0.2523553414034381,0.2523553414034381,0.0
-0.23749999999999893,0.1722642066113506,0.1722642066113506,0.0
-0.23249999999999993,0.19410958528735264,0.19410958528735264,0.0
-0.22749999999999915,0.25171131490945226,0.25171131490945226,0.0
-0.22250000000000014,0.18102296692955896,0.18102296692955896,0.0
-0.21749999999999936,0.1847454400647975,0.1847454400647975,0.0
-0.21250000000000036,0.24908368681398974,0.24908368681398974,0.0
-0.20749999999999957,0.18921498393305972,0.18921498393305972,0.0
-0.20250000000000057,0.17583211338803253,0.17583211338803253,0.0
-0.1974999999999998,0.24623708971057198,0.24623708971057198,0.0
-0.192499999999999,0.1965568859644991,0.1965568859644991,0.0
-0.1875,0.1719035517747185,0.1719035517747185,0.0
-0.18249999999999922,0.23719495773500981,0.23719495773500981,0.0
-0.1775000000000002,0.20455569501980406,0.20455569501980406,0.0
-0.17249999999999943,0.1711564810416948,0.1711564810416948,0.0
-0.16750000000000043,0.22345143235335063,0.22345143235335063,0.0
-0.16249999999999964,0.2155427870072036,0.2155427870072036,0.0
-0.15750000000000064,0.1756517859697165,0.1756517859697165,0.0
-0.15249999999999986,0.2061528807248891,0.2061528807248891,0.0
-0.14749999999999908,0.22333550758443318,0.22333550758443318,0.0
-0.14250000000000007,0.18408853304093187,0.18408853304093187,0.0
-0.1374999999999993,0.1914046740126118,0.1914046740126118,0.0
-0.13250000000000028,0.22788233463197363,0.22788233463197363,0.0
-0.1274999999999995,0.1883519884311186,0.1883519884311186,0.0
-0.1225000000000005,0.18161547130402597,0.18161547130402597,0.0
-0.11749999999999972,0.2266844453531599,0.2266844453531599,0.0
-0.11249999999999893,0.19293745706829823,0.19293745706829823,0.0
-0.10749999999999993,0.1804304625550919,0.1804304625550919,0.0
-0.10249999999999915,0.21492452157297715,0.21492452157297715,0.0
-0.09750000000000014,0.1977547752433129,0.1977547752433129,0.0
-0.09249999999999936,0.18987189095692533,0.18987189095692533,0.0
-0.08750000000000036,0.1961575895382278,0.1961575895382278,0.0
-0.08249999999999957,0.2051224383345116,0.2051224383345116,0.0
-0.07750000000000057,0.19806390796042603,0.19806390796042603,0.0
-0.07249999999999979,0.18220797567849303,0.18220797567849303,0.0
-0.067499999999999,0.21247722089583074,0.21247722089583074,0.0
-0.0625,0.1977547752433129,0.1977547752433129,0.0
-0.05749999999999922,0.180288776726415,0.180288776726415,0.0
-0.05250000000000021,0.20696435410731137,0.20696435410731137,0.0
-0.04749999999999943,0.1942641516459092,0.1942641516459092,0.0
-0.042500000000000426,0.19373604992084079,0.19373604992084079,0.0
-0.037499999999999645,0.1887126432677507,0.1887126432677507,0.0
-0.03250000000000064,0.19215174474563543,0.19215174474563543,0.0
-0.027499999999999858,0.210132964457722,0.210132964457722,0.0
-0.022499999999999076,0.17348785694992386,0.17348785694992386,0.0
-0.01750000000000007,0.19694330186089057,0.19694330186089057,0.0
-0.01249999999999929,0.21012008392784234,0.21012008392784234,0.0
-0.007500000000000284,0.17919393168663897,0.17919393168663897,0.0
-0.0024999999999995026,0.18717986021206423,0.18717986021206423,0.0
0.0024999999999995026,0.19798662478114773,0.19798662478114773,0.0
0.007500000000000284,0.20164469526698772,0.20164469526698772,0.0
0.012500000000001066,0.17503352053549,0.17503352053549,0.0
0.01750000000000007,0.18474544006479748,0.18474544006479748,0.0
0.022500000000000853,0.2219057687677844,0.2219057687677844,0.0
0.027499999999999858,0.16861901665539036,0.16861901665539036,0.0
0.03250000000000064,0.17776419286999026,0.17776419286999026,0.0
0.037499999999999645,0.21604512767251266,0.21604512767251266,0.0
0.042500000000000426,0.18708969650290622,0.18708969650290622,0.0
0.04749999999999943,0.1689410299023833,0.1689410299023833,0.0
0.05250000000000021,0.19059320063018956,0.19059320063018956,0.0
0.057500000000000995,0.21831210093134298,0.21831210093134298,0.0
0.0625,0.1658239416714915,0.1658239416714915,0.0
0.06750000000000078,0.1665194902849963,0.1665194902849963,0.0
0.07249999999999979,0.23306030764362035,0.23306030764362035,0.0
0.07750000000000057,0.17535553378248298,0.17535553378248298,0.0
0.08249999999999957,0.15688485393496712,0.15688485393496712,0.0
0.08750000000000036,0.2021083943426576,0.2021083943426576,0.0
0.09249999999999936,0.21236129612691323,0.21236129612691323,0.0
0.09750000000000014,0.16309326933699128,0.16309326933699128,0.0
0.10250000000000092,0.15876541129740598,0.15876541129740598,0.0
0.10749999999999993,0.23885654608949347,0.23885654608949347,0.0
0.11250000000000071,0.1732560074120889,0.1732560074120889,0.0
0.11749999999999972,0.14654178844155347,0.14654178844155347,0.0
0.1225000000000005,0.2055861374101815,0.2055861374101815,0.0
0.1274999999999995,0.2128121146727034,0.2128121146727034,0.0
0.13250000000000028,0.1584949201699319,0.1584949201699319,0.0
0.13750000000000107,0.1520288941703134,0.1520288941703134,0.0
0.14250000000000007,0.2412780857068805,0.2412780857068805,0.0
0.14750000000000085,0.17677239206925197,0.17677239206925197,0.0
0.15249999999999986,0.13836265196793243,0.13836265196793243,0.0
0.15750000000000064,0.19668569126329624,0.19668569126329624,0.0
0.16249999999999964,0.22217625989525844,0.22217625989525844,0.0
0.16750000000000043,0.15575136730555195,0.15575136730555195,0.0
0.17249999999999943,0.1455242265810557,0.1455242265810557,0.0
0.1775000000000002,0.23561065255980457,0.23561065255980457,0.0
0.182500000000001,0.18423021886960878,0.18423021886960878,0.0
0.1875,0.13600551499994398,0.13600551499994398,0.0
0.19250000000000078,0.17426068874270695,0.17426068874270695,0.0
0.1974999999999998,0.23781322316923634,0.23781322316923634,0.0
0.20250000000000057,0.15868812811812769,0.15868812811812769,0.0
0.20749999999999957,0.1376284617647885,0.1376284617647885,0.0
0.21250000000000036,0.21609664979203155,0.21609664979203155,0.0
0.21749999999999936,0.203460849980028,0.203460849980028,0.0
0.22250000000000014,0.13699731580068228,0.13699731580068228,0.0
0.22750000000000092,0.1542314647797452,0.1542314647797452,0.0
0.23249999999999993,0.2421668422685811,0.2421668422685811,0.0
0.2375000000000007,0.16780754327296815,0.16780754327296815,0.0
0.24249999999999972,0.13610855923898174,0.13610855923898174,0.0
0.2475000000000005,0.1782278919456601,0.1782278919456601,0.0
0.2524999999999995,0.23351112618941047,0.23351112618941047,0.0
0.2575000000000003,0.14379823557717347,0.14379823557717347,0.0
0.26250000000000107,0.14070690840604108,0.14070690840604108,0.0
0.26750000000000007,0.21461538885586395,0.21461538885586395,0.0
0.27250000000000085,0.1976388504743954,0.1976388504743954,0.0
0.27749999999999986,0.13668818308356906,0.13668818308356906,0.0
0.28250000000000064,0.14831930156495451,0.14831930156495451,0.0
0.28749999999999964,0.23816099747598876,0.23816099747598876,0.0
0.2925000000000004,0.16432980020544424,0.16432980020544424,0.0
0.29749999999999943,0.13806639978069893,0.13806639978069893,0.0
0.3025000000000002,0.16807803440044222,0.16807803440044222,0.0
0.307500000000001,0.22908022391078742,0.22908022391078742,0.0
0.3125,0.14710853175626104,0.14710853175626104,0.0
0.3175000000000008,0.13914836429059524,0.13914836429059524,0.0
0.3224999999999998,0.19717515139872555,0.19717515139872555,0.0
0.32750000000000057,0.2038601464062992,0.2038601464062992,0.0
0.3324999999999996,0.13743525381659272,0.13743525381659272,0.0
0.33750000000000036,0.14205936404341152,0.14205936404341152,0.0
0.34249999999999936,0.217629432847718,0.217629432847718,0.0
0.34750000000000014,0.18028877672641505,0.18028877672641505,0.0
0.3525000000000009,0.13702307686044174,0.13702307686044174,0.0
0.35749999999999993,0.15298205338141255,0.15298205338141255,0.0
0.3625000000000007,0.21895612742532894,0.21895612742532894,0.0
0.3674999999999997,0.16371153477121775,0.16371153477121775,0.0
0.3725000000000005,0.1390066784619183,0.1390066784619183,0.0
0.3774999999999995,0.16358272947242058,0.16358272947242058,0.0
0.3825000000000003,0.21258026513486847,0.21258026513486847,0.0
0.38750000000000107,0.15137198714644778,0.15137198714644778,0.0
0.39250000000000007,0.14186615609521575,0.14186615609521575,0.0
0.39750000000000085,0.1733332905913672,0.1733332905913672,0.0
0.40249999999999986,0.20581798694801648,0.20581798694801648,0.0
0.40750000000000064,0.14137669595978647,0.14137669595978647,0.0
0.41249999999999964,0.14561439029021372,0.14561439029021372,0.0
0.4175000000000004,0.18003116612882064,0.18003116612882064,0.0
0.42249999999999943,0.1971493903389661,0.1971493903389661,0.0
0.4275000000000002,0.13708747950984032,0.13708747950984032,0.0
0.432500000000001,0.14909213335773766,0.14909213335773766,0.0
0.4375,0.18289064376211808,0.18289064376211808,0.0
0.4425000000000008,0.18867400167811155,0.18867400167811155,0.0
0.4474999999999998,0.13635328930669635,0.13635328930669635,0.0
0.45250000000000057,0.15043170846522835,0.15043170846522835,0.0
0.4574999999999996,0.18456511264648146,0.18456511264648146,0.0
0.46250000000000036,0.18023725460689616,0.18023725460689616,0.0
0.46749999999999936,0.1367525857329676,0.1367525857329676,0.0
0.47250000000000014,0.15088252701101848,0.15088252701101848,0.0
0.4775000000000009,0.1845522321166017,0.1845522321166017,0.0
0.48249999999999993,0.17463422410921878,0.17463422410921878,0.0
0.4875000000000007,0.13717764321899836,0.13717764321899836,0.0
0.4924999999999997,0.15067643853294296,0.15067643853294296,0.0
0.4975000000000005,0.1829679269413964,0.1829679269413964,0.0
0.5024999999999995,0.1708473483245816,0.1708473483245816,0.0
0.5075000000000003,0.137924713952022,0.137924713952022,0.0
0.5125000000000011,0.14953007137364804,0.14953007137364804,0.0
0.5175000000000001,0.17952882546351165,0.17952882546351165,0.0
0.5225000000000009,0.17083446779470188,0.17083446779470188,0.0
0.5274999999999999,0.1362244840078992,0.1362244840078992,0.0
0.5325000000000006,0.14843522633387202,0.14843522633387202,0.0
0.5374999999999996,0.17571618861911506,0.17571618861911506,0.0
0.5425000000000004,0.17357802065908184,0.17357802065908184,0.0
0.5474999999999994,0.13256641352205922,0.13256641352205922,0.0
0.5525000000000002,0.14695396539770442,0.14695396539770442,0.0
0.557500000000001,0.17208387919303453,0.17208387919303453,0.0
0.5625,0.17712016637600436,0.17712016637600436,0.0
0.5675000000000008,0.12716947150245733,0.12716947150245733,0.0
0.5724999999999998,0.1465289079116737,0.1465289079116737,0.0
0.5775000000000006,0.16940472897805314,0.16940472897805314,0.0
0.5824999999999996,0.17772555128035109,0.17772555128035109,0.0
0.5875000000000004,0.12546924155833455,0.12546924155833455,0.0
0.5924999999999994,0.14336029756126303,0.14336029756126303,0.0
0.5975000000000001,0.1664550876355977,0.1664550876355977,0.0
0.6025000000000009,0.17346209589016442,0.17346209589016442,0.0
0.6074999999999999,0.1353486079760784,0.1353486079760784,0.0
0.6125000000000007,0.133674139091715,0.133674139091715,0.0
0.6174999999999997,0.16355696841266112,0.16355696841266112,0.0
0.6225000000000005,0.16990706964336216,0.16990706964336216,0.0
0.6274999999999995,0.1459364035372067,0.1459364035372067,0.0
0.6325000000000003,0.12284161346287205,0.12284161346287205,0.0
0.6375000000000011,0.1625522870820431,0.1625522870820431,0.0
0.6425000000000001,0.16891526884262387,0.16891526884262387,0.0
0.6475000000000009,0.1489246864693013,0.1489246864693013,0.0
0.6524999999999999,0.12366596737517396,0.12366596737517396,0.0
0.6575000000000006,0.1517068809233204,0.1517068809233204,0.0
0.6624999999999996,0.1667899814124704,0.1667899814124704,0.0
0.6675000000000004,0.1498392040907613,0.1498392040907613,0.0
0.6724999999999994,0.12916595363381364,0.12916595363381364,0.0
0.6775000000000002,0.1316905374902384,0.1316905374902384,0.0
0.682500000000001,0.16782042380284784,0.16782042380284784,0.0
0.6875,0.15947384044079047,0.15947384044079047,0.0
0.6925000000000008,0.13208983391650966,0.13208983391650966,0.0
0.6974999999999998,0.1239364585026481,0.1239364585026481,0.0
0.7025000000000006,0.15850780069981163,0.15850780069981163,0.0
0.7074999999999996,0.16806515387056248,0.16806515387056248,0.0
0.7125000000000004,0.12964253323936323,0.12964253323936323,0.0
0.7174999999999994,0.1248638566539878,0.1248638566539878,0.0
0.7225000000000001,0.13872330680456452,0.13872330680456452,0.0
0.7275000000000009,0.16922440155973714,0.16922440155973714,0.0
0.7324999999999999,0.14151838178846338,0.14151838178846338,0.0
0.7375000000000007,0.1247350513551906,0.1247350513551906,0.0
0.7424999999999997,0.1253919583790562,0.1253919583790562,0.0
0.7475000000000005,0.15730991142099782,0.15730991142099782,0.0
0.7524999999999995,0.16153472522154538,0.16153472522154538,0.0
0.7575000000000003,0.12080648974187656,0.12080648974187656,0.0
0.7625000000000011,0.11941539251486702,0.11941539251486702,0.0
0.7675000000000001,0.14153126231834307,0.14153126231834307,0.0
0.7725000000000009,0.16322207463578847,0.16322207463578847,0.0
0.7774999999999999,0.13318467895628575,0.13318467895628575,0.0
0.7825000000000006,0.1211156224589898,0.1211156224589898,0.0
0.7874999999999996,0.11591188838758366,0.11591188838758366,0.0
0.7925000000000004,0.16080053501840144,0.16080053501840144,0.0
0.7974999999999994,0.1545792390864976,0.1545792390864976,0.0
0.8025000000000002,0.11378660095743016,0.11378660095743016,0.0
0.807500000000001,0.11636270693337379,0.11636270693337379,0.0
0.8125,0.12178541001273514,0.12178541001273514,0.0
0.8175000000000008,0.17040941030867118,0.17040941030867118,0.0
0.8224999999999998,0.14176311185617801,0.14176311185617801,0.0
0.8275000000000006,0.10562034501368886,0.10562034501368886,0.0
0.8324999999999996,0.10783579615300036,0.10783579615300036,0.0
0.8375000000000004,0.12983574118755897,0.12983574118755897,0.0
0.8424999999999994,0.1751880868940466,0.1751880868940466,0.0
0.8475000000000001,0.1287151350880235,0.1287151350880235,0.0
0.8525000000000009,0.09504542998244024,0.09504542998244024,0.0
0.8574999999999999,0.0999657923964926,0.0999657923964926,0.0
0.8625000000000007,0.13898091740215887,0.13898091740215887,0.0
0.8674999999999997,0.17458270198969986,0.17458270198969986,0.0
0.8725000000000005,0.12959101111984436,0.12959101111984436,0.0
0.8774999999999995,0.07943422776822184,0.07943422776822184,0.0
0.8825000000000003,0.08707238198689471,0.08707238198689471,0.0
0.8875000000000011,0.13802775819105975,0.13802775819105975,0.0
0.8925000000000001,0.1802114935471367,0.1802114935471367,0.0
0.8975000000000009,0.13617296188838032,0.13617296188838032,0.0
0.9024999999999999,0.07888036498339396,0.07888036498339396,0.0
0.9075000000000006,0.06270241945446797,0.06270241945446797,0.0
0.9124999999999996,0.11175147723643468,0.11175147723643468,0.0
0.9175000000000004,0.1852349002002268,0.1852349002002268,0.0
0.9224999999999994,0.16791058751200585,0.16791058751200585,0.0
0.9275000000000002,0.08457355919022938,0.08457355919022938,0.0
0.932500000000001,0.04859823923617658,0.04859823923617658,0.0
0.9375,0.05867081360211618,0.05867081360211618,0.0
0.9425000000000008,0.1440300851150084,0.1440300851150084,0.0
0.9474999999999998,0.2155427870072036,0.2155427870072036,0.0
0.9525000000000006,0.14509916909502504,0.14509916909502504,0.0
0.9574999999999996,0.04504321298937436,0.04504321298937436,0.0
0.9625000000000004,0.0244086041220659,0.0244086041220659,0.0
0.9674999999999994,0.050530318718134314,0.050530318718134314,0.0
0.9725000000000001,0.14423617359308388,0.14423617359308388,0.0
0.9775000000000009,0.23796778952779302,0.23796778952779302,0.0
0.9824999999999999,0.1479972883179616,0.1479972883179616,0.0
0.9875000000000007,0.04284064237994257,0.04284064237994257,0.0
0.9924999999999997,0.007560871039394555,0.007560871039394555,0.0
0.9975000000000005,0.011978892788137881,0.011978892788137881,0.0
1.0024999999999995,0.06205839296048206,0.06205839296048206,0.0
1.0075000000000003,0.20326764203183223,0.20326764203183223,0.0
1.012500000000001,0.22319382175575622,0.22319382175575622,0.0
1.0175,0.11709689713651773,0.11709689713651773,0.0
1.0225000000000009,0.024898064257495182,0.024898064257495182,0.0
1.0274999999999999,0.0009918008007382974,0.0009918008007382974,0.0
