omega,S,S_edge,S_cont,Sr,Sr_edge,Sr_cont
-1.0325000000000006,0.0,0.0,0.0
-1.0274999999999999,0.050712845251307835,0.050712845251307835,0.0
-1.022499999999999,0.68436391533947,0.68436391533947,0.0
-1.0175,3.6051161142302743,3.6051161142302743,0.0
-1.0124999999999993,7.046916848522913,7.046916848522913,0.0
-1.0075000000000003,6.590445635071182,6.590445635071182,0.0
-1.0024999999999995,4.7202982540493075,4.7202982540493075,0.0
-0.9975000000000005,3.8417019171497486,3.8417019171497486,0.0
-0.9924999999999997,3.360523019955331,3.360523019955331,0.0
-0.9874999999999989,3.0336698353202642,3.0336698353202642,0.0
-0.9824999999999999,2.800179443642372,2.800179443642372,0.0
-0.9774999999999991,2.6118783490122457,2.6118783490122457,0.0
-0.9725000000000001,2.4555322782173734,2.4555322782173734,0.0
-0.9674999999999994,2.327434151926518,2.327434151926518,0.0
-0.9625000000000004,2.220392236237082,2.220392236237082,0.0
-0.9574999999999996,2.121339076506459,2.121339076506459,0.0
-0.9525000000000006,2.040951061208609,2.040951061208609,0.0
-0.9474999999999998,1.9674026072768889,1.9674026072768889,0.0
-0.942499999999999,1.902343365013699,1.902343365013699,0.0
-0.9375,1.8434193390437037,1.8434193390437037,0.0
-0.9324999999999992,1.7868307730523874,1.7868307730523874,0.0
-0.9275000000000002,1.7309650875306617,1.7309650875306617,0.0
-0.9224999999999994,1.6900574671104736,1.6900574671104736,0.0
-0.9175000000000004,1.644794028476082,1.644794028476082,0.0
-0.9124999999999996,1.6053136335984202,1.6053136335984202,0.0
-0.9075000000000006,1.5726357292935744,1.5726357292935744,0.0
-0.9024999999999999,1.5409402010115072,1.5409402010115072,0.0
-0.8974999999999991,1.4924516033589408,1.4924516033589408,0.0
-0.8925000000000001,1.4817937502816374,1.4817937502816374,0.0
-0.8874999999999993,1.4348806613448464,1.4348806613448464,0.0
-0.8825000000000003,1.414343441849799,1.414343441849799,0.0
-0.8774999999999995,1.3943993550477498,1.3943993550477498,0.0
-0.8725000000000005,1.3595342739374754,1.3595342739374754,0.0
-0.8674999999999997,1.3431489832934125,1.3431489832934125,0.0
-0.8624999999999989,1.3174033173379787,1.3174033173379787,0.0
-0.8574999999999999,1.2966066022897451,1.2966066022897451,0.0
-0.8524999999999991,1.2701380558647204,1.2701380558647204,0.0
-0.8475000000000001,1.2596470213573228,1.2596470213573228,0.0
-0.8424999999999994,1.2326965546192372,1.2326965546192372,0.0
-0.8375000000000004,1.210009229112073,1.210009229112073,0.0
-0.8324999999999996,1.2033920925058168,1.2033920925058168,0.0
-0.8275000000000006,1.187952107091219,1.187952107091219,0.0
-0.8224999999999998,1.1590739591008907,1.1590739591008907,0.0
-0.817499999999999,1.1426330622668595,1.1426330622668595,0.0
-0.8125,1.127953028115165,1.127953028115165,0.0
-0.8074999999999992,1.1280827758917582,1.1280827758917582,0.0
-0.8025000000000002,1.1117160206443515,1.1117160206443515,0.0
-0.7974999999999994,1.0886209164107514,1.0886209164107514,0.0
-0.7925000000000004,1.05859357382774,1.05859357382774,0.0
-0.7874999999999996,1.0564620032122796,1.0564620032122796,0.0
-0.7825000000000006,1.053718764507165,1.053718764507165,0.0
-0.7774999999999999,1.0434501547596415,1.0434501547596415,0.0
-0.7724999999999991,1.028770120607947,1.028770120607947,0.0
-0.7675000000000001,1.0063608260506256,1.0063608260506256,0.0
-0.7624999999999993,0.9928114510949583,0.9928114510949583,0.0
-0.7575000000000003,0.9854899694157673,0.9854899694157673,0.0
-0.7524999999999995,0.9756847445846478,0.9756847445846478,0.0
-0.7475000000000005,0.9668433603796502,0.9668433603796502,0.0
-0.7424999999999997,0.9579278345880278,0.9579278345880278,0.0
-0.7374999999999989,0.948882561019812,0.948882561019812,0.0
-0.7324999999999999,0.9359077833604862,0.9359077833604862,0.0
-0.7274999999999991,0.9241007356904998,0.9241007356904998,0.0
-0.7225000000000001,0.9156300594186256,0.9156300594186256,0.0
-0.7174999999999994,0.9060287239507241,0.9060287239507241,0.0
-0.7125000000000004,0.8931280878780232,0.8931280878780232,0.0
-0.7074999999999996,0.8815249295712545,0.8815249295712545,0.0
-0.7025000000000006,0.8731283948860054,0.8731283948860054,0.0
-0.6974999999999998,0.8684945457219604,0.8684945457219604,0.0
-0.692499999999999,0.8562982547221938,0.8562982547221938,0.0
-0.6875,0.8432308000795872,0.8432308000795872,0.0
-0.6824999999999992,0.8362244201435514,0.8362244201435514,0.0
-0.6775000000000002,0.8339074955615289,0.8339074955615289,0.0
-0.6724999999999994,0.8326285531922524,0.8326285531922524,0.0
-0.6675000000000004,0.8169661430177806,0.8169661430177806,0.0
-0.6624999999999996,0.8107011789479918,0.8107011789479918,0.0
-0.6575000000000006,0.7889962294636051,0.7889962294636051,0.0
-0.6524999999999999,0.7789500444759556,0.7789500444759556,0.0
-0.6474999999999991,0.784251167919623,0.784251167919623,0.0
-0.6425000000000001,0.7737786688088816,0.7737786688088816,0.0
-0.6374999999999993,0.7729631113560098,0.7729631113560098,0.0
-0.6325000000000003,0.7636954130279198,0.7636954130279198,0.0
-0.6274999999999995,0.7493304806193803,0.7493304806193803,0.0
-0.6225000000000005,0.7526112458275241,0.7526112458275241,0.0
-0.6174999999999997,0.7305726592033265,0.7305726592033265,0.0
-0.6124999999999989,0.7254939605195332,0.7254939605195332,0.0
-0.6074999999999999,0.7177832355105623,0.7177832355105623,0.0
-0.6024999999999991,0.7247340092566298,0.7247340092566298,0.0
-0.5975000000000001,0.7158184834650073,0.7158184834650073,0.0
-0.5924999999999994,0.6995444052008813,0.6995444052008813,0.0
-0.5875000000000004,0.6814538580644499,0.6814538580644499,0.0
-0.5824999999999996,0.6893128662466702,0.6893128662466702,0.0
-0.5775000000000006,0.697542582362014,0.697542582362014,0.0
-0.5724999999999998,0.6707218634005219,0.6707218634005219,0.0
-0.567499999999999,0.6538175816500859,0.6538175816500859,0.0
-0.5625,0.6676264521589399,0.6676264521589399,0.0
-0.5574999999999992,0.6654392753535106,0.6654392753535106,0.0
-0.5525000000000002,0.6381181006823017,0.6381181006823017,0.0
-0.5474999999999994,0.6384332024254566,0.6384332024254566,0.0
-0.5425000000000004,0.6396194678114522,0.6396194678114522,0.0
-0.5374999999999996,0.6377844635424903,0.6377844635424903,0.0
-0.5325000000000006,0.6124465763134925,0.6124465763134925,0.0
-0.5274999999999999,0.6104818242679376,0.6104818242679376,0.0
-0.5224999999999991,0.6311673269362341,0.6311673269362341,0.0
-0.5175000000000001,0.5909084453990117,0.5909084453990117,0.0
-0.5124999999999993,0.5884061668504273,0.5884061668504273,0.0
-0.5075000000000003,0.6145781469289533,0.6145781469289533,0.0
-0.5024999999999995,0.5656446997566386,0.5656446997566386,0.0
-0.4975000000000005,0.5886285916103016,0.5886285916103016,0.0
-0.4924999999999997,0.5790457915390566,0.5790457915390566,0.0
-0.48749999999999893,0.5535781565334656,0.5535781565334656,0.0
-0.48249999999999993,0.5800281675618341,0.5800281675618341,0.0
-0.47749999999999915,0.5431241928193802,0.5431241928193802,0.0
-0.47250000000000014,0.5599728683798475,0.5599728683798475,0.0
-0.46749999999999936,0.5395653966613937,0.5395653966613937,0.0
-0.46250000000000036,0.5488701657827959,0.5488701657827959,0.0
-0.4574999999999996,0.5234581369671732,0.5234581369671732,0.0
-0.45250000000000057,0.5354134678104094,0.5354134678104094,0.0
-0.4474999999999998,0.5232171768106431,0.5232171768106431,0.0
-0.442499999999999,0.5124481113534027,0.5124481113534027,0.0
-0.4375,0.5300938089700857,0.5300938089700857,0.0
-0.4324999999999992,0.4859239587384094,0.4859239587384094,0.0
-0.4275000000000002,0.5306313354731149,0.5306313354731149,0.0
-0.42249999999999943,0.4616240537221576,0.4616240537221576,0.0
-0.4175000000000004,0.5309093664229577,0.5309093664229577,0.0
-0.41249999999999964,0.44633235148080935,0.44633235148080935,0.0
-0.40750000000000064,0.523921521883578,0.523921521883578,0.0
-0.40249999999999986,0.43254201636861156,0.43254201636861156,0.0
-0.3974999999999991,0.516507363221106,0.516507363221106,0.0
-0.39250000000000007,0.42156906154815305,0.42156906154815305,0.0
-0.3874999999999993,0.5093341647151645,0.5093341647151645,0.0
-0.3825000000000003,0.4090762042018879,0.4090762042018879,0.0
-0.3774999999999995,0.49938065671079584,0.49938065671079584,0.0
-0.3725000000000005,0.40381215155153277,0.40381215155153277,0.0
-0.3674999999999997,0.4839406712961982,0.4839406712961982,0.0
-0.36249999999999893,0.4028112401320991,0.4028112401320991,0.0
-0.35749999999999993,0.4608084962692857,0.4608084962692857,0.0
-0.35249999999999915,0.40707438136302054,0.40707438136302054,0.0
-0.34750000000000014,0.43044751654646335,0.43044751654646335,0.0
-0.34249999999999936,0.4196784510892228,0.4196784510892228,0.0
-0.33750000000000036,0.40086502348320024,0.40086502348320024,0.0
-0.3324999999999996,0.43647152045972165,0.43647152045972165,0.0
-0.32750000000000057,0.3730248577056182,0.3730248577056182,0.0
-0.3224999999999998,0.4463508868774656,0.4463508868774656,0.0
-0.317499999999999,0.35504552294912384,0.35504552294912384,0.0
-0.3125,0.42952074671365426,0.42952074671365426,0.0
-0.3074999999999992,0.35085652330482714,0.35085652330482714,0.0
-0.3025000000000002,0.39419228068697554,0.39419228068697554,0.0
-0.29749999999999943,0.3956751124194699,0.3956751124194699,0.0
-0.2925000000000004,0.34722358556021593,0.34722358556021593,0.0
-0.28749999999999964,0.4054247310606205,0.4054247310606205,0.0
-0.28250000000000064,0.3279097022444766,0.3279097022444766,0.0
-0.27749999999999986,0.3752491053043598,0.3752491053043598,0.0
-0.2724999999999991,0.3876307502706879,0.3876307502706879,0.0
-0.26750000000000007,0.3013670142328271,0.3013670142328271,0.0
-0.2624999999999993,0.3879829228071553,0.3879829228071553,0.0
-0.2575000000000003,0.3443135282851957,0.3443135282851957,0.0
-0.2524999999999995,0.30607500498349677,0.30607500498349677,0.0
-0.2475000000000005,0.3834602860230474,0.3834602860230474,0.0
-0.24249999999999972,0.3066496022798384,0.3066496022798384,0.0
-0.23749999999999893,0.31256239381315976,0.31256239381315976,0.0
-0.23249999999999993,0.37007772963728564,0.37007772963728564,0.0
-0.22749999999999915,0.28920779402637325,0.28920779402637325,0.0
-0.22250000000000014,0.30735394735277316,0.30735394735277316,0.0
-0.21749999999999936,0.35437824866950135,0.35437824866950135,0.0
-0.21250000000000036,0.27508382177436425,0.27508382177436425,0.0
-0.20749999999999957,0.2979379658514339,0.2979379658514339,0.0
-0.20250000000000057,0.3381783119920002,0.3381783119920002,0.0
-0.1974999999999998,0.2739346271816811,0.2739346271816811,0.0
-0.192499999999999,0.2702831540404136,0.2702831540404136,0.0
-0.1875,0.3325806222018339,0.3325806222018339,0.0
-0.18249999999999922,0.2694490611908855,0.2694490611908855,0.0
-0.1775000000000002,0.2525633148371057,0.2525633148371057,0.0
-0.17249999999999943,0.3090406684484856,0.3090406684484856,0.0
-0.16750000000000043,0.27777145428951033,0.27777145428951033,0.0
-0.16249999999999964,0.23869883813828324,0.23869883813828324,0.0
-0.15750000000000064,0.2890039046631552,0.2890039046631552,0.0
-0.15249999999999986,0.26537127392652604,0.26537127392652604,0.0
-0.14749999999999908,0.2371047940258518,0.2371047940258518,0.0
-0.14250000000000007,0.2655010217031193,0.2655010217031193,0.0
-0.1374999999999993,0.26016282746613945,0.26016282746613945,0.0
-0.13250000000000028,0.2306174051961889,0.2306174051961889,0.0
-0.1274999999999995,0.24259127143608103,0.24259127143608103,0.0
-0.1225000000000005,0.25784590288411696,0.25784590288411696,0.0
-0.11749999999999972,0.23202609534205854,0.23202609534205854,0.0
-0.11249999999999893,0.207744725722463,0.207744725722463,0.0
-0.10749999999999993,0.24144207684339788,0.24144207684339788,0.0
-0.10249999999999915,0.23932904162459337,0.23932904162459337,0.0
-0.09750000000000014,0.21688267627395963,0.21688267627395963,0.0
-0.09249999999999936,0.19964475738371246,0.19964475738371246,0.0
-0.08750000000000036,0.2162895435809619,0.2162895435809619,0.0
-0.08249999999999957,0.22166480861125407,0.22166480861125407,0.0
-0.07750000000000057,0.216919747067272,0.216919747067272,0.0
-0.07249999999999979,0.18948736001612593,0.18948736001612593,0.0
-0.067499999999999,0.18368578086274165,0.18368578086274165,0.0
-0.0625,0.21575201707793265,0.21575201707793265,0.0
-0.05749999999999922,0.20470492067084953,0.20470492067084953,0.0
-0.05250000000000021,0.18086840057100234,0.18086840057100234,0.0
-0.04749999999999943,0.16211057915494836,0.16211057915494836,0.0
-0.042500000000000426,0.19158185983827422,0.19158185983827422,0.0
-0.037499999999999645,0.2119337253667596,0.2119337253667596,0.0
-0.03250000000000064,0.19048827143555963,0.19048827143555963,0.0
-0.027499999999999858,0.14363078868873713,0.14363078868873713,0.0
-0.022499999999999076,0.1385706254016,0.1385706254016,0.0
-0.01750000000000007,0.17091489256663378,0.17091489256663378,0.0
-0.01249999999999929,0.21525156136821583,0.21525156136821583,0.0
-0.007500000000000284,0.18129471469409444,0.18129471469409444,0.0
-0.0024999999999995026,0.14350104091214383,0.14350104091214383,0.0
0.0024999999999995026,0.10635610601315959,0.10635610601315959,0.0
0.007500000000000284,0.138051634295227,0.138051634295227,0.0
0.012500000000001066,0.1706739324101034,0.1706739324101034,0.0
0.01750000000000007,0.197123943438472,0.197123943438472,0.0
0.022500000000000853,0.1560124336550652,0.1560124336550652,0.0
0.027499999999999858,0.1276903475644225,0.1276903475644225,0.0
0.03250000000000064,0.09740350942822475,0.09740350942822475,0.0
0.037499999999999645,0.10168518605580229,0.10168518605580229,0.0
0.042500000000000426,0.15300969939676407,0.15300969939676407,0.0
0.04749999999999943,0.16190668979173037,0.16190668979173037,0.0
0.05250000000000021,0.1617213358251686,0.1617213358251686,0.0
0.057500000000000995,0.14183285521308767,0.14183285521308767,0.0
0.0625,0.09844149164097081,0.09844149164097081,0.0
0.06750000000000078,0.08181524084037754,0.08181524084037754,0.0
0.07249999999999979,0.09920144290387416,0.09920144290387416,0.0
0.07750000000000057,0.13250955069502926,0.13250955069502926,0.0
0.08249999999999957,0.12609630345199102,0.12609630345199102,0.0
0.08750000000000036,0.12413155140643599,0.12413155140643599,0.0
0.09249999999999936,0.14201820917964947,0.14201820917964947,0.0
0.09750000000000014,0.11391854784888093,0.11391854784888093,0.0
0.10250000000000092,0.08763535539041799,0.08763535539041799,0.0
0.10749999999999993,0.0770887146930517,0.0770887146930517,0.0
0.11250000000000071,0.08761681999376182,0.08761681999376182,0.0
0.11749999999999972,0.10394650444785622,0.10394650444785622,0.0
0.1225000000000005,0.11503067164825172,0.11503067164825172,0.0
0.1274999999999995,0.10778333155568541,0.10778333155568541,0.0
0.13250000000000028,0.10372407968798204,0.10372407968798204,0.0
0.13750000000000107,0.10919202170155506,0.10919202170155506,0.0
0.14250000000000007,0.09275112486752361,0.09275112486752361,0.0
0.14750000000000085,0.0790163959452944,0.0790163959452944,0.0
0.15249999999999986,0.07555027677058877,0.07555027677058877,0.0
0.15750000000000064,0.07935003308510563,0.07935003308510563,0.0
0.16249999999999964,0.0847067627187416,0.0847067627187416,0.0
0.16750000000000043,0.08448433795886745,0.08448433795886745,0.0
0.17249999999999943,0.07529078121740228,0.07529078121740228,0.0
0.1775000000000002,0.07753356421280003,0.07753356421280003,0.0
0.182500000000001,0.09920144290387418,0.09920144290387418,0.0
0.1875,0.10203735859226969,0.10203735859226969,0.0
0.19250000000000078,0.0803880152978517,0.0803880152978517,0.0
0.1974999999999998,0.05994347278608541,0.05994347278608541,0.0
0.20250000000000057,0.06057367627239552,0.06057367627239552,0.0
0.20749999999999957,0.07301092742869215,0.07301092742869215,0.0
0.21250000000000036,0.06683864034218429,0.06683864034218429,0.0
0.21749999999999936,0.06763566239840002,0.06763566239840002,0.0
0.22250000000000014,0.06622697225253035,0.06622697225253035,0.0
0.22750000000000092,0.05849771184690337,0.05849771184690337,0.0
0.23249999999999993,0.07056425507007642,0.07056425507007642,0.0
0.2375000000000007,0.07960952863829215,0.07960952863829215,0.0
0.24249999999999972,0.0913980409116225,0.0913980409116225,0.0
0.2475000000000005,0.08044362148782024,0.08044362148782024,0.0
0.2524999999999995,0.06337252116747867,0.06337252116747867,0.0
0.2575000000000003,0.04606046069060675,0.04606046069060675,0.0
0.26250000000000107,0.04038862931381573,0.04038862931381573,0.0
0.26750000000000007,0.03860923123482248,0.03860923123482248,0.0
0.27250000000000085,0.03714493489898427,0.03714493489898427,0.0
0.27749999999999986,0.03395684667412135,0.03395684667412135,0.0
0.28250000000000064,0.04352111134871011,0.04352111134871011,0.0
0.28749999999999964,0.04937829669206293,0.04937829669206293,0.0
0.2925000000000004,0.048488597652566294,0.048488597652566294,0.0
0.29749999999999943,0.06172287086507866,0.06172287086507866,0.0
0.3025000000000002,0.06164872927845394,0.06164872927845394,0.0
0.307500000000001,0.07529078121740226,0.07529078121740226,0.0
0.3125,0.08226009036012587,0.08226009036012587,0.0
0.3175000000000008,0.07512396264749664,0.07512396264749664,0.0
0.3224999999999998,0.07846033404560901,0.07846033404560901,0.0
0.32750000000000057,0.06759859160508765,0.06759859160508765,0.0
0.3324999999999996,0.06003614976936628,0.06003614976936628,0.0
0.33750000000000036,0.04366939452195955,0.04366939452195955,0.0
0.34249999999999936,0.0370337225190472,0.0370337225190472,0.0
0.34750000000000014,0.035328466026678655,0.035328466026678655,0.0
0.3525000000000009,0.02702460832471011,0.02702460832471011,0.0
0.35749999999999993,0.028970824973608988,0.028970824973608988,0.0
0.3625000000000007,0.02665390039158652,0.02665390039158652,0.0
0.3674999999999997,0.024466723586157313,0.024466723586157313,0.0
0.3725000000000005,0.02630172785511911,0.02630172785511911,0.0
0.3774999999999995,0.027061679118022472,0.027061679118022472,0.0
0.3825000000000003,0.026857789754804504,0.026857789754804504,0.0
0.38750000000000107,0.02739531625783371,0.02739531625783371,0.0
0.39250000000000007,0.02687632515146068,0.02687632515146068,0.0
0.39750000000000085,0.031992094628566295,0.031992094628566295,0.0
0.40249999999999986,0.03612548808289439,0.03612548808289439,0.0
0.40750000000000064,0.03790488616188765,0.03790488616188765,0.0
0.41249999999999964,0.0414266115265618,0.0414266115265618,0.0
0.4175000000000004,0.04607899608726293,0.04607899608726293,0.0
0.42249999999999943,0.05751533582412585,0.05751533582412585,0.0
0.4275000000000002,0.05647735361137978,0.05647735361137978,0.0
0.432500000000001,0.052992699040017986,0.052992699040017986,0.0
0.4375,0.05238103095036406,0.05238103095036406,0.0
0.4425000000000008,0.047376473853195517,0.047376473853195517,0.0
0.4474999999999998,0.04400303166177078,0.04400303166177078,0.0
0.45250000000000057,0.04085201423022024,0.04085201423022024,0.0
0.4574999999999996,0.038498018854885394,0.038498018854885394,0.0
0.46250000000000036,0.03573624475311461,0.03573624475311461,0.0
0.46749999999999936,0.03462412095374382,0.03462412095374382,0.0
0.47250000000000014,0.029489816079982027,0.029489816079982027,0.0
0.4775000000000009,0.02348434756337978,0.02348434756337978,0.0
0.48249999999999993,0.019851409818768543,0.019851409818768543,0.0
0.4875000000000007,0.014772711134975282,0.014772711134975282,0.0
0.4924999999999997,0.01612579509087641,0.01612579509087641,0.0
0.4975000000000005,0.019258277125770797,0.019258277125770797,0.0
0.5024999999999995,0.021426918534543826,0.021426918534543826,0.0
0.5075000000000003,0.02620905087183821,0.02620905087183821,0.0
0.5125000000000011,0.028044055140800005,0.028044055140800005,0.0
0.5175000000000001,0.029267391320107868,0.029267391320107868,0.0
0.5225000000000009,0.021130352188044946,0.021130352188044946,0.0
0.5274999999999999,0.02087085663485843,0.02087085663485843,0.0
0.5325000000000006,0.020351865528485395,0.020351865528485395,0.0
0.5374999999999996,0.020129440768611243,0.020129440768611243,0.0
0.5425000000000004,0.023688236926597758,0.023688236926597758,0.0
0.5474999999999994,0.020648431874984274,0.020648431874984274,0.0
0.5525000000000002,0.021426918534543826,0.021426918534543826,0.0
0.557500000000001,0.026412940235056182,0.026412940235056182,0.0
0.5625,0.03512457666346068,0.03512457666346068,0.0
0.5675000000000008,0.02847036926389214,0.02847036926389214,0.0
0.5724999999999998,0.026820718961492136,0.026820718961492136,0.0
0.5775000000000006,0.01940656029902023,0.01940656029902023,0.0
0.5824999999999996,0.02222394059075956,0.02222394059075956,0.0
0.5875000000000004,0.02485596691593708,0.02485596691593708,0.0
0.5924999999999994,0.03050926289607191,0.03050926289607191,0.0
0.5975000000000001,0.03217744859512809,0.03217744859512809,0.0
0.6025000000000009,0.04064812486700225,0.04064812486700225,0.0
0.6074999999999999,0.042464593739307874,0.042464593739307874,0.0
0.6125000000000007,0.04648677481369888,0.04648677481369888,0.0
0.6174999999999997,0.04072226645362696,0.04072226645362696,0.0
0.6225000000000005,0.03705225791570338,0.03705225791570338,0.0
0.6274999999999995,0.037052257915703365,0.037052257915703365,0.0
0.6325000000000003,0.03419780683065169,0.03419780683065169,0.0
0.6375000000000011,0.023095104233600002,0.023095104233600002,0.0
0.6425000000000001,0.01827590110299326,0.01827590110299326,0.0
0.6475000000000009,0.015829228744377533,0.015829228744377533,0.0
0.6524999999999999,0.013252808609168543,0.013252808609168543,0.0
0.6575000000000006,0.010287145144179777,0.010287145144179777,0.0
0.6624999999999996,0.00924916293143371,0.00924916293143371,0.0
0.6675000000000004,0.005894256136665169,0.005894256136665169,0.0
0.6724999999999994,0.006468853433006742,0.006468853433006742,0.0
0.6775000000000002,0.005745972963415731,0.005745972963415731,0.0
0.682500000000001,0.008007291355469664,0.008007291355469664,0.0
0.6875,0.010157397367586519,0.010157397367586519,0.0
0.6925000000000008,0.008563353255155058,0.008563353255155058,0.0
0.6974999999999998,0.008600424048467418,0.008600424048467418,0.0
0.7025000000000006,0.00924916293143371,0.00924916293143371,0.0
0.7074999999999996,0.009694012451182024,0.009694012451182024,0.0
0.7125000000000004,0.011232450373644945,0.011232450373644945,0.0
0.7174999999999994,0.01084320704386517,0.01084320704386517,0.0
0.7225000000000001,0.01351230416235506,0.01351230416235506,0.0
0.7275000000000009,0.012919171469357308,0.012919171469357308,0.0
0.7324999999999999,0.013660587335604496,0.013660587335604496,0.0
0.7375000000000007,0.014717104945006746,0.014717104945006746,0.0
0.7424999999999997,0.01506927748147416,0.01506927748147416,0.0
0.7475000000000005,0.013771799715541575,0.013771799715541575,0.0
0.7524999999999995,0.015439985414597755,0.015439985414597755,0.0
0.7575000000000003,0.01584776414103371,0.01584776414103371,0.0
0.7625000000000011,0.015439985414597755,0.015439985414597755,0.0
0.7675000000000001,0.014587357168413485,0.014587357168413485,0.0
0.7725000000000009,0.014272255425258427,0.014272255425258427,0.0
0.7774999999999999,0.013549374955667418,0.013549374955667418,0.0
0.7825000000000006,0.02113035218804495,0.02113035218804495,0.0
0.7874999999999996,0.030954112415820224,0.030954112415820224,0.0
0.7925000000000004,0.03899847456460226,0.03899847456460226,0.0
0.7974999999999994,0.03892433297797754,0.03892433297797754,0.0
0.8025000000000002,0.038757514408071916,0.038757514408071916,0.0
0.807500000000001,0.038868726788009,0.038868726788009,0.0
0.8125,0.03925797011778877,0.03925797011778877,0.0
0.8175000000000008,0.03834973568163596,0.03834973568163596,0.0
0.8224999999999998,0.03586599252970787,0.03586599252970787,0.0
0.8275000000000006,0.03783074457526292,0.03783074457526292,0.0
0.8324999999999996,0.03560649697652135,0.03560649697652135,0.0
0.8375000000000004,0.031992094628566295,0.031992094628566295,0.0
0.8424999999999994,0.027617741017707868,0.027617741017707868,0.0
0.8475000000000001,0.029489816079982037,0.029489816079982037,0.0
0.8525000000000009,0.025615918178840454,0.025615918178840454,0.0
0.8574999999999999,0.023391670580098882,0.023391670580098882,0.0
0.8625000000000007,0.018294436499649444,0.018294436499649444,0.0
0.8674999999999997,0.013790335112197755,0.013790335112197755,0.0
0.8725000000000005,0.013586445748979778,0.013586445748979778,0.0
0.8774999999999995,0.012307503379703374,0.012307503379703374,0.0
0.8825000000000003,0.011195379580332586,0.011195379580332586,0.0
0.8875000000000011,0.007099056919316856,0.007099056919316856,0.0
0.8925000000000001,0.006264964069788765,0.006264964069788765,0.0
0.8975000000000009,0.0053567296336359555,0.0053567296336359555,0.0
0.9024999999999999,0.004467030594139327,0.004467030594139327,0.0
0.9075000000000006,0.006394711846382023,0.006394711846382023,0.0
0.9124999999999996,0.0057645083600719104,0.0057645083600719104,0.0
0.9175000000000004,0.002632026325177528,0.002632026325177528,0.0
0.9224999999999994,0.001983287442211236,0.001983287442211236,0.0
0.9275000000000002,0.0030027342583011244,0.0030027342583011244,0.0
0.932500000000001,0.004133393454328091,0.004133393454328091,0.0
0.9375,0.0027988448950831465,0.0027988448950831465,0.0
0.9425000000000008,0.002038893632179776,0.002038893632179776,0.0
0.9474999999999998,0.0018906104589303376,0.0018906104589303376,0.0
0.9525000000000006,0.0003892433297797754,0.0003892433297797754,0.0
0.9574999999999996,0.00012974777659325844,0.00012974777659325844,0.0
0.9625000000000004,0.0,0.0,0.0
0.9674999999999994,0.0,0.0,0.0
0.9725000000000001,0.0,0.0,0.0
0.9775000000000009,0.0,0.0,0.0
0.9824999999999999,0.0,0.0,0.0
0.9875000000000007,0.00027803094984269665,0.00027803094984269665,0.0
0.9924999999999997,0.000500455709716854,0.000500455709716854,0.0
0.9975000000000005,1.853539665617978e-5,1.853539665617978e-5,0.0
1.0024999999999995,0.0005375265030292135,0.0005375265030292135,0.0
1.0075000000000003,0.0006302034863101124,0.0006302034863101124,0.0
1.012500000000001,0.0007043450729348317,0.0007043450729348317,0.0
1.0175,0.0012974777659325845,0.0012974777659325845,0.0
1.0225000000000009,0.0017793980789932583,0.0017793980789932583,0.0
1.0274999999999999,0.000926769832808989,0.000926769832808989,0.0
1.0325000000000006,0.00022242475987415734,0.00022242475987415734,0.0
1.0374999999999996,0.0002409601565303371,0.0002409601565303371,0.0
1.0425000000000004,0.0010379822127460675,0.0010379822127460675,0.0
1.0474999999999994,0.0010194468160898877,0.0010194468160898877,0.0
1.0525000000000002,0.0021315706154606743,0.0021315706154606743,0.0
1.057500000000001,0.004782132337294383,0.004782132337294383,0.0
1.0625,0.008489211668530337,0.008489211668530337,0.0
1.0675000000000008,0.011010025613770787,0.011010025613770787,0.0
1.0724999999999998,0.011436339736862923,0.011436339736862923,0.0
1.0775000000000006,0.012085078619829217,0.012085078619829217,0.0
1.0824999999999996,0.01414250764866517,0.01414250764866517,0.0
1.0875000000000004,0.01165876449673708,0.01165876449673708,0.0
1.0924999999999994,0.011121237993707867,0.011121237993707867,0.0
1.0975000000000001,0.012919171469357308,0.012919171469357308,0.0
1.102500000000001,0.012937706866013485,0.012937706866013485,0.0
1.1075,0.01175144148001798,0.01175144148001798,0.0
1.1125000000000007,0.010009114194337079,0.010009114194337079,0.0
1.1174999999999997,0.012641140519514609,0.012641140519514609,0.0
1.1225000000000005,0.012196290999766294,0.012196290999766294,0.0
1.1274999999999995,0.012919171469357305,0.012919171469357305,0.0
1.1325000000000003,0.01482831732494382,0.01482831732494382,0.0
1.137500000000001,0.01412397225200899,0.01412397225200899,0.0
1.1425,0.015551197794534833,0.015551197794534833,0.0
1.1475000000000009,0.01588483493434607,0.01588483493434607,0.0
1.1524999999999999,0.014216649235289891,0.014216649235289891,0.0
1.1575000000000006,0.0151248836714427,0.0151248836714427,0.0
1.1624999999999996,0.015328773034660678,0.015328773034660678,0.0
1.1675000000000004,0.01872075062274158,0.01872075062274158,0.0
1.1724999999999994,0.020815250444889893,0.020815250444889893,0.0
1.1775000000000002,0.02166787869107416,0.02166787869107416,0.0
1.182500000000001,0.0232804582001618,0.0232804582001618,0.0
1.1875,0.02418869263631461,0.02418869263631461,0.0
1.1925000000000008,0.019035852365896635,0.019035852365896635,0.0
1.1974999999999998,0.017274989683559554,0.017274989683559554,0.0
1.2025000000000006,0.013197202419200004,0.013197202419200004,0.0
1.2074999999999996,0.013048919245950565,0.013048919245950565,0.0
1.2125000000000004,0.008822848808341575,0.008822848808341575,0.0
1.2174999999999994,0.008656030238435957,0.008656030238435957,0.0
1.2225000000000001,0.004504101387451685,0.004504101387451685,0.0
1.227500000000001,0.0037256147278921354,0.0037256147278921354,0.0
1.2325,0.00331783600145618,0.00331783600145618,0.0
1.2375000000000007,0.0035402607613303377,0.0035402607613303377,0.0
1.2424999999999997,0.007284410885878652,0.007284410885878652,0.0
1.2475000000000005,0.006895167556098877,0.006895167556098877,0.0
1.2524999999999995,0.007340017075847193,0.007340017075847193,0.0
1.2575000000000003,0.007840472785564045,0.007840472785564045,0.0
1.262500000000001,0.009323304518058429,0.009323304518058429,0.0
1.2675,0.007247340092566293,0.007247340092566293,0.0
1.2725000000000009,0.006913702952755057,0.006913702952755057,0.0
1.2774999999999999,0.007302946282534833,0.007302946282534833,0.0
1.2825000000000006,0.01006472038430562,0.01006472038430562,0.0
1.2874999999999996,0.01254846353623371,0.01254846353623371,0.0
1.2925000000000004,0.009990578797680899,0.009990578797680899,0.0
1.2974999999999994,0.008044362148782023,0.008044362148782023,0.0
1.3025000000000002,0.006320570259757304,0.006320570259757304,0.0
1.307500000000001,0.005542083600197754,0.005542083600197754,0.0
1.3125,0.005597689790166293,0.005597689790166293,0.0
1.3175000000000008,0.007377087869159551,0.007377087869159551,0.0
1.3224999999999998,0.008637494841779777,0.008637494841779777,0.0
1.3275000000000006,0.009304769121402249,0.009304769121402249,0.0
1.3324999999999996,0.010472499110741574,0.010472499110741574,0.0
1.3375000000000004,0.013178667022543823,0.013178667022543823,0.0
1.3424999999999994,0.011769976876674158,0.011769976876674158,0.0
1.3475000000000001,0.008081432942094385,0.008081432942094385,0.0
1.352500000000001,0.008785778015029215,0.008785778015029215,0.0
1.3575,0.012863565279388768,0.012863565279388768,0.0
1.3625000000000007,0.01432786161522697,0.01432786161522697,0.0
1.3674999999999997,0.01568094557112809,0.01568094557112809,0.0
1.3725000000000005,0.011473410530175282,0.011473410530175282,0.0
1.3774999999999995,0.012418715759640453,0.012418715759640453,0.0
1.3825000000000003,0.01343816257573034,0.01343816257573034,0.0
1.387500000000001,0.01345669797238652,0.01345669797238652,0.0
1.3925,0.013030383849294383,0.013030383849294383,0.0
1.3975000000000009,0.012066543223173036,0.012066543223173036,0.0
1.4024999999999999,0.010991490217114609,0.010991490217114609,0.0
1.4075000000000006,0.010639317680647194,0.010639317680647194,0.0
1.4124999999999996,0.009323304518058429,0.009323304518058429,0.0
1.4175000000000004,0.009434516897995507,0.009434516897995507,0.0
1.4224999999999994,0.010824671647208989,0.010824671647208989,0.0
1.4275000000000002,0.01188118925661124,0.01188118925661124,0.0
1.432500000000001,0.012085078619829217,0.012085078619829217,0.0
1.4375,0.013123060832575284,0.013123060832575284,0.0
1.4425000000000008,0.011343662753582026,0.011343662753582026,0.0
1.4474999999999998,0.007840472785564047,0.007840472785564047,0.0
1.4525000000000006,0.008526282461842697,0.008526282461842697,0.0
1.4574999999999996,0.0039109686944539335,0.0039109686944539335,0.0
1.4625000000000004,0.0016496503024000006,0.0016496503024000006,0.0
1.4674999999999994,0.00029656634649887647,0.00029656634649887647,0.0
