omega,S,S_edge,S_cont
-1.7652971172660357,0,0,0
-1.7652967629908756,1440.995202452515,1440.995202452515,0.0
-1.7652956909825324,711.2793700784074,711.2793700784074,0.0
-1.7652938888855851,470.7910970451763,470.7910970451763,0.0
-1.7652913503970868,351.07635148928074,351.07635148928074,0.0
-1.7652880747040949,280.2578514048424,280.2578514048424,0.0
-1.7652840628404616,233.07760770195463,233.07760770195463,0.0
-1.765279315707924,199.66418423209362,199.66418423209362,0.0
-1.7652738341147876,174.54748728220403,174.54748728220403,0.0
-1.765267614055736,154.92013760140972,154.92013760140972,0.0
-1.7652606516901588,139.21464557539096,139.21464557539096,0.0
-1.765252945942434,126.40470296434967,126.40470296434967,0.0
-1.7652444940531988,115.67759047587434,115.67759047587434,0.0
-1.7652352931733322,106.62977643856335,106.62977643856335,0.0
-1.7652253436143936,98.89972284688717,98.89972284688717,0.0
-1.76521464157562,92.14701438764584,92.14701438764584,0.0
-1.765203183455764,86.26426115775769,86.26426115775769,0.0
-1.7651909688336902,81.07615397909268,81.07615397909268,0.0
-1.7651779934337208,76.43786833164015,76.43786833164015,0.0
-1.7651642517943786,72.28036679777027,72.28036679777027,0.0
-1.765149740772455,68.54192575733445,68.54192575733445,0.0
-1.7651344580767598,65.16104107255514,65.16104107255514,0.0
-1.7651183969023732,62.055843162721786,62.055843162721786,0.0
-1.765101552891593,59.24157693025161,59.24157693025161,0.0
-1.765083923214327,56.64597448393577,56.64597448393577,0.0
-1.7650654989003032,54.23994990822886,54.23994990822886,0.0
-1.7650462726643825,52.01740713735092,52.01740713735092,0.0
-1.7650262378541834,49.94891522973852,49.94891522973852,0.0
-1.765005391489927,48.04451537866967,48.04451537866967,0.0
-1.7649837296640083,46.25816408237457,46.25816408237457,0.0
-1.764961240790702,44.575048116959316,44.575048116959316,0.0
-1.764937918685614,43.01081725200599,43.01081725200599,0.0
-1.7649137580820011,41.53418690755474,41.53418690755474,0.0
-1.7648887472136607,40.13567590071099,40.13567590071099,0.0
-1.7648628782908413,38.823892823984835,38.823892823984835,0.0
-1.7648361422008074,37.57403621698791,37.57403621698791,0.0
-1.764808527514646,36.39228017663091,36.39228017663091,0.0
-1.7647800242031568,35.26741178545607,35.26741178545607,0.0
-1.7647506235761077,34.20435420682257,34.20435420682257,0.0
-1.76472031945229,33.195477960321675,33.195477960321675,0.0
-1.764689099967006,32.227831244517795,32.227831244517795,0.0
-1.7646569540463135,31.309375674975872,31.309375674975872,0.0
-1.764623866854631,30.42022065549118,30.42022065549118,0.0
-1.7645898216033111,29.57180851871399,29.57180851871399,0.0
-1.7645548091932493,28.76260044952344,28.76260044952344,0.0
-1.7645188152190703,27.98086605576724,27.98086605576724,0.0
-1.7644818256729051,27.23494943962511,27.23494943962511,0.0
-1.7644438244725282,26.510876994020965,26.510876994020965,0.0
-1.7644047890495216,25.810851979462882,25.810851979462882,0.0
-1.7643646998025737,25.13533577586321,25.13533577586321,0.0
-1.7643235455689132,24.492082160923943,24.492082160923943,0.0
-1.764281310925016,23.865796679061177,23.865796679061177,0.0
-1.7642379701199502,23.257813338367544,23.257813338367544,0.0
-1.7641935002075655,22.669209626126236,22.669209626126236,0.0
-1.7641478786780254,22.098409368862104,22.098409368862104,0.0
-1.7641010828062185,21.54567137093133,21.54567137093133,0.0
-1.7640530893024424,21.009249346148415,21.009249346148415,0.0
-1.764003871667307,20.48722709511379,20.48722709511379,0.0
-1.7639534032273372,19.980739606633914,19.980739606633914,0.0
-1.763901657883976,19.488566575692918,19.488566575692918,0.0
-1.7638486108914049,19.012163351171857,19.012163351171857,0.0
-1.7637942290877522,18.543653691868432,18.543653691868432,0.0
-1.7637384719050957,18.085785698532057,18.085785698532057,0.0
-1.7636812992478845,17.636846269654175,17.636846269654175,0.0
-1.7636226751296442,17.201280673462275,17.201280673462275,0.0
-1.763562566163949,16.776259498921068,16.776259498921068,0.0
-1.763500932203788,16.360611092733585,16.360611092733585,0.0
-1.7634377289317116,15.953528389824875,15.953528389824875,0.0
-1.7633729077313274,15.554117481068786,15.554117481068786,0.0
-1.7633064173383663,15.162606110406575,15.162606110406575,0.0
-1.7632382016397967,14.777326728634309,14.777326728634309,0.0
-1.763168200546314,14.39905368814901,14.39905368814901,0.0
-1.7630963525223113,14.027397468992852,14.027397468992852,0.0
-1.7630225950764102,13.663210343235106,13.663210343235106,0.0
-1.7629468579597232,13.303728085970878,13.303728085970878,0.0
-1.762869061683159,12.949545801052334,12.949545801052334,0.0
-1.7627891284491202,12.601943952134164,12.601943952134164,0.0
-1.762706974899383,12.259107491449898,12.259107491449898,0.0
-1.7626225062372867,11.92069187158979,11.92069187158979,0.0
-1.7625356059578836,11.582770278033932,11.582770278033932,0.0
-1.7624461510717384,11.249632984323219,11.249632984323219,0.0
-1.762354030183754,10.922112868833768,10.922112868833768,0.0
-1.762259119417124,10.598082990995085,10.598082990995085,0.0
-1.7621612686465524,10.275766151814363,10.275766151814363,0.0
-1.762060315489654,9.956813847087234,9.956813847087234,0.0
-1.761956078636496,9.63868915080584,9.63868915080584,0.0
-1.7618483754941545,9.326304495606031,9.326304495606031,0.0
-1.7617369789574546,9.010366286090477,9.010366286090477,0.0
-1.7616216184216682,8.69652887883712,8.69652887883712,0.0
-1.7615020388229614,8.385905496022245,8.385905496022245,0.0
-1.7613779236657259,8.072797571258564,8.072797571258564,0.0
-1.7612488986584096,7.76004279032518,7.76004279032518,0.0
-1.7611145702873054,7.448169105913125,7.448169105913125,0.0
-1.760974485455628,7.135660480087263,7.135660480087263,0.0
-1.7608280983432523,6.820990179861525,6.820990179861525,0.0
-1.7606747687762119,6.504476005112136,6.504476005112136,0.0
-1.760513788936662,6.188430363128189,6.188430363128189,0.0
-1.760344279653823,5.86689141201762,5.86689141201762,0.0
-1.7601651820840734,5.544045836284539,5.544045836284539,0.0
-1.7599752356899492,5.216510779633631,5.216510779633631,0.0
-1.7597727846230173,4.881186593156185,4.881186593156185,0.0
-1.7595558295055933,4.543183172687141,4.543183172687141,0.0
-1.759321698359133,4.192641120784788,4.192641120784788,0.0
-1.759066840103229,3.8356666228475826,3.8356666228475826,0.0
-1.7587864282059256,3.4653831265146917,3.4653831265146917,0.0
-1.7584734709791352,3.0820283894269425,3.0820283894269425,0.0
-1.7581172060190313,2.678086945666175,2.678086945666175,0.0
-1.7577001685945142,2.25476817097676,2.25476817097676,0.0
-1.7571901698209675,1.8001918224083615,1.8001918224083615,0.0
-1.7565133986084378,1.2983919721566237,1.2983919721566237,0.0
-1.7554264763863865,0.7358825598450315,0.7358825598450315,0.0
-1.7491336913505635,0.09117778307285393,0.09117778307285393,0.0
-1.7333116340183001,0.04993723489841187,0.04993723489841187,0.0
-1.712730929184711,0.04928787432641509,0.04928787432641509,0.0
-1.6919794504172012,0.049116746531995714,0.049116746531995714,0.0
-1.6711772495245905,0.04904768549477482,0.04904768549477482,0.0
-1.6503530868763703,0.04901318312806388,0.04901318312806388,0.0
-1.6295173758141472,0.04899332610794779,0.04899332610794779,0.0
-1.608674769303166,0.048980756805617774,0.048980756805617774,0.0
-1.5878276756834664,0.04897223738775883,0.04897223738775883,0.0
-1.5669774665227827,0.048966119827863246,0.048966119827863246,0.0
-1.5461249862411173,0.048961570387233526,0.048961570387233526,0.0
-1.5252707921066628,0.04895807178513716,0.04895807178513716,0.0
-1.5044152750570245,0.048955359060968574,0.048955359060968574,0.0
-1.4835587146936748,0.0489531738070749,0.0489531738070749,0.0
-1.4627013070779893,0.04895138188566975,0.04895138188566975,0.0
-1.4418432038499234,0.048949908704683645,0.048949908704683645,0.0
-1.420984522580559,0.04894866881271932,0.04894866881271932,0.0
-1.4001253520629198,0.04894761250599431,0.04894761250599431,0.0
-1.3792657651117641,0.048946714442355224,0.048946714442355224,0.0
-1.3584058204679028,0.048945933876002844,0.048945933876002844,0.0
-1.3375455656378406,0.04894525880427033,0.04894525880427033,0.0
-1.3166850404674406,0.048944665261721136,0.048944665261721136,0.0
-1.295824276530086,0.04894413838053974,0.04894413838053974,0.0
-1.2749633003514,0.0489436693321875,0.0489436693321875,0.0
-1.2541021344705658,0.048943248231992524,0.048943248231992524,0.0
-1.2332407981437576,0.04894286955416821,0.04894286955416821,0.0
-1.212379308099648,0.04894252696062547,0.04894252696062547,0.0
-1.191517678712362,0.04894221573820105,0.04894221573820105,0.0
-1.1706559227508513,0.048941933065792614,0.048941933065792614,0.0
-1.1497940512525675,0.048941673638161244,0.048941673638161244,0.0
-1.1289320733295263,0.048941433724781165,0.048941433724781165,0.0
-1.1080699970784544,0.04894121229122296,0.04894121229122296,0.0
-1.087207830265357,0.048941008819141894,0.048941008819141894,0.0
-1.0663455800022636,0.04894082075760968,0.04894082075760968,0.0
-1.0454832520304147,0.048940644225311684,0.048940644225311684,0.0
-1.0246208517869184,0.0489404816760248,0.0489404816760248,0.0
-1.0037583846112572,0.048940330197428106,0.048940330197428106,0.0
-0.9828958548864548,0.04894018821394801,0.04894018821394801,0.0
-0.9620332663592379,0.048940054315492684,0.048940054315492684,0.0
-0.9411706225107603,0.04893992866588169,0.04893992866588169,0.0
-0.9203079266953216,0.048939810505886604,0.048939810505886604,0.0
-0.8994451819483661,0.048939699098559684,0.048939699098559684,0.0
-0.8785823910827901,0.048939594136548636,0.048939594136548636,0.0
-0.8577195566897677,0.04893949488680848,0.04893949488680848,0.0
-0.8368566811829345,0.048939401249303946,0.048939401249303946,0.0
-0.8159937666253956,0.04893931167941799,0.04893931167941799,0.0
-0.7951308149786176,0.04893922724481839,0.04893922724481839,0.0
-0.774267828301128,0.04893914733310044,0.04893914733310044,0.0
-0.7534048082257506,0.04893907055939854,0.04893907055939854,0.0
-0.7325417561494556,0.048938997202003,0.048938997202003,0.0
-0.7116786735204363,0.048938927222875336,0.048938927222875336,0.0
-0.6908155616937215,0.04893886022292011,0.04893886022292011,0.0
-0.6699524220673927,0.04893879680315624,0.04893879680315624,0.0
-0.6490892557879768,0.04893873518237149,0.04893873518237149,0.0
-0.6282260639592654,0.04893867694124365,0.04893867694124365,0.0
-0.607362847634296,0.0489386202609549,0.0489386202609549,0.0
-0.5864996077461866,0.04893856639769693,0.04893856639769693,0.0
-0.5656363453521615,0.04893851467747916,0.04893851467747916,0.0
-0.5447730613423698,0.04893846499045087,0.04893846499045087,0.0
-0.5239097564052035,0.048938416499925294,0.048938416499925294,0.0
-0.5030464312360683,0.04893837007547175,0.04893837007547175,0.0
-0.4821830866500971,0.048938325409183414,0.048938325409183414,0.0
-0.46131972330256954,0.04893828205902173,0.04893828205902173,0.0
-0.44045634176119886,0.0489382400562096,0.0489382400562096,0.0
-0.4195929426131402,0.04893819946071659,0.04893819946071659,0.0
-0.3987295264718185,0.04893816033579882,0.04893816033579882,0.0
-0.3778660939395278,0.048938122565967766,0.048938122565967766,0.0
-0.3570026455750198,0.04893808606242986,0.04893808606242986,0.0
-0.3361391818864309,0.04893805067651613,0.04893805067651613,0.0
-0.3152757033464885,0.048938016390773394,0.048938016390773394,0.0
-0.2944122103496766,0.04893798285558359,0.04893798285558359,0.0
-0.27354870329774295,0.04893795045463457,0.04893795045463457,0.0
-0.25268518256936423,0.048937918695998756,0.048937918695998756,0.0
-0.231821648548231,0.04893788809511667,0.04893788809511667,0.0
-0.21095810168585846,0.04893785845472342,0.04893785845472342,0.0
-0.1900945423251389,0.04893782946250132,0.04893782946250132,0.0
-0.1692309708024745,0.04893780140031508,0.04893780140031508,0.0
-0.1483673874930057,0.048937774168024334,0.048937774168024334,0.0
-0.1275037927025902,0.048937747540743745,0.048937747540743745,0.0
-0.1066401867280953,0.048937721701177606,0.048937721701177606,0.0
-0.08577656979964624,0.048937696153517306,0.048937696153517306,0.0
-0.06491294216676463,0.04893767148455978,0.04893767148455978,0.0
-0.04404930418006351,0.0489376475817437,0.0489376475817437,0.0
-0.02318565606954067,0.04893762399179735,0.04893762399179735,0.0
-0.0023219980459367323,0.0489376010776498,0.0489376010776498,0.0
0.01854166964679821,0.0489375786321611,0.0489375786321611,0.0
0.03940534678408208,0.04893755677160906,0.04893755677160906,0.0
0.06026903319679837,0.04893753511951488,0.04893753511951488,0.0
0.08113272867114957,0.04893751426196071,0.04893751426196071,0.0
0.09156457863139256,0,0,0
