omega,S,S_edge,S_cont,Sr,Sr_edge,Sr_cont
-0.09750000000000014,0.0,0.0,0.0
-0.09249999999999936,2.7331856086218234,2.7331856086218234,0.0
-0.08750000000000036,6.832964021557933,6.832964021557933,0.0
-0.08249999999999957,5.466371217246172,5.466371217246172,0.0
-0.07750000000000057,6.832964021558145,6.832964021558145,0.0
-0.07249999999999979,5.58545611421412,5.58545611421412,0.0
-0.067499999999999,6.713879124590089,6.713879124590089,0.0
-0.0625,6.650551214038179,6.650551214038179,0.0
-0.05749999999999922,5.648784024765647,5.648784024765647,0.0
-0.05250000000000021,6.832964021557683,6.832964021557683,0.0
-0.04749999999999943,6.052284216166679,6.052284216166679,0.0
-0.042500000000000426,6.2470510226371605,6.2470510226371605,0.0
-0.037499999999999645,6.553878439061192,6.553878439061192,0.0
-0.03250000000000064,6.0230391301544195,6.0230391301544195,0.0
-0.027499999999999858,6.555381691145942,6.555381691145942,0.0
-0.022499999999999076,6.189134819590452,6.189134819590452,0.0
-0.01750000000000007,6.205424605817849,6.205424605817849,0.0
-0.01249999999999929,6.422466874998611,6.422466874998611,0.0
-0.007500000000000284,6.26041630026335,6.26041630026335,0.0
-0.0024999999999995026,6.315599317701455,6.315599317701455,0.0
0.0024999999999995026,6.296002376887627,6.296002376887627,0.0
0.007500000000000284,6.348725527277966,6.348725527277966,0.0
0.012500000000001066,6.189954775273053,6.189954775273053,0.0
0.01750000000000007,6.391281227204227,6.391281227204227,0.0
0.022500000000000853,6.301496079960958,6.301496079960958,0.0
0.027499999999999858,6.234232382132747,6.234232382132747,0.0
0.03250000000000064,6.444250364299342,6.444250364299342,0.0
0.037499999999999645,6.135564381661455,6.135564381661455,0.0
0.042500000000000426,6.388821360156466,6.388821360156466,0.0
0.04749999999999943,6.315571985845369,6.315571985845369,0.0
0.05250000000000021,6.18243851484934,6.18243851484934,0.0
0.057500000000000995,6.484318865321757,6.484318865321757,0.0
0.0625,6.183832439509738,6.183832439509738,0.0
0.06750000000000078,6.309504313794226,6.309504313794226,0.0
0.07249999999999979,6.33123313938278,6.33123313938278,0.0
0.07750000000000057,6.269545140196158,6.269545140196158,0.0
0.08249999999999957,6.337820116699561,6.337820116699561,0.0
0.08750000000000036,6.280587210054994,6.280587210054994,0.0
0.09249999999999936,6.328609281198501,6.328609281198501,0.0
0.09750000000000014,6.257929101359509,6.257929101359509,0.0
0.10250000000000092,6.339296036928217,6.339296036928217,0.0
0.10749999999999993,6.249893535670156,6.249893535670156,0.0
0.11250000000000071,6.32101102520653,6.32101102520653,0.0
0.11749999999999972,6.3746087949916275,6.3746087949916275,0.0
0.1225000000000005,4.53364429644747,4.53364429644747,0.0
0.1274999999999995,0.0,0.0,0.0
0.13250000000000028,0.0,0.0,0.0
0.13750000000000107,0.0,0.0,0.0
0.14250000000000007,0.0,0.0,0.0
0.14750000000000085,0.0,0.0,0.0
0.15249999999999986,0.0,0.0,0.0
0.15750000000000064,0.0,0.0,0.0
0.16249999999999964,0.0,0.0,0.0
0.16750000000000043,0.0,0.0,0.0
0.17249999999999943,0.0,0.0,0.0
0.1775000000000002,0.0,0.0,0.0
0.182500000000001,0.0,0.0,0.0
0.1875,0.0,0.0,0.0
0.19250000000000078,0.0,0.0,0.0
0.1974999999999998,0.0,0.0,0.0
0.20250000000000057,0.0,0.0,0.0
0.20749999999999957,0.0,0.0,0.0
0.21250000000000036,0.0,0.0,0.0
0.21749999999999936,0.0,0.0,0.0
0.22250000000000014,0.0,0.0,0.0
0.22750000000000092,0.0,0.0,0.0
0.23249999999999993,0.0,0.0,0.0
0.2375000000000007,0.0,0.0,0.0
0.24249999999999972,0.0,0.0,0.0
0.2475000000000005,0.0,0.0,0.0
0.2524999999999995,0.0,0.0,0.0
0.2575000000000003,0.0,0.0,0.0
0.26250000000000107,0.0,0.0,0.0
0.26750000000000007,0.0,0.0,0.0
0.27250000000000085,0.0,0.0,0.0
0.27749999999999986,0.0,0.0,0.0
0.28250000000000064,0.0,0.0,0.0
0.28749999999999964,0.0,0.0,0.0
0.2925000000000004,0.0,0.0,0.0
0.29749999999999943,0.0,0.0,0.0
0.3025000000000002,0.0,0.0,0.0
0.307500000000001,0.0,0.0,0.0
0.3125,0.0,0.0,0.0
0.3175000000000008,0.0,0.0,0.0
0.3224999999999998,0.0,0.0,0.0
0.32750000000000057,0.0,0.0,0.0
0.3324999999999996,0.0,0.0,0.0
0.33750000000000036,0.0,0.0,0.0
0.34249999999999936,0.0,0.0,0.0
0.34750000000000014,0.0,0.0,0.0
0.3525000000000009,0.0,0.0,0.0
0.35749999999999993,0.0,0.0,0.0
0.3625000000000007,0.0,0.0,0.0
0.3674999999999997,0.0,0.0,0.0
0.3725000000000005,0.0,0.0,0.0
0.3774999999999995,0.0,0.0,0.0
0.3825000000000003,0.0,0.0,0.0
0.38750000000000107,0.0,0.0,0.0
0.39250000000000007,0.0,0.0,0.0
0.39750000000000085,0.0,0.0,0.0
0.40249999999999986,0.0,0.0,0.0
0.40750000000000064,0.0,0.0,0.0
0.41249999999999964,0.0,0.0,0.0
0.4175000000000004,0.0,0.0,0.0
0.42249999999999943,0.0,0.0,0.0
0.4275000000000002,0.0,0.0,0.0
0.432500000000001,0.0,0.0,0.0
0.4375,0.0,0.0,0.0
0.4425000000000008,0.0,0.0,0.0
0.4474999999999998,0.0,0.0,0.0
0.45250000000000057,0.0,0.0,0.0
0.4574999999999996,0.0,0.0,0.0
0.46250000000000036,0.0,0.0,0.0
0.46749999999999936,0.0,0.0,0.0
0.47250000000000014,0.0,0.0,0.0
0.4775000000000009,0.0,0.0,0.0
0.48249999999999993,0.0,0.0,0.0
0.4875000000000007,0.0,0.0,0.0
0.4924999999999997,0.0,0.0,0.0
0.4975000000000005,0.0,0.0,0.0
0.5024999999999995,0.0,0.0,0.0
0.5075000000000003,0.0,0.0,0.0
0.5125000000000011,0.0,0.0,0.0
0.5175000000000001,0.0,0.0,0.0
0.5225000000000009,0.0,0.0,0.0
0.5274999999999999,0.0,0.0,0.0
0.5325000000000006,0.0,0.0,0.0
0.5374999999999996,0.0,0.0,0.0
0.5425000000000004,0.0,0.0,0.0
0.5474999999999994,0.0,0.0,0.0
0.5525000000000002,0.0,0.0,0.0
0.557500000000001,0.0,0.0,0.0
0.5625,0.0,0.0,0.0
0.5675000000000008,0.0,0.0,0.0
0.5724999999999998,0.0,0.0,0.0
0.5775000000000006,0.0,0.0,0.0
0.5824999999999996,0.0,0.0,0.0
0.5875000000000004,0.0,0.0,0.0
0.5924999999999994,0.0,0.0,0.0
0.5975000000000001,0.0,0.0,0.0
0.6025000000000009,0.0,0.0,0.0
0.6074999999999999,0.0,0.0,0.0
0.6125000000000007,0.0,0.0,0.0
0.6174999999999997,0.0,0.0,0.0
0.6225000000000005,0.0,0.0,0.0
0.6274999999999995,0.0,0.0,0.0
0.6325000000000003,0.0,0.0,0.0
0.6375000000000011,0.0,0.0,0.0
0.6425000000000001,0.0,0.0,0.0
0.6475000000000009,0.0,0.0,0.0
0.6524999999999999,0.0,0.0,0.0
0.6575000000000006,0.0,0.0,0.0
0.6624999999999996,0.0,0.0,0.0
0.6675000000000004,0.0,0.0,0.0
0.6724999999999994,0.0,0.0,0.0
0.6775000000000002,0.0,0.0,0.0
0.682500000000001,0.0,0.0,0.0
0.6875,0.0,0.0,0.0
0.6925000000000008,0.0,0.0,0.0
0.6974999999999998,0.0,0.0,0.0
0.7025000000000006,0.0,0.0,0.0
0.7074999999999996,0.0,0.0,0.0
0.7125000000000004,0.0,0.0,0.0
0.7174999999999994,0.0,0.0,0.0
0.7225000000000001,0.0,0.0,0.0
0.7275000000000009,0.0,0.0,0.0
0.7324999999999999,0.0,0.0,0.0
0.7375000000000007,0.0,0.0,0.0
0.7424999999999997,0.0,0.0,0.0
0.7475000000000005,0.0,0.0,0.0
0.7524999999999995,0.0,0.0,0.0
0.7575000000000003,0.0,0.0,0.0
0.7625000000000011,0.0,0.0,0.0
0.7675000000000001,0.0,0.0,0.0
0.7725000000000009,0.0,0.0,0.0
0.7774999999999999,0.0,0.0,0.0
0.7825000000000006,0.0,0.0,0.0
0.7874999999999996,0.0,0.0,0.0
0.7925000000000004,0.0,0.0,0.0
0.7974999999999994,0.0,0.0,0.0
0.8025000000000002,0.0,0.0,0.0
0.807500000000001,0.0,0.0,0.0
0.8125,0.0,0.0,0.0
0.8175000000000008,0.0,0.0,0.0
0.8224999999999998,0.0,0.0,0.0
0.8275000000000006,0.0,0.0,0.0
0.8324999999999996,0.0,0.0,0.0
0.8375000000000004,0.0,0.0,0.0
0.8424999999999994,0.0,0.0,0.0
0.8475000000000001,0.0,0.0,0.0
0.8525000000000009,0.0,0.0,0.0
0.8574999999999999,0.0,0.0,0.0
0.8625000000000007,0.0,0.0,0.0
0.8674999999999997,0.0,0.0,0.0
0.8725000000000005,0.0,0.0,0.0
0.8774999999999995,0.0,0.0,0.0
0.8825000000000003,0.0,0.0,0.0
0.8875000000000011,0.0,0.0,0.0
0.8925000000000001,0.0,0.0,0.0
0.8975000000000009,0.0,0.0,0.0
0.9024999999999999,0.0,0.0,0.0
0.9075000000000006,0.0,0.0,0.0
0.9124999999999996,0.0,0.0,0.0
0.9175000000000004,0.0,0.0,0.0
0.9224999999999994,0.0,0.0,0.0
0.9275000000000002,0.0,0.0,0.0
0.932500000000001,0.0,0.0,0.0
0.9375,0.0,0.0,0.0
0.9425000000000008,0.0,0.0,0.0
0.9474999999999998,0.0,0.0,0.0
0.9525000000000006,0.0,0.0,0.0
0.9574999999999996,0.0,0.0,0.0
0.9625000000000004,0.0,0.0,0.0
0.9674999999999994,0.0,0.0,0.0
0.9725000000000001,0.0,0.0,0.0
0.9775000000000009,0.0,0.0,0.0
0.9824999999999999,0.0,0.0,0.0
0.9875000000000007,0.0,0.0,0.0
0.9924999999999997,0.0,0.0,0.0
0.9975000000000005,0.0,0.0,0.0
1.0024999999999995,0.0,0.0,0.0
1.0075000000000003,0.0,0.0,0.0
1.012500000000001,0.0,0.0,0.0
1.0175,0.0,0.0,0.0
1.0225000000000009,0.0,0.0,0.0
1.0274999999999999,0.0,0.0,0.0
1.0325000000000006,0.0,0.0,0.0
1.0374999999999996,0.0,0.0,0.0
1.0425000000000004,0.0,0.0,0.0
1.0474999999999994,0.0,0.0,0.0
1.0525000000000002,0.0,0.0,0.0
1.057500000000001,0.0,0.0,0.0
1.0625,0.0,0.0,0.0
1.0675000000000008,0.0,0.0,0.0
1.0724999999999998,0.0,0.0,0.0
1.0775000000000006,0.0,0.0,0.0
1.0824999999999996,0.06483116263654042,0.06483116263654042,0.0
1.0875000000000004,0.06357389725657377,0.06357389725657377,0.0
1.0924999999999994,0.06608842801650704,0.06608842801650704,0.0
1.0975000000000001,0.06319125127136653,0.06319125127136653,0.0
1.102500000000001,0.06127802134533036,0.06127802134533036,0.0
1.1075,0.058490172024534784,0.058490172024534784,0.0
1.1125000000000007,0.06649840585780051,0.06649840585780051,0.0
1.1174999999999997,0.06365589282483246,0.06365589282483246,0.0
1.1225000000000005,0.06939558260294103,0.06939558260294103,0.0
1.1274999999999995,0.06748235267690483,0.06748235267690483,0.0
1.1325000000000003,0.06529580419000634,0.06529580419000634,0.0
1.137500000000001,0.0645578440756781,0.0645578440756781,0.0
1.1425,0.06239862744486583,0.06239862744486583,0.0
1.1475000000000009,0.0655144590386962,0.0655144590386962,0.0
1.1524999999999999,0.06269927786181437,0.06269927786181437,0.0
1.1575000000000006,0.0624532911570383,0.0624532911570383,0.0
1.1624999999999996,0.06627975100911067,0.06627975100911067,0.0
1.1675000000000004,0.06712703854778383,0.06712703854778383,0.0
1.1724999999999994,0.06756434824516351,0.06756434824516351,0.0
1.1775000000000002,0.06966890116380334,0.06966890116380334,0.0
1.182500000000001,0.06854829506426785,0.06854829506426785,0.0
