omega,S,S_edge,S_cont,Sr,Sr_edge,Sr_cont
-1.6075,0.0,0.0,0.0
-1.6024999999999991,0.00035185837720205657,0.00035185837720205657,0.0
-1.5975000000000001,0.004494990768756272,0.004494990768756272,0.0
-1.5924999999999994,0.05135153103778267,0.05135153103778267,0.0
-1.5875000000000004,0.24994039913062233,0.24994039913062233,0.0
-1.5824999999999996,0.5520196124180121,0.5520196124180121,0.0
-1.5775000000000006,0.6862293930571612,0.6862293930571612,0.0
-1.5724999999999998,0.5332259768457076,0.5332259768457076,0.0
-1.567499999999999,0.41167869955611724,0.41167869955611724,0.0
-1.5625,0.35579259368214433,0.35579259368214433,0.0
-1.5574999999999992,0.3199932029166933,0.3199932029166933,0.0
-1.5525000000000002,0.29421078032721315,0.29421078032721315,0.0
-1.5474999999999994,0.2735325033220203,0.2735325033220203,0.0
-1.5425000000000004,0.25770987192221567,0.25770987192221567,0.0
-1.5374999999999996,0.24444481110169838,0.24444481110169838,0.0
-1.5325000000000006,0.23267734749914726,0.23267734749914726,0.0
-1.5274999999999999,0.22291107841693286,0.22291107841693286,0.0
-1.522499999999999,0.21381773848111732,0.21381773848111732,0.0
-1.5175,0.20626377894556067,0.20626377894556067,0.0
-1.5124999999999993,0.1996620361433071,0.1996620361433071,0.0
-1.5075000000000003,0.19257868718725824,0.19257868718725824,0.0
-1.5024999999999995,0.18763507698756934,0.18763507698756934,0.0
-1.4975000000000005,0.1820845110872069,0.1820845110872069,0.0
-1.4924999999999997,0.17682862657775114,0.17682862657775114,0.0
-1.4875000000000007,0.17263491454447413,0.17263491454447413,0.0
-1.4825,0.16844340162605465,0.16844340162605465,0.0
-1.4774999999999991,0.1644278178962362,0.1644278178962362,0.0
-1.4725000000000001,0.1606211500778814,0.1606211500778814,0.0
-1.4674999999999994,0.15707397781271318,0.15707397781271318,0.0
-1.4625000000000004,0.1543206860111071,0.1543206860111071,0.0
-1.4574999999999996,0.15059758455733785,0.15059758455733785,0.0
-1.4525000000000006,0.14776512462086128,0.14776512462086128,0.0
-1.4474999999999998,0.1450470186569754,0.1450470186569754,0.0
-1.442499999999999,0.14193747024845219,0.14193747024845219,0.0
-1.4375,0.14033211640246782,0.14033211640246782,0.0
-1.4324999999999992,0.13725775383166483,0.13725775383166483,0.0
-1.4275000000000002,0.13463640892150952,0.13463640892150952,0.0
-1.4224999999999994,0.13270558607661326,0.13270558607661326,0.0
-1.4175000000000004,0.1307637676574294,0.1307637676574294,0.0
-1.4124999999999996,0.12858884306334917,0.12858884306334917,0.0
-1.4075000000000006,0.12598948930176895,0.12598948930176895,0.0
-1.4024999999999999,0.12431816201005923,0.12431816201005923,0.0
-1.397499999999999,0.12280297187323283,0.12280297187323283,0.0
-1.3925,0.12083916230547385,0.12083916230547385,0.0
-1.3874999999999993,0.11937455181037031,0.11937455181037031,0.0
-1.3825000000000003,0.11738435286432115,0.11738435286432115,0.0
-1.3774999999999995,0.11553709638401036,0.11553709638401036,0.0
-1.3725000000000005,0.11392294607859593,0.11392294607859593,0.0
-1.3674999999999997,0.11223402586802604,0.11223402586802604,0.0
-1.362499999999999,0.11108168968268932,0.11108168968268932,0.0
-1.3575,0.10959288892415313,0.10959288892415313,0.0
-1.3524999999999991,0.10796774304445114,0.10796774304445114,0.0
-1.3475000000000001,0.1065405175019253,0.1065405175019253,0.0
-1.3424999999999994,0.10493956188565594,0.10493956188565594,0.0
-1.3375000000000004,0.10379602215974926,0.10379602215974926,0.0
-1.3324999999999996,0.10258870810297466,0.10258870810297466,0.0
-1.3275000000000006,0.10145176572164054,0.10145176572164054,0.0
-1.3224999999999998,0.10015428795570795,0.10015428795570795,0.0
-1.317499999999999,0.0988436155006303,0.0988436155006303,0.0
-1.3125,0.09770227488958114,0.09770227488958114,0.0
-1.3074999999999992,0.09642678827222366,0.09642678827222366,0.0
-1.3025000000000002,0.09537121314061749,0.09537121314061749,0.0
-1.2974999999999994,0.09413091236098024,0.09413091236098024,0.0
-1.2925000000000004,0.09320728412082485,0.09320728412082485,0.0
-1.2874999999999996,0.0918152444160192,0.0918152444160192,0.0
-1.2825000000000006,0.09073987725069542,0.09073987725069542,0.0
-1.2774999999999999,0.0902076914551773,0.0902076914551773,0.0
-1.272499999999999,0.08874747918978877,0.08874747918978877,0.0
-1.2675,0.08806355446910227,0.08806355446910227,0.0
-1.2624999999999993,0.08708274924265155,0.08708274924265155,0.0
-1.2575000000000003,0.08534105027550136,0.08534105027550136,0.0
-1.2524999999999995,0.08514752816804022,0.08514752816804022,0.0
-1.2475000000000005,0.08415572736730191,0.08415572736730191,0.0
-1.2424999999999997,0.0831903159448538,0.0831903159448538,0.0
-1.237499999999999,0.08215013461725021,0.08215013461725021,0.0
-1.2325,0.08116273204622693,0.08116273204622693,0.0
-1.2274999999999991,0.0806283471358513,0.0806283471358513,0.0
-1.2225000000000001,0.07966293571340317,0.07966293571340317,0.0
-1.2174999999999994,0.0788822499389861,0.0788822499389861,0.0
-1.2125000000000004,0.07770792260507423,0.07770792260507423,0.0
-1.2074999999999996,0.0767798961352038,0.0767798961352038,0.0
-1.2025000000000006,0.07688325453350693,0.07688325453350693,0.0
-1.1974999999999998,0.07513495822178419,0.07513495822178419,0.0
-1.192499999999999,0.07429269723135677,0.07429269723135677,0.0
-1.1875,0.07466214852741894,0.07466214852741894,0.0
-1.1824999999999992,0.07268294515565736,0.07268294515565736,0.0
-1.1775000000000002,0.07203640538754857,0.07203640538754857,0.0
-1.1724999999999994,0.07247842747390867,0.07247842747390867,0.0
-1.1675000000000004,0.07039146747412897,0.07039146747412897,0.0
-1.1624999999999996,0.0701715559883777,0.0701715559883777,0.0
-1.1575000000000006,0.06990546309061862,0.06990546309061862,0.0
-1.1524999999999999,0.06838367560921972,0.06838367560921972,0.0
-1.147499999999999,0.06830010924463424,0.06830010924463424,0.0
-1.1425,0.0674864367473545,0.0674864367473545,0.0
-1.1374999999999993,0.0661735651774193,0.0661735651774193,0.0
-1.1325000000000003,0.06661338814892188,0.06661338814892188,0.0
-1.1274999999999995,0.06490467590463439,0.06490467590463439,0.0
-1.1225000000000005,0.06485629537776912,0.06485629537776912,0.0
-1.1174999999999997,0.06427352994052819,0.06427352994052819,0.0
-1.112499999999999,0.06322015392377955,0.06322015392377955,0.0
-1.1075,0.06311459641061894,0.06311459641061894,0.0
-1.1024999999999991,0.06201283986700498,0.06201283986700498,0.0
-1.0975000000000001,0.06168737086809307,0.06168737086809307,0.0
-1.0924999999999994,0.060473459466746,0.060473459466746,0.0
-1.0875000000000004,0.060702167411927334,0.060702167411927334,0.0
-1.0824999999999996,0.05909681356594294,0.05909681356594294,0.0
-1.0775000000000006,0.05968397723289888,0.05968397723289888,0.0
-1.0724999999999998,0.058058831353196866,0.058058831353196866,0.0
-1.067499999999999,0.058632800331007734,0.058632800331007734,0.0
-1.0625,0.05693288454615029,0.05693288454615029,0.0
-1.0574999999999992,0.05717698629533421,0.05717698629533421,0.0
-1.0525000000000002,0.05578934482024363,0.05578934482024363,0.0
-1.0474999999999994,0.05617418992030836,0.05617418992030836,0.0
-1.0425000000000004,0.054496265284026055,0.054496265284026055,0.0
-1.0374999999999996,0.05527915017330063,0.05527915017330063,0.0
-1.0325000000000006,0.053504464483287745,0.053504464483287745,0.0
-1.0274999999999999,0.05417739362968668,0.05417739362968668,0.0
-1.022499999999999,0.05245988492596913,0.05245988492596913,0.0
-1.0175,0.052930495505476904,0.052930495505476904,0.0
-1.0124999999999993,0.05194749116416864,0.05194749116416864,0.0
-1.0075000000000003,0.051305349625774904,0.051305349625774904,0.0
-1.0024999999999995,0.051263566443482136,0.051263566443482136,0.0
-0.9975000000000005,0.049807752407808645,0.049807752407808645,0.0
-0.9924999999999997,0.050927101870282675,0.050927101870282675,0.0
-0.9874999999999989,0.04867300914133201,0.04867300914133201,0.0
-0.9824999999999999,0.04957024800319726,0.04957024800319726,0.0
-0.9774999999999991,0.04831455341955741,0.04831455341955741,0.0
-0.9725000000000001,0.048224389710399385,0.048224389710399385,0.0
-0.9674999999999994,0.047722991522886456,0.047722991522886456,0.0
-0.9625000000000004,0.046847743809596346,0.046847743809596346,0.0
-0.9574999999999996,0.04701047830905229,0.04701047830905229,0.0
-0.9525000000000006,0.04589112884657825,0.04589112884657825,0.0
-0.9474999999999998,0.04644310667581398,0.04644310667581398,0.0
-0.942499999999999,0.04487953601212234,0.04487953601212234,0.0
-0.9375,0.04540512446306791,0.04540512446306791,0.0
-0.9324999999999992,0.04407246085941512,0.04407246085941512,0.0
-0.9275000000000002,0.04393391662339181,0.04393391662339181,0.0
-0.9224999999999994,0.04417581925771822,0.04417581925771822,0.0
-0.9175000000000004,0.04252648311458358,0.04252648311458358,0.0
-0.9124999999999996,0.04355786798275711,0.04355786798275711,0.0
-0.9075000000000006,0.04182056724532195,0.04182056724532195,0.0
-0.9024999999999999,0.041965708825917804,0.041965708825917804,0.0
-0.8974999999999991,0.04274859371519238,0.04274859371519238,0.0
-0.8925000000000001,0.039968912535296136,0.039968912535296136,0.0
-0.8874999999999993,0.04126858941608623,0.04126858941608623,0.0
-0.8825000000000003,0.04074080185028314,0.04074080185028314,0.0
-0.8774999999999995,0.03962585061752412,0.03962585061752412,0.0
-0.8725000000000005,0.04011405411589198,0.04011405411589198,0.0
-0.8674999999999997,0.03917943030144901,0.03917943030144901,0.0
-0.8624999999999989,0.03886275776196716,0.03886275776196716,0.0
-0.8574999999999999,0.03862745247221329,0.03862745247221329,0.0
-0.8524999999999991,0.038381151608171855,0.038381151608171855,0.0
-0.8475000000000001,0.03799190827839207,0.03799190827839207,0.0
-0.8424999999999994,0.03714304994339211,0.03714304994339211,0.0
-0.8375000000000004,0.037490510090879135,0.037490510090879135,0.0
-0.8324999999999996,0.03724201011198019,0.03724201011198019,0.0
-0.8275000000000006,0.03575101023858648,0.03575101023858648,0.0
-0.8224999999999998,0.0364921119455683,0.0364921119455683,0.0
-0.817499999999999,0.03628319603410459,0.03628319603410459,0.0
-0.8125,0.0346954351069803,0.0346954351069803,0.0
-0.8074999999999992,0.03543213858424711,0.03543213858424711,0.0
-0.8025000000000002,0.03551790406369011,0.03551790406369011,0.0
-0.7974999999999994,0.034002713926863756,0.034002713926863756,0.0
-0.7925000000000004,0.034172045770892244,0.034172045770892244,0.0
-0.7874999999999996,0.03473282005955802,0.03473282005955802,0.0
-0.7825000000000006,0.03328360336845704,0.03328360336845704,0.0
-0.7774999999999999,0.03308348391642338,0.03308348391642338,0.0
-0.7724999999999991,0.033842178542265317,0.033842178542265317,0.0
-0.7675000000000001,0.03257548838433791,0.03257548838433791,0.0
-0.7624999999999993,0.031840984021928614,0.031840984021928614,0.0
-0.7575000000000003,0.033371567962757566,0.033371567962757566,0.0
-0.7524999999999995,0.031150461956669578,0.031150461956669578,0.0
-0.7475000000000005,0.031478130070438995,0.031478130070438995,0.0
-0.7424999999999997,0.032692041471786094,0.032692041471786094,0.0
-0.7374999999999989,0.030356581493107437,0.030356581493107437,0.0
-0.7324999999999999,0.03035218326339241,0.03035218326339241,0.0
-0.7274999999999991,0.031548501745879406,0.031548501745879406,0.0
-0.7225000000000001,0.031172453105244705,0.031172453105244705,0.0
-0.7174999999999994,0.028507125897939134,0.028507125897939134,0.0
-0.7125000000000004,0.02981120100844425,0.02981120100844425,0.0
-0.7074999999999996,0.031282408848120356,0.031282408848120356,0.0
-0.7025000000000006,0.029109683368897653,0.029109683368897653,0.0
-0.6974999999999998,0.027469143685193056,0.027469143685193056,0.0
-0.692499999999999,0.02948133377981732,0.02948133377981732,0.0
-0.6875,0.030248824865089306,0.030248824865089306,0.0
-0.6824999999999992,0.02813327637216194,0.02813327637216194,0.0
-0.6775000000000002,0.02638717917529674,0.02638717917529674,0.0
-0.6724999999999994,0.028749028532265547,0.028749028532265547,0.0
-0.6675000000000004,0.029048108152887293,0.029048108152887293,0.0
-0.6624999999999996,0.02765826756293917,0.02765826756293917,0.0
-0.6575000000000006,0.0257824225894807,0.0257824225894807,0.0
-0.6524999999999999,0.027436156962330364,0.027436156962330364,0.0
-0.6474999999999991,0.02799913036585366,0.02799913036585366,0.0
-0.6425000000000001,0.026827002146799304,0.026827002146799304,0.0
-0.6374999999999993,0.025540519955154287,0.025540519955154287,0.0
-0.6325000000000003,0.026323404844428865,0.026323404844428865,0.0
-0.6274999999999995,0.026785218964506564,0.026785218964506564,0.0
-0.6225000000000005,0.026092497784390014,0.026092497784390014,0.0
-0.6174999999999997,0.02496875009220094,0.02496875009220094,0.0
-0.6124999999999989,0.0257824225894807,0.0257824225894807,0.0
-0.6074999999999999,0.02557790490773201,0.02557790490773201,0.0
-0.6024999999999991,0.025263431483107668,0.025263431483107668,0.0
-0.5975000000000001,0.024757635065879708,0.024757635065879708,0.0
-0.5924999999999994,0.02527662617225274,0.02527662617225274,0.0
-0.5875000000000004,0.024658674897291632,0.024658674897291632,0.0
-0.5824999999999996,0.024157276709778703,0.024157276709778703,0.0
-0.5775000000000006,0.023776829839428977,0.023776829839428977,0.0
-0.5724999999999998,0.024526728005840867,0.024526728005840867,0.0
-0.567499999999999,0.02533380315854808,0.02533380315854808,0.0
-0.5625,0.02268386975524509,0.02268386975524509,0.0
-0.5574999999999992,0.022512338796359086,0.022512338796359086,0.0
-0.5525000000000002,0.023743843116566285,0.023743843116566285,0.0
-0.5474999999999994,0.0247730288698823,0.0247730288698823,0.0
-0.5425000000000004,0.023851599744584413,0.023851599744584413,0.0
-0.5374999999999996,0.021502945076760684,0.021502945076760684,0.0
-0.5325000000000006,0.02122365748985655,0.02122365748985655,0.0
-0.5274999999999999,0.024159475824636217,0.024159475824636217,0.0
-0.5224999999999991,0.024471750134403038,0.024471750134403038,0.0
-0.5175000000000001,0.02219566625687723,0.02219566625687723,0.0
-0.5124999999999993,0.020341812431993893,0.020341812431993893,0.0
-0.5075000000000003,0.02081682124121667,0.02081682124121667,0.0
-0.5024999999999995,0.02343376792165697,0.02343376792165697,0.0
-0.4975000000000005,0.02390877673087975,0.02390877673087975,0.0
-0.4924999999999997,0.021659082231644096,0.021659082231644096,0.0
-0.48749999999999893,0.019567724002149373,0.019567724002149373,0.0
-0.48249999999999993,0.020143892094817744,0.020143892094817744,0.0
-0.47749999999999915,0.02228363085117775,0.02228363085117775,0.0
-0.47250000000000014,0.022719055592965293,0.022719055592965293,0.0
-0.46749999999999936,0.02192077689968813,0.02192077689968813,0.0
-0.46250000000000036,0.0196578877113074,0.0196578877113074,0.0
-0.4574999999999996,0.01908611784835406,0.01908611784835406,0.0
-0.45250000000000057,0.021386391989312505,0.021386391989312505,0.0
-0.4474999999999998,0.021142290240128578,0.021142290240128578,0.0
-0.442499999999999,0.02146995835389799,0.02146995835389799,0.0
-0.4375,0.020124100061100124,0.020124100061100124,0.0
-0.4324999999999992,0.018624303728276354,0.018624303728276354,0.0
-0.4275000000000002,0.020445170830297003,0.020445170830297003,0.0
-0.42249999999999943,0.020212064655400642,0.020212064655400642,0.0
-0.4175000000000004,0.020236254918833282,0.020236254918833282,0.0
-0.41249999999999964,0.019767843454183042,0.019767843454183042,0.0
-0.40750000000000064,0.019514945245569064,0.019514945245569064,0.0
-0.40249999999999986,0.01945996737413124,0.01945996737413124,0.0
-0.3974999999999991,0.01942258242155353,0.01942258242155353,0.0
-0.39250000000000007,0.019240055888379955,0.019240055888379955,0.0
-0.3874999999999993,0.018615507268846306,0.018615507268846306,0.0
-0.3825000000000003,0.01931042756382037,0.01931042756382037,0.0
-0.3774999999999995,0.01933901605696804,0.01933901605696804,0.0
-0.3725000000000005,0.019805228406760758,0.019805228406760758,0.0
-0.3674999999999997,0.018424184276242688,0.018424184276242688,0.0
-0.36249999999999893,0.017973365730452554,0.017973365730452554,0.0
-0.35749999999999993,0.01793158254815981,0.01793158254815981,0.0
-0.35249999999999915,0.018551732937978436,0.018551732937978436,0.0
-0.34750000000000014,0.01971286558274522,0.01971286558274522,0.0
-0.34249999999999936,0.019455569144416218,0.019455569144416218,0.0
-0.33750000000000036,0.017373007374351546,0.017373007374351546,0.0
-0.3324999999999996,0.01651755169477904,0.01651755169477904,0.0
-0.32750000000000057,0.017621507353250496,0.017621507353250496,0.0
-0.3224999999999998,0.017957971926449958,0.017957971926449958,0.0
-0.317499999999999,0.019800830177045734,0.019800830177045734,0.0
-0.3125,0.01900694971348359,0.01900694971348359,0.0
-0.3074999999999992,0.016673688849662457,0.016673688849662457,0.0
-0.3025000000000002,0.01570168008264177,0.01570168008264177,0.0
-0.29749999999999943,0.016999157848574357,0.016999157848574357,0.0
-0.2925000000000004,0.01699475961885933,0.01699475961885933,0.0
-0.28749999999999964,0.020071321304519815,0.020071321304519815,0.0
-0.28250000000000064,0.018771644423729722,0.018771644423729722,0.0
-0.27749999999999986,0.016330626931890448,0.016330626931890448,0.0
-0.2724999999999991,0.01516729517226615,0.01516729517226615,0.0
-0.26750000000000007,0.01582922874437752,0.01582922874437752,0.0
-0.2624999999999993,0.01624706056730496,0.01624706056730496,0.0
-0.2575000000000003,0.019022343517486183,0.019022343517486183,0.0
-0.2524999999999995,0.01954353373871673,0.01954353373871673,0.0
-0.2475000000000005,0.016466972053056247,0.016466972053056247,0.0
-0.24249999999999972,0.014595525309312808,0.014595525309312808,0.0
-0.23749999999999893,0.015103520841398281,0.015103520841398281,0.0
-0.23249999999999993,0.01525965799628169,0.01525965799628169,0.0
-0.22749999999999915,0.016572529566216864,0.016572529566216864,0.0
-0.22250000000000014,0.019701870008457658,0.019701870008457658,0.0
-0.21749999999999936,0.018351613485944763,0.018351613485944763,0.0
-0.21250000000000036,0.015281649144856819,0.015281649144856819,0.0
-0.20749999999999957,0.013487171421126333,0.013487171421126333,0.0
-0.20250000000000057,0.014503162485297266,0.014503162485297266,0.0
-0.1974999999999998,0.015017755361955277,0.015017755361955277,0.0
-0.192499999999999,0.01692878617313395,0.01692878617313395,0.0
-0.1875,0.019361007205543165,0.019361007205543165,0.0
-0.18249999999999922,0.017665489650400754,0.017665489650400754,0.0
-0.1775000000000002,0.014749463349338705,0.014749463349338705,0.0
-0.17249999999999943,0.012974777659325835,0.012974777659325835,0.0
-0.16750000000000043,0.01344978646854861,0.01344978646854861,0.0
-0.16249999999999964,0.014316237722408677,0.014316237722408677,0.0
-0.15750000000000064,0.017005755193146895,0.017005755193146895,0.0
-0.15249999999999986,0.018800232916877387,0.018800232916877387,0.0
-0.14749999999999908,0.01728724189490854,0.01728724189490854,0.0
-0.14250000000000007,0.014958379260802427,0.014958379260802427,0.0
-0.1374999999999993,0.012880215720452785,0.012880215720452785,0.0
-0.13250000000000028,0.012088534371748155,0.012088534371748155,0.0
-0.1274999999999995,0.01340800328625587,0.01340800328625587,0.0
-0.1225000000000005,0.01588860484553036,0.01588860484553036,0.0
-0.11749999999999972,0.01857152497169605,0.01857152497169605,0.0
-0.11249999999999893,0.017496157806372262,0.017496157806372262,0.0
-0.10749999999999993,0.015371812854014845,0.015371812854014845,0.0
-0.10249999999999915,0.013317839577097836,0.013317839577097836,0.0
-0.09750000000000014,0.011389215847059068,0.011389215847059068,0.0
-0.09249999999999936,0.012205087459196335,0.012205087459196335,0.0
-0.08750000000000036,0.013984171378924234,0.013984171378924234,0.0
-0.08249999999999957,0.017667688765258264,0.017667688765258264,0.0
-0.07750000000000057,0.017790839197278984,0.017790839197278984,0.0
-0.07249999999999979,0.0160491402301288,0.0160491402301288,0.0
-0.067499999999999,0.013674096184014923,0.013674096184014923,0.0
-0.0625,0.01200716712202018,0.01200716712202018,0.0
-0.05749999999999922,0.01138481761734404,0.01138481761734404,0.0
-0.05250000000000021,0.011998370662590126,0.011998370662590126,0.0
-0.04749999999999943,0.01552135266432572,0.01552135266432572,0.0
-0.042500000000000426,0.016814432200543277,0.016814432200543277,0.0
-0.037499999999999645,0.01718608261146295,0.01718608261146295,0.0
-0.03250000000000064,0.014694485477900886,0.014694485477900886,0.0
-0.027499999999999858,0.012963782085038272,0.012963782085038272,0.0
-0.022499999999999076,0.011131919408730062,0.011131919408730062,0.0
-0.01750000000000007,0.011070344192719704,0.011070344192719704,0.0
-0.01249999999999929,0.01299017146332842,0.01299017146332842,0.0
-0.007500000000000284,0.0150045606728102,0.0150045606728102,0.0
-0.0024999999999995026,0.01602934819641119,0.01602934819641119,0.0
0.0024999999999995026,0.016381206573613246,0.016381206573613246,0.0
0.007500000000000284,0.014417397005854265,0.014417397005854265,0.0
0.012500000000001066,0.012449189208380264,0.012449189208380264,0.0
0.01750000000000007,0.010579941579494337,0.010579941579494337,0.0
0.022500000000000853,0.011013167206424368,0.011013167206424368,0.0
0.027499999999999858,0.013161702422214427,0.013161702422214427,0.0
0.03250000000000064,0.014243666932110748,0.014243666932110748,0.0
0.037499999999999645,0.015261857111139202,0.015261857111139202,0.0
0.042500000000000426,0.015703879197499288,0.015703879197499288,0.0
0.04749999999999943,0.014437189039571882,0.014437189039571882,0.0
0.05250000000000021,0.012172100736333642,0.012172100736333642,0.0
0.057500000000000995,0.009924605351955508,0.009924605351955508,0.0
0.0625,0.011248472496178245,0.011248472496178245,0.0
0.06750000000000078,0.012304047627784417,0.012304047627784417,0.0
0.07249999999999979,0.013696087332590054,0.013696087332590054,0.0
0.07750000000000057,0.014936388112227302,0.014936388112227302,0.0
0.08249999999999957,0.014780250957343885,0.014780250957343885,0.0
0.08750000000000036,0.014270056310400906,0.014270056310400906,0.0
0.09249999999999936,0.012728476795284395,0.012728476795284395,0.0
0.09750000000000014,0.010164308871424409,0.010164308871424409,0.0
0.10250000000000092,0.00983444164279748,0.00983444164279748,0.0
0.10749999999999993,0.012040153844882872,0.012040153844882872,0.0
0.11250000000000071,0.012312844087214463,0.012312844087214463,0.0
0.11749999999999972,0.015094724381968226,0.015094724381968226,0.0
0.1225000000000005,0.014221675783535623,0.014221675783535623,0.0
0.1274999999999995,0.013825835109183312,0.013825835109183312,0.0
0.13250000000000028,0.013034153760478681,0.013034153760478681,0.0
0.13750000000000107,0.011580538839662684,0.011580538839662684,0.0
0.14250000000000007,0.009264870894701651,0.009264870894701651,0.0
0.14750000000000085,0.009878423939947735,0.009878423939947735,0.0
0.15249999999999986,0.011314445941903629,0.011314445941903629,0.0
0.15750000000000064,0.013315640462240328,0.013315640462240328,0.0
0.16249999999999964,0.014991365983665121,0.014991365983665121,0.0
0.16750000000000043,0.014175494371527854,0.014175494371527854,0.0
0.17249999999999943,0.012693290957564192,0.012693290957564192,0.0
0.1775000000000002,0.01224687064148908,0.01224687064148908,0.0
0.182500000000001,0.01079765395038811,0.01079765395038811,0.0
0.1875,0.009616729271903709,0.009616729271903709,0.0
0.19250000000000078,0.00907134878724052,0.00907134878724052,0.0
0.1974999999999998,0.010516167248626463,0.010516167248626463,0.0
0.20250000000000057,0.013322237806812865,0.013322237806812865,0.0
0.20749999999999957,0.01401935721664444,0.01401935721664444,0.0
0.21250000000000036,0.015140905793975994,0.015140905793975994,0.0
0.21749999999999936,0.012286454708924314,0.012286454708924314,0.0
0.22250000000000014,0.011301251252758554,0.011301251252758554,0.0
0.22750000000000092,0.010447994688043569,0.010447994688043569,0.0
0.23249999999999993,0.010107131885129074,0.010107131885129074,0.0
0.2375000000000007,0.00888662313920944,0.00888662313920944,0.0
0.24249999999999972,0.009135123118108393,0.009135123118108393,0.0
0.2475000000000005,0.011996171547732613,0.011996171547732613,0.0
0.2524999999999995,0.01287361837588024,0.01287361837588024,0.0
0.2575000000000003,0.014632910261890529,0.014632910261890529,0.0
0.26250000000000107,0.013909401473768799,0.013909401473768799,0.0
0.26750000000000007,0.011138516753302602,0.011138516753302602,0.0
0.27250000000000085,0.010485379640621283,0.010485379640621283,0.0
0.27749999999999986,0.009920207122240482,0.009920207122240482,0.0
0.28250000000000064,0.009662910683911476,0.009662910683911476,0.0
0.28749999999999964,0.008343441769403768,0.008343441769403768,0.0
0.2925000000000004,0.009480384150737911,0.009480384150737911,0.0
0.29749999999999943,0.011433198144209324,0.011433198144209324,0.0
0.3025000000000002,0.012532755572965749,0.012532755572965749,0.0
0.307500000000001,0.013940189081773977,0.013940189081773977,0.0
0.3125,0.012895609524455372,0.012895609524455372,0.0
0.3175000000000008,0.011584937069377712,0.011584937069377712,0.0
0.3224999999999998,0.010472184951476206,0.010472184951476206,0.0
0.32750000000000057,0.009366030178147241,0.009366030178147241,0.0
0.3324999999999996,0.009245078860984034,0.009245078860984034,0.0
0.33750000000000036,0.008796459430051412,0.008796459430051412,0.0
0.34249999999999936,0.00897018950379493,0.00897018950379493,0.0
0.34750000000000014,0.009812450494222351,0.009812450494222351,0.0
0.3525000000000009,0.010933999071553907,0.010933999071553907,0.0
0.35749999999999993,0.013168299766786963,0.013168299766786963,0.0
0.3625000000000007,0.012605326363263676,0.012605326363263676,0.0
0.3674999999999997,0.012312844087214463,0.012312844087214463,0.0
0.3725000000000005,0.011068145077862192,0.011068145077862192,0.0
0.3774999999999995,0.009497977069598013,0.009497977069598013,0.0
0.3825000000000003,0.009366030178147243,0.009366030178147243,0.0
0.38750000000000107,0.009014171800945185,0.009014171800945185,0.0
0.39250000000000007,0.008550158566009974,0.008550158566009974,0.0
0.39750000000000085,0.008233486026528123,0.008233486026528123,0.0
0.40249999999999986,0.008684304572318259,0.008684304572318259,0.0
0.40750000000000064,0.010430401769183462,0.010430401769183462,0.0
0.41249999999999964,0.012101729060893232,0.012101729060893232,0.0
0.4175000000000004,0.01304514933476624,0.01304514933476624,0.0
0.42249999999999943,0.011798251210556457,0.011798251210556457,0.0
0.4275000000000002,0.011369423813341452,0.011369423813341452,0.0
0.432500000000001,0.009614530157046195,0.009614530157046195,0.0
0.4375,0.009475985921022886,0.009475985921022886,0.0
0.4425000000000008,0.008295061242538483,0.008295061242538483,0.0
0.4474999999999998,0.008299459472253507,0.008299459472253507,0.0
0.45250000000000057,0.007226291421787236,0.007226291421787236,0.0
0.4574999999999996,0.007395623265815726,0.007395623265815726,0.0
0.46250000000000036,0.008816251463769029,0.008816251463769029,0.0
0.46749999999999936,0.011098932685867369,0.011098932685867369,0.0
0.47250000000000014,0.012266662675206694,0.012266662675206694,0.0
0.4775000000000009,0.012847228997590089,0.012847228997590089,0.0
0.48249999999999993,0.011833437048276663,0.011833437048276663,0.0
0.4875000000000007,0.01036003009374305,0.01036003009374305,0.0
0.4924999999999997,0.00969589740677417,0.00969589740677417,0.0
0.4975000000000005,0.007943202865336426,0.007943202865336426,0.0
0.5024999999999995,0.0077672736767354,0.0077672736767354,0.0
0.5075000000000003,0.007549561305841627,0.007549561305841627,0.0
0.5125000000000011,0.005867238439844293,0.005867238439844293,0.0
0.5175000000000001,0.006577552538820945,0.006577552538820945,0.0
0.5225000000000009,0.008418211674559202,0.008418211674559202,0.0
0.5274999999999999,0.011021963665854421,0.011021963665854421,0.0
0.5325000000000006,0.012337034350647107,0.012337034350647107,0.0
0.5374999999999996,0.01266690157927404,0.01266690157927404,0.0
0.5425000000000004,0.01184443262256423,0.01184443262256423,0.0
0.5474999999999994,0.010667906173794851,0.010667906173794851,0.0
0.5525000000000002,0.009212092138121344,0.009212092138121344,0.0
0.557500000000001,0.007441804677823496,0.007441804677823496,0.0
0.5625,0.006927211801165489,0.006927211801165489,0.0
0.5675000000000008,0.006707300315414204,0.006707300315414204,0.0
0.5724999999999998,0.005491189799209596,0.005491189799209596,0.0
0.5775000000000006,0.005726495088963471,0.005726495088963471,0.0
0.5824999999999996,0.007098742760051492,0.007098742760051492,0.0
0.5875000000000004,0.00957274697475345,0.00957274697475345,0.0
0.5924999999999994,0.011538755657369943,0.011538755657369943,0.0
0.5975000000000001,0.012466782127240367,0.012466782127240367,0.0
0.6025000000000009,0.012057746763742975,0.012057746763742975,0.0
0.6074999999999999,0.011041755699572036,0.011041755699572036,0.0
0.6125000000000007,0.009957592074818198,0.009957592074818198,0.0
0.6174999999999997,0.008251078945388226,0.008251078945388226,0.0
0.6225000000000005,0.00642801272851007,0.00642801272851007,0.0
0.6274999999999995,0.006016778250155167,0.006016778250155167,0.0
0.6325000000000003,0.005772676500971241,0.005772676500971241,0.0
0.6375000000000011,0.00459395093734435,0.00459395093734435,0.0
0.6425000000000001,0.005442809272344312,0.005442809272344312,0.0
0.6475000000000009,0.007197702928639568,0.007197702928639568,0.0
0.6524999999999999,0.008809654119196491,0.008809654119196491,0.0
0.6575000000000006,0.010309450452020258,0.010309450452020258,0.0
0.6624999999999996,0.011670702548820713,0.011670702548820713,0.0
0.6675000000000004,0.011314445941903629,0.011314445941903629,0.0
0.6724999999999994,0.011327640631048706,0.011327640631048706,0.0
0.6775000000000002,0.01043479999889849,0.01043479999889849,0.0
0.682500000000001,0.008739282443756078,0.008739282443756078,0.0
0.6875,0.006735888808561872,0.006735888808561872,0.0
0.6925000000000008,0.006098145499883144,0.006098145499883144,0.0
0.6974999999999998,0.005440610157486801,0.005440610157486801,0.0
0.7025000000000006,0.003863844804650084,0.003863844804650084,0.0
0.7074999999999996,0.0040067872703884195,0.0040067872703884195,0.0
0.7125000000000004,0.005346048218613747,0.005346048218613747,0.0
0.7174999999999994,0.006287269377629246,0.006287269377629246,0.0
0.7225000000000001,0.007646322359572191,0.007646322359572191,0.0
0.7275000000000009,0.009229685056981447,0.009229685056981447,0.0
0.7324999999999999,0.01062832210635962,0.01062832210635962,0.0
0.7375000000000007,0.011349631779623837,0.011349631779623837,0.0
0.7424999999999997,0.011681698123108276,0.011681698123108276,0.0
0.7475000000000005,0.01025007435086741,0.01025007435086741,0.0
0.7524999999999995,0.009383623097007346,0.009383623097007346,0.0
0.7575000000000003,0.007930008176191349,0.007930008176191349,0.0
0.7625000000000011,0.006859039240582591,0.006859039240582591,0.0
0.7675000000000001,0.0051745172597277445,0.0051745172597277445,0.0
0.7725000000000009,0.0036989111903366198,0.0036989111903366198,0.0
0.7774999999999999,0.002570765268432526,0.002570765268432526,0.0
0.7825000000000006,0.003041375847940276,0.003041375847940276,0.0
0.7874999999999996,0.003353650157707102,0.003353650157707102,0.0
0.7925000000000004,0.004226698756139705,0.004226698756139705,0.0
0.7974999999999994,0.006062959662162938,0.006062959662162938,0.0
0.8025000000000002,0.008418211674559204,0.008418211674559204,0.0
0.807500000000001,0.009775065541644633,0.009775065541644633,0.0
0.8125,0.010973583138989138,0.010973583138989138,0.0
0.8175000000000008,0.011404609651061657,0.011404609651061657,0.0
0.8224999999999998,0.01110113180072488,0.01110113180072488,0.0
0.8275000000000006,0.010430401769183462,0.010430401769183462,0.0
0.8324999999999996,0.010511769018911437,0.010511769018911437,0.0
0.8375000000000004,0.008264273634533303,0.008264273634533303,0.0
0.8424999999999994,0.005346048218613747,0.005346048218613747,0.0
0.8475000000000001,0.0033338581239894857,0.0033338581239894857,0.0
0.8525000000000009,0.0021089511483548267,0.0021089511483548267,0.0
0.8574999999999999,0.0015701680082641774,0.0015701680082641774,0.0
0.8625000000000007,0.00151079190711133,0.00151079190711133,0.0
0.8674999999999997,0.0016251458797019985,0.0016251458797019985,0.0
0.8725000000000005,0.002023185668911825,0.002023185668911825,0.0
0.8774999999999995,0.0026895174707382194,0.0026895174707382194,0.0
0.8825000000000003,0.004604946511631915,0.004604946511631915,0.0
0.8875000000000011,0.006131132222745836,0.006131132222745836,0.0
0.8925000000000001,0.007800260399598091,0.007800260399598091,0.0
0.8975000000000009,0.010483180525763773,0.010483180525763773,0.0
0.9024999999999999,0.012277658249494264,0.012277658249494264,0.0
0.9075000000000006,0.013023158186191118,0.013023158186191118,0.0
0.9124999999999996,0.014333830641268782,0.014333830641268782,0.0
0.9175000000000004,0.01216990162147613,0.01216990162147613,0.0
0.9224999999999994,0.008400618755699099,0.008400618755699099,0.0
0.9275000000000002,0.005922216311282115,0.005922216311282115,0.0
0.932500000000001,0.0030963537193780984,0.0030963537193780984,0.0
0.9375,0.000930225584727937,0.000930225584727937,0.0
0.9425000000000008,0.0003320663434844408,0.0003320663434844408,0.0
0.9474999999999998,0.00015173892516838686,0.00015173892516838686,0.0
0.9525000000000006,0.0003166725394818509,0.0003166725394818509,0.0
0.9574999999999996,0.0005167919915155207,0.0005167919915155207,0.0
0.9625000000000004,0.0004882034983678535,0.0004882034983678535,0.0
0.9674999999999994,0.0005981592412434961,0.0005981592412434961,0.0
0.9725000000000001,0.0010665707058937338,0.0010665707058937338,0.0
0.9775000000000009,0.0012688892727849162,0.0012688892727849162,0.0
0.9824999999999999,0.001970406912331517,0.001970406912331517,0.0
0.9875000000000007,0.003050172307370328,0.003050172307370328,0.0
0.9924999999999997,0.004813862423095636,0.004813862423095636,0.0
0.9975000000000005,0.007454999366968572,0.007454999366968572,0.0
1.0024999999999995,0.008618331126592875,0.008618331126592875,0.0
1.0075000000000003,0.011138516753302604,0.011138516753302604,0.0
1.012500000000001,0.015501560630608105,0.015501560630608105,0.0
1.0175,0.019277440840957675,0.019277440840957675,0.0
1.0225000000000009,0.020322020398276287,0.020322020398276287,0.0
1.0274999999999999,0.010498574329766362,0.010498574329766362,0.0
1.0325000000000006,0.0021859201683677764,0.0021859201683677764,0.0
1.0374999999999996,0.0003870442149222622,0.0003870442149222622,0.0
