omega,S,S_edge,S_cont
-1.4725000000000001,0,0,0
-1.4675000000000011,0.0,0.0,0.0
-1.4624999999999986,0.025446900494077326,0.025446900494077326,0.0
-1.4574999999999996,1.0412023452159966,1.0412023452159966,0.0
-1.4525000000000006,3.9684009351524008,3.9684009351524008,0.0
-1.447499999999998,9.595071917547905,9.595071917547905,0.0
-1.442499999999999,7.746696244854369,7.746696244854369,0.0
-1.4375,5.204853263789023,5.204853263789023,0.0
-1.432500000000001,4.179810485784913,4.179810485784913,0.0
-1.4274999999999984,3.6142452683224024,3.6142452683224024,0.0
-1.4224999999999994,3.230931694676271,3.230931694676271,0.0
-1.4175000000000004,2.8325581112469957,2.8325581112469957,0.0
-1.4124999999999979,2.6463205717513736,2.6463205717513736,0.0
-1.4074999999999989,2.3775376852826775,2.3775376852826775,0.0
-1.4024999999999999,2.2457675084186692,2.2457675084186692,0.0
-1.3975000000000009,2.0960706184751134,2.0960706184751134,0.0
-1.3924999999999983,1.9634757735395372,1.9634757735395372,0.0
-1.3874999999999993,1.8612954724815278,1.8612954724815278,0.0
-1.3825000000000003,1.7362797198227375,1.7362797198227375,0.0
-1.3775000000000013,1.639636475816681,1.639636475816681,0.0
-1.3724999999999987,1.4769608812229833,1.4769608812229833,0.0
-1.3674999999999997,1.4361201767263168,1.4361201767263168,0.0
-1.3625000000000007,1.457090307689028,1.457090307689028,0.0
-1.3574999999999982,1.3363353400666707,1.3363353400666707,0.0
-1.3524999999999991,1.1742684290496073,1.1742684290496073,0.0
-1.3475000000000001,1.2947681422688602,1.2947681422688602,0.0
-1.3425000000000011,1.111672195426831,1.111672195426831,0.0
-1.3374999999999986,1.131817658317975,1.131817658317975,0.0
-1.3324999999999996,1.0777429947680612,1.0777429947680612,0.0
-1.3275000000000006,1.0094133545524833,1.0094133545524833,0.0
-1.322499999999998,1.0144988076604817,1.0144988076604817,0.0
-1.317499999999999,0.8897383094047976,0.8897383094047976,0.0
-1.3125,0.9995173376936756,0.9995173376936756,0.0
-1.307500000000001,0.8125729398509985,0.8125729398509985,0.0
-1.3024999999999984,0.9506655719303545,0.9506655719303545,0.0
-1.2974999999999994,0.7901301873319166,0.7901301873319166,0.0
-1.2925000000000004,0.8486227155509415,0.8486227155509415,0.0
-1.2874999999999979,0.7595389288675862,0.7595389288675862,0.0
-1.2824999999999989,0.793075430444657,0.793075430444657,0.0
-1.2774999999999999,0.6788392675784988,0.6788392675784988,0.0
-1.2725000000000009,0.8267297417462378,0.8267297417462378,0.0
-1.2674999999999983,0.6524106193801746,0.6524106193801746,0.0
-1.2624999999999993,0.6439086842613972,0.6439086842613972,0.0
-1.2575000000000003,0.7571827343773938,0.7571827343773938,0.0
-1.2525000000000013,0.6316957428205671,0.6316957428205671,0.0
-1.2474999999999987,0.5919545957526561,0.5919545957526561,0.0
-1.2424999999999997,0.6972568545101689,0.6972568545101689,0.0
-1.2375000000000007,0.6293002784222047,0.6293002784222047,0.0
-1.2324999999999982,0.5141216377599694,0.5141216377599694,0.0
-1.2274999999999991,0.6427109520622161,0.6427109520622161,0.0
-1.2225000000000001,0.6328345701574933,0.6328345701574933,0.0
-1.2175000000000011,0.47127816794663885,0.47127816794663885,0.0
-1.2124999999999986,0.5313414924924584,0.5313414924924584,0.0
-1.2074999999999996,0.6475215158130255,0.6475215158130255,0.0
-1.2025000000000006,0.5511138912559891,0.5511138912559891,0.0
-1.197499999999998,0.3806432198905733,0.3806432198905733,0.0
-1.192499999999999,0.560401224538164,0.560401224538164,0.0
-1.1875,0.6549042585489614,0.6549042585489614,0.0
-1.182500000000001,0.4341091998638543,0.4341091998638543,0.0
-1.1774999999999984,0.3588876907644641,0.3588876907644641,0.0
-1.1724999999999994,0.5374086933047035,0.5374086933047035,0.0
-1.1675000000000004,0.6532745573599117,0.6532745573599117,0.0
-1.1624999999999979,0.3891255200552656,0.3891255200552656,0.0
-1.1574999999999989,0.31262773894035434,0.31262773894035434,0.0
-1.1524999999999999,0.5261382296599503,0.5261382296599503,0.0
-1.1475000000000009,0.6560430858858879,0.6560430858858879,0.0
-1.1424999999999983,0.37677513393584083,0.37677513393584083,0.0
-1.1374999999999993,0.24946209164911462,0.24946209164911462,0.0
-1.1325000000000003,0.42177844869851455,0.42177844869851455,0.0
-1.1275000000000013,0.6790552520734328,0.6790552520734328,0.0
-1.1224999999999987,0.48303950544351526,0.48303950544351526,0.0
-1.1174999999999997,0.20763963944820046,0.20763963944820046,0.0
-1.1125000000000007,0.2827826087312513,0.2827826087312513,0.0
-1.1074999999999982,0.5794274950464668,0.5794274950464668,0.0
-1.1024999999999991,0.6717117792456667,0.6717117792456667,0.0
-1.0975000000000001,0.2720030189386213,0.2720030189386213,0.0
-1.0925000000000011,0.14319772014143975,0.14319772014143975,0.0
-1.0874999999999986,0.3391349269550182,0.3391349269550182,0.0
-1.0824999999999996,0.6682363923726331,0.6682363923726331,0.0
-1.0775000000000006,0.6008688649072172,0.6008688649072172,0.0
-1.072499999999998,0.1989413547885737,0.1989413547885737,0.0
-1.067499999999999,0.11054479149819083,0.11054479149819083,0.0
-1.0625,0.29929560511668263,0.29929560511668263,0.0
-1.057500000000001,0.6665085164131588,0.6665085164131588,0.0
-1.0524999999999984,0.6316761078664819,0.6316761078664819,0.0
-1.0474999999999994,0.2177320058478576,0.2177320058478576,0.0
-1.0425000000000004,0.10013826583317462,0.10013826583317462,0.0
-1.0374999999999979,0.19536779314511532,0.19536779314511532,0.0
-1.0324999999999989,0.46933430749223,0.46933430749223,0.0
-1.0274999999999999,0.7413765963390203,0.7413765963390203,0.0
-1.0225000000000009,0.41209841633464106,0.41209841633464106,0.0
-1.0174999999999983,0.08219191779954294,0.08219191779954294,0.0
-1.0124999999999993,0.14514158059584845,0.14514158059584845,0.0
-1.0075000000000003,0.231790632972672,0.231790632972672,0.0
-1.0025000000000013,0.48912634120984566,0.48912634120984566,0.0
-0.9974999999999987,0.7327175815875633,0.7327175815875633,0.0
-0.9924999999999997,0.30585367978105127,0.30585367978105127,0.0
-0.9875000000000007,0.1111731100289088,0.1111731100289088,0.0
-0.9824999999999982,0.1316130972313274,0.1316130972313274,0.0
-0.9774999999999991,0.17435839227423355,0.17435839227423355,0.0
-0.9725000000000001,0.4479518424937344,0.4479518424937344,0.0
-0.9675000000000011,0.6887352844373064,0.6887352844373064,0.0
-0.9624999999999986,0.39385754398973516,0.39385754398973516,0.0
-0.9574999999999996,0.1501288589334222,0.1501288589334222,0.0
-0.9525000000000006,0.10373146243071792,0.10373146243071792,0.0
-0.947499999999998,0.12091204725503715,0.12091204725503715,0.0
-0.942499999999999,0.3016910695150448,0.3016910695150448,0.0
-0.9375,0.5910906577729189,0.5910906577729189,0.0
-0.932500000000001,0.5441238476017519,0.5441238476017519,0.0
-0.9274999999999984,0.2615375884113504,0.2615375884113504,0.0
-0.9224999999999994,0.11663162726452106,0.11663162726452106,0.0
-0.9175000000000004,0.07926630964088743,0.07926630964088743,0.0
-0.9124999999999979,0.17439766218240343,0.17439766218240343,0.0
-0.9074999999999989,0.34551628703262255,0.34551628703262255,0.0
-0.9024999999999999,0.5734191990964764,0.5734191990964764,0.0
-0.8975000000000009,0.4459687121311559,0.4459687121311559,0.0
-0.8924999999999983,0.25205390558832613,0.25205390558832613,0.0
-0.8874999999999993,0.124956847796534,0.124956847796534,0.0
-0.8825000000000003,0.07408268176246427,0.07408268176246427,0.0
-0.8775000000000013,0.19762581286488295,0.19762581286488295,0.0
-0.8724999999999987,0.31327569242515724,0.31327569242515724,0.0
-0.8674999999999997,0.48311804525985513,0.48311804525985513,0.0
-0.8625000000000007,0.44107960856400674,0.44107960856400674,0.0
-0.8574999999999982,0.25064018889421075,0.25064018889421075,0.0
-0.8524999999999991,0.17555612447341468,0.17555612447341468,0.0
-0.8475000000000001,0.11427543277432867,0.11427543277432867,0.0
-0.8425000000000011,0.15933765239925735,0.15933765239925735,0.0
-0.8374999999999986,0.2561968809002477,0.2561968809002477,0.0
-0.8324999999999996,0.40112247700116166,0.40112247700116166,0.0
-0.8275000000000006,0.38576794290674166,0.38576794290674166,0.0
-0.822499999999998,0.31466977416518777,0.31466977416518777,0.0
-0.817499999999999,0.19941259368661218,0.19941259368661218,0.0
-0.8125,0.1883384795827081,0.1883384795827081,0.0
-0.807500000000001,0.15456635855661782,0.15456635855661782,0.0
-0.8024999999999984,0.21680916300586567,0.21680916300586567,0.0
-0.7974999999999994,0.2981371428256715,0.2981371428256715,0.0
-0.7925000000000004,0.28722010835444695,0.28722010835444695,0.0
-0.7874999999999979,0.2935621985238813,0.2935621985238813,0.0
-0.7824999999999989,0.300434432453609,0.300434432453609,0.0
-0.7774999999999999,0.20893554641780623,0.20893554641780623,0.0
-0.7725000000000009,0.17816757336671118,0.17816757336671118,0.0
-0.7674999999999983,0.23840761249929548,0.23840761249929548,0.0
-0.7624999999999993,0.29892254098906895,0.29892254098906895,0.0
-0.7575000000000003,0.19617282626259772,0.19617282626259772,0.0
-0.7525000000000013,0.15876823873079418,0.15876823873079418,0.0
-0.7474999999999987,0.2402140282751096,0.2402140282751096,0.0
-0.7424999999999997,0.29495628026391174,0.29495628026391174,0.0
-0.7375000000000007,0.26100744465105713,0.26100744465105713,0.0
-0.7324999999999982,0.20149389881961538,0.20149389881961538,0.0
-0.7274999999999991,0.2913238137581986,0.2913238137581986,0.0
-0.7225000000000001,0.3348937768726721,0.3348937768726721,0.0
-0.7175000000000011,0.15478234305155214,0.15478234305155214,0.0
-0.7124999999999986,0.11048588663593599,0.11048588663593599,0.0
-0.7074999999999996,0.11458959203968769,0.11458959203968769,0.0
-0.7025000000000006,0.23506967030485632,0.23506967030485632,0.0
-0.697499999999998,0.2415099352447154,0.2415099352447154,0.0
-0.692499999999999,0.3107231483941156,0.3107231483941156,0.0
-0.6875,0.2595740930028568,0.2595740930028568,0.0
-0.682500000000001,0.33762303549047823,0.33762303549047823,0.0
-0.6774999999999984,0.28831966578320334,0.28831966578320334,0.0
-0.6724999999999994,0.10675524535979815,0.10675524535979815,0.0
-0.6675000000000004,0.047339874298781164,0.047339874298781164,0.0
-0.6624999999999979,0.12358240101058848,0.12358240101058848,0.0
-0.6574999999999989,0.18875081361849183,0.18875081361849183,0.0
-0.6524999999999999,0.2093675154076749,0.2093675154076749,0.0
-0.6475000000000009,0.2755569456279948,0.2755569456279948,0.0
-0.6424999999999983,0.3118619757310418,0.3118619757310418,0.0
-0.6374999999999993,0.3345599826532281,0.3345599826532281,0.0
-0.6325000000000003,0.28506026340510393,0.28506026340510393,0.0
-0.6275000000000013,0.1550375974546563,0.1550375974546563,0.0
-0.6224999999999987,0.04192062697133877,0.04192062697133877,0.0
-0.6174999999999997,0.07797040267128168,0.07797040267128168,0.0
-0.6125000000000007,0.14643748756545422,0.14643748756545422,0.0
-0.6074999999999982,0.18957548169005914,0.18957548169005914,0.0
-0.6024999999999991,0.19984456267648076,0.19984456267648076,0.0
-0.5975000000000001,0.24661502330679883,0.24661502330679883,0.0
-0.5925000000000011,0.3050290117094841,0.3050290117094841,0.0
-0.5874999999999986,0.28596347129301103,0.28596347129301103,0.0
-0.5824999999999996,0.25937774346200737,0.25937774346200737,0.0
-0.5775000000000006,0.15747233176118836,0.15747233176118836,0.0
-0.572499999999998,0.07261006020609405,0.07261006020609405,0.0
-0.567499999999999,0.08535314540721765,0.08535314540721765,0.0
-0.5625,0.13306608383361265,0.13306608383361265,0.0
-0.557500000000001,0.18692476288859272,0.18692476288859272,0.0
-0.5524999999999984,0.15798284056739673,0.15798284056739673,0.0
-0.5474999999999994,0.22434898537448114,0.22434898537448114,0.0
-0.5425000000000004,0.23683681617250057,0.23683681617250057,0.0
-0.5374999999999979,0.21070269228545052,0.21070269228545052,0.0
-0.5324999999999989,0.2060688431214055,0.2060688431214055,0.0
-0.5274999999999999,0.22476131941026486,0.22476131941026486,0.0
-0.5225000000000009,0.15374169048505051,0.15374169048505051,0.0
-0.5174999999999983,0.1131562403914873,0.1131562403914873,0.0
-0.5124999999999993,0.13646293089030662,0.13646293089030662,0.0
-0.5075000000000003,0.15332935644926682,0.15332935644926682,0.0
-0.5025000000000013,0.1407237159267378,0.1407237159267378,0.0
-0.4974999999999987,0.12642946935290422,0.12642946935290422,0.0
-0.4924999999999997,0.17975800464759098,0.17975800464759098,0.0
-0.4875000000000007,0.20547979449885748,0.20547979449885748,0.0
-0.48249999999999815,0.19892171983448875,0.19892171983448875,0.0
-0.47749999999999915,0.16532631339516285,0.16532631339516285,0.0
-0.47250000000000014,0.1740638679629595,0.1740638679629595,0.0
-0.46750000000000114,0.13489213456351173,0.13489213456351173,0.0
-0.4624999999999986,0.11975358496402591,0.11975358496402591,0.0
-0.4574999999999996,0.20762000449411552,0.20762000449411552,0.0
-0.45250000000000057,0.1861982695874501,0.1861982695874501,0.0
-0.447499999999998,0.16114406817507146,0.16114406817507146,0.0
-0.442499999999999,0.122188319270558,0.122188319270558,0.0
-0.4375,0.09334457171978669,0.09334457171978669,0.0
-0.432500000000001,0.12450524385258045,0.12450524385258045,0.0
-0.42749999999999844,0.1885937339858123,0.1885937339858123,0.0
-0.42249999999999943,0.17316066007505246,0.17316066007505246,0.0
-0.4175000000000004,0.16762360302310042,0.16762360302310042,0.0
-0.41249999999999787,0.11667089717269093,0.11667089717269093,0.0
-0.40749999999999886,0.11239047718217485,0.11239047718217485,0.0
-0.40249999999999986,0.124956847796534,0.124956847796534,0.0
-0.39750000000000085,0.10174833206813942,0.10174833206813942,0.0
-0.3924999999999983,0.16950855861525435,0.16950855861525435,0.0
-0.3874999999999993,0.26874361656052187,0.26874361656052187,0.0
-0.3825000000000003,0.1942878706704438,0.1942878706704438,0.0
-0.3775000000000013,0.14618223316235004,0.14618223316235004,0.0
-0.3724999999999987,0.12108876184180156,0.12108876184180156,0.0
-0.3674999999999997,0.118791472213864,0.118791472213864,0.0
-0.3625000000000007,0.15486088286789187,0.15486088286789187,0.0
-0.35749999999999815,0.14763521976463534,0.14763521976463534,0.0
-0.35249999999999915,0.09701630813366977,0.09701630813366977,0.0
-0.34750000000000014,0.06424556976591123,0.06424556976591123,0.0
-0.34250000000000114,0.05931719629059224,0.05931719629059224,0.0
-0.3374999999999986,0.10932742434492479,0.10932742434492479,0.0
-0.3324999999999996,0.13281082943050848,0.13281082943050848,0.0
-0.32750000000000057,0.12568334109767665,0.12568334109767665,0.0
-0.322499999999998,0.13230032062430017,0.13230032062430017,0.0
-0.317499999999999,0.1761648080500477,0.1761648080500477,0.0
-0.3125,0.25338908246610176,0.25338908246610176,0.0
-0.307500000000001,0.25150412687394796,0.25150412687394796,0.0
-0.30249999999999844,0.18521652188320328,0.18521652188320328,0.0
-0.29749999999999943,0.14066481106448298,0.14066481106448298,0.0
-0.2925000000000004,0.15101243186724436,0.15101243186724436,0.0
-0.28749999999999787,0.1285304094399924,0.1285304094399924,0.0
-0.28249999999999886,0.04808600255400874,0.04808600255400874,0.0
-0.27749999999999986,0.0027488935718910693,0.0027488935718910693,0.0
-0.27250000000000085,0.0038288160465625607,0.0038288160465625607,0.0
-0.2674999999999983,0.03475386873033708,0.03475386873033708,0.0
-0.2624999999999993,0.08329147522829936,0.08329147522829936,0.0
-0.2575000000000003,0.10842421645701772,0.10842421645701772,0.0
-0.2525000000000013,0.13446016557364315,0.13446016557364315,0.0
-0.24749999999999872,0.17117752971247388,0.17117752971247388,0.0
-0.24249999999999972,0.23542309947838516,0.23542309947838516,0.0
-0.2375000000000007,0.19403261626733967,0.19403261626733967,0.0
-0.23249999999999815,0.23512857516711114,0.23512857516711114,0.0
-0.22749999999999915,0.19515180865018097,0.19515180865018097,0.0
-0.22250000000000014,0.22554671757366224,0.22554671757366224,0.0
-0.21750000000000114,0.20487111092222454,0.20487111092222454,0.0
-0.21249999999999858,0.1074621037068558,0.1074621037068558,0.0
-0.20749999999999957,0.029923670025442762,0.029923670025442762,0.0
-0.20250000000000057,1.9634954084936207e-5,1.9634954084936207e-5,0.0
-0.197499999999998,0.0,0.0,0.0
-0.192499999999999,0.0002748893571891069,0.0002748893571891069,0.0
-0.1875,0.0013548118318605982,0.0013548118318605982,0.0
-0.182500000000001,0.018771016105199014,0.018771016105199014,0.0
-0.17749999999999844,0.052012993370995984,0.052012993370995984,0.0
-0.17249999999999943,0.14402238821300709,0.14402238821300709,0.0
-0.16750000000000043,0.21547398612808996,0.21547398612808996,0.0
-0.16249999999999787,0.19544633296145505,0.19544633296145505,0.0
-0.15749999999999886,0.26570019867735684,0.26570019867735684,0.0
-0.15249999999999986,0.230259106554047,0.230259106554047,0.0
-0.14750000000000085,0.16736834861999625,0.16736834861999625,0.0
-0.1424999999999983,0.20510673037124363,0.20510673037124363,0.0
-0.1374999999999993,0.22330833280797954,0.22330833280797954,0.0
-0.13250000000000028,0.10184650683856407,0.10184650683856407,0.0
-0.12750000000000128,0.0629300278422205,0.0629300278422205,0.0
-0.12249999999999872,0.05173810401380688,0.05173810401380688,0.0
-0.11749999999999972,0.027331856086231194,0.027331856086231194,0.0
-0.11250000000000071,0.0008443030256522568,0.0008443030256522568,0.0
-0.10749999999999815,0.008207410807503337,0.008207410807503337,0.0
-0.10249999999999915,0.02144136986075034,0.02144136986075034,0.0
-0.09750000000000014,0.030807242959264906,0.030807242959264906,0.0
-0.09250000000000114,0.0404087355067987,0.0404087355067987,0.0
-0.08749999999999858,0.06929175296573983,0.06929175296573983,0.0
-0.08249999999999957,0.10671597545162825,0.10671597545162825,0.0
-0.07750000000000057,0.15258322819403927,0.15258322819403927,0.0
-0.07249999999999801,0.21396209466354993,0.21396209466354993,0.0
-0.067499999999999,0.23406828764652465,0.23406828764652465,0.0
-0.0625,0.20119937450834136,0.20119937450834136,0.0
-0.057500000000000995,0.18743527169480106,0.18743527169480106,0.0
-0.05249999999999844,0.17677349162668074,0.17677349162668074,0.0
-0.04749999999999943,0.17219854732489057,0.17219854732489057,0.0
-0.042500000000000426,0.12289517761761568,0.12289517761761568,0.0
-0.03749999999999787,0.05358378969779089,0.05358378969779089,0.0
-0.03249999999999886,0.04019275101186439,0.04019275101186439,0.0
-0.027499999999999858,0.06373506095970291,0.06373506095970291,0.0
-0.022500000000000853,0.08509789100411348,0.08509789100411348,0.0
-0.017499999999998295,0.027920904708779285,0.027920904708779285,0.0
-0.01249999999999929,0.030159289474462007,0.030159289474462007,0.0
-0.007500000000000284,0.03783655652167205,0.03783655652167205,0.0
-0.002500000000001279,0.044021567058426955,0.044021567058426955,0.0
0.002500000000001279,0.03948589266480669,0.03948589266480669,0.0
0.007500000000000284,0.07374888754302036,0.07374888754302036,0.0
0.01249999999999929,0.0995295822565416,0.0995295822565416,0.0
0.017500000000001847,0.12503538761287378,0.12503538761287378,0.0
0.022500000000000853,0.12662581889375357,0.12662581889375357,0.0
0.027499999999999858,0.11078041094721006,0.11078041094721006,0.0
0.03249999999999886,0.1353830084156351,0.1353830084156351,0.0
0.03750000000000142,0.16137968762409072,0.16137968762409072,0.0
0.042500000000000426,0.14948090544861933,0.14948090544861933,0.0
0.04749999999999943,0.11064296626861547,0.11064296626861547,0.0
0.05250000000000199,0.11054479149819083,0.11054479149819083,0.0
0.057500000000000995,0.12006774422938489,0.12006774422938489,0.0
0.0625,0.13675745520158067,0.13675745520158067,0.0
0.067499999999999,0.12177598523477433,0.12177598523477433,0.0
0.07250000000000156,0.07288494956328315,0.07288494956328315,0.0
0.07750000000000057,0.08928013622420491,0.08928013622420491,0.0
0.08249999999999957,0.06860452957276707,0.06860452957276707,0.0
0.08750000000000213,0.05330890034060177,0.05330890034060177,0.0
0.09250000000000114,0.0527787565803085,0.0527787565803085,0.0
0.09750000000000014,0.05236642254452484,0.05236642254452484,0.0
0.10249999999999915,0.06689628856737763,0.06689628856737763,0.0
0.1075000000000017,0.10856166113561226,0.10856166113561226,0.0
0.11250000000000071,0.09016370915802703,0.09016370915802703,0.0
0.11749999999999972,0.05376050428455531,0.05376050428455531,0.0
0.12249999999999872,0.06143777133176537,0.06143777133176537,0.0
0.12750000000000128,0.0677602265471148,0.0677602265471148,0.0
0.13250000000000028,0.07905032514595314,0.07905032514595314,0.0
0.1374999999999993,0.08908378668335554,0.08908378668335554,0.0
0.14250000000000185,0.0706858347057703,0.0706858347057703,0.0
0.14750000000000085,0.07253152038975433,0.07253152038975433,0.0
0.15249999999999986,0.07196210672129116,0.07196210672129116,0.0
0.15749999999999886,0.08160286917699487,0.08160286917699487,0.0
0.16250000000000142,0.08551022503989715,0.08551022503989715,0.0
0.16750000000000043,0.09623090997027231,0.09623090997027231,0.0
0.17249999999999943,0.12140292110716058,0.12140292110716058,0.0
0.177500000000002,0.1345387053899829,0.1345387053899829,0.0
0.182500000000001,0.16153676725677016,0.16153676725677016,0.0
0.1875,0.13104368356286422,0.13104368356286422,0.0
0.192499999999999,0.08525497063679296,0.08525497063679296,0.0
0.19750000000000156,0.0756731130433441,0.0756731130433441,0.0
0.20250000000000057,0.0801106126665397,0.0801106126665397,0.0
0.20749999999999957,0.08107272541670156,0.08107272541670156,0.0
0.21250000000000213,0.08696321164218243,0.08696321164218243,0.0
0.21750000000000114,0.07744025891098837,0.07744025891098837,0.0
0.22250000000000014,0.0791484999163778,0.0791484999163778,0.0
0.22749999999999915,0.059219021520167565,0.059219021520167565,0.0
0.2325000000000017,0.028981192229365838,0.028981192229365838,0.0
0.2375000000000007,0.0376991118430775,0.0376991118430775,0.0
0.24249999999999972,0.043707407793067976,0.043707407793067976,0.0
0.24749999999999872,0.03689407872559511,0.03689407872559511,0.0
0.2525000000000013,0.03284927818409826,0.03284927818409826,0.0
0.2575000000000003,0.04427682146153113,0.04427682146153113,0.0
0.2624999999999993,0.044649885589144914,0.044649885589144914,0.0
0.26750000000000185,0.040997784129346786,0.040997784129346786,0.0
0.27250000000000085,0.06876160920544658,0.06876160920544658,0.0
0.27749999999999986,0.08040513697781372,0.08040513697781372,0.0
0.28249999999999886,0.07799003762536658,0.07799003762536658,0.0
0.2875000000000014,0.06842781498600264,0.06842781498600264,0.0
0.2925000000000004,0.08749335540247571,0.08749335540247571,0.0
0.29749999999999943,0.09493500300066653,0.09493500300066653,0.0
0.302500000000002,0.1257029760517616,0.1257029760517616,0.0
0.307500000000001,0.11429506772841364,0.11429506772841364,0.0
0.3125,0.12134401624490575,0.12134401624490575,0.0
0.317499999999999,0.1034369381194439,0.1034369381194439,0.0
0.32250000000000156,0.07003788122096742,0.07003788122096742,0.0
0.32750000000000057,0.06528622233241287,0.06528622233241287,0.0
0.3324999999999996,0.07512333432896588,0.07512333432896588,0.0
0.33750000000000213,0.06334236187800414,0.06334236187800414,0.0
0.34250000000000114,0.032868913138183194,0.032868913138183194,0.0
0.34750000000000014,0.02766565030567511,0.02766565030567511,0.0
0.35249999999999915,0.03231913442380499,0.03231913442380499,0.0
0.3575000000000017,0.03312416754128738,0.03312416754128738,0.0
0.3625000000000007,0.05413356841216911,0.05413356841216911,0.0
0.3674999999999997,0.06713190801639686,0.06713190801639686,0.0
0.3724999999999987,0.07215845626214053,0.07215845626214053,0.0
0.3775000000000013,0.0694881025065892,0.0694881025065892,0.0
0.3825000000000003,0.06457936398535516,0.06457936398535516,0.0
0.3874999999999993,0.06734789251133116,0.06734789251133116,0.0
0.39250000000000185,0.04714352475793181,0.04714352475793181,0.0
0.39750000000000085,0.03322234231171205,0.03322234231171205,0.0
0.40249999999999986,0.0186532063806894,0.0186532063806894,0.0
0.40749999999999886,0.01113301896615883,0.01113301896615883,0.0
0.4125000000000014,0.022835451600780807,0.022835451600780807,0.0
0.4175000000000004,0.028333238744562953,0.028333238744562953,0.0
0.42249999999999943,0.04341288348179394,0.04341288348179394,0.0
0.427500000000002,0.05429064804484858,0.05429064804484858,0.0
0.432500000000001,0.1004916950067035,0.1004916950067035,0.0
0.4375,0.11453068717743287,0.11453068717743287,0.0
0.442499999999999,0.1386031408855647,0.1386031408855647,0.0
0.44750000000000156,0.1161211184583127,0.1161211184583127,0.0
0.45250000000000057,0.09687886345507521,0.09687886345507521,0.0
0.4574999999999996,0.08759153017290038,0.08759153017290038,0.0
0.46250000000000213,0.07661559083942107,0.07661559083942107,0.0
0.46750000000000114,0.06391177554646732,0.06391177554646732,0.0
0.47250000000000014,0.06133959656134068,0.06133959656134068,0.0
0.47749999999999915,0.06139850142359548,0.06139850142359548,0.0
0.4825000000000017,0.059572450693696426,0.059572450693696426,0.0
0.4875000000000007,0.04826271714077317,0.04826271714077317,0.0
0.4924999999999997,0.0289615572752809,0.0289615572752809,0.0
0.4974999999999987,0.02552544031041707,0.02552544031041707,0.0
0.5025000000000013,0.015020739874976199,0.015020739874976199,0.0
0.5075000000000003,0.008462665210607505,0.008462665210607505,0.0
0.5124999999999993,0.010190541170081892,0.010190541170081892,0.0
0.5175000000000018,0.00787361658805942,0.00787361658805942,0.0
0.5225000000000009,0.012664545384783855,0.012664545384783855,0.0
0.5274999999999999,0.018633571426604458,0.018633571426604458,0.0
0.5324999999999989,0.019556414268596466,0.019556414268596466,0.0
0.5375000000000014,0.021166480503561236,0.021166480503561236,0.0
0.5425000000000004,0.03567671157232908,0.03567671157232908,0.0
0.5474999999999994,0.05146321465661778,0.05146321465661778,0.0
0.552500000000002,0.05464407721837744,0.05464407721837744,0.0
0.557500000000001,0.07198174167537609,0.07198174167537609,0.0
0.5625,0.07390596717569985,0.07390596717569985,0.0
0.567499999999999,0.06685701865920775,0.06685701865920775,0.0
0.5725000000000016,0.07390596717569985,0.07390596717569985,0.0
0.5775000000000006,0.058080194183241264,0.058080194183241264,0.0
0.5824999999999996,0.05676465225955056,0.05676465225955056,0.0
0.5875000000000021,0.08344855486097885,0.08344855486097885,0.0
0.5925000000000011,0.08696321164218242,0.08696321164218242,0.0
0.5975000000000001,0.052818026488478366,0.052818026488478366,0.0
0.6024999999999991,0.054545902447952745,0.054545902447952745,0.0
0.6075000000000017,0.049067750258255556,0.049067750258255556,0.0
0.6125000000000007,0.03591233102134831,0.03591233102134831,0.0
0.6174999999999997,0.05101161071266424,0.05101161071266424,0.0
0.6224999999999987,0.03241730919422967,0.03241730919422967,0.0
0.6275000000000013,0.03820962064928585,0.03820962064928585,0.0
0.6325000000000003,0.05262167694762901,0.05262167694762901,0.0
0.6374999999999993,0.04500331476267377,0.04500331476267377,0.0
0.6425000000000018,0.04732023934469623,0.04732023934469623,0.0
0.6475000000000009,0.05809982913732621,0.05809982913732621,0.0
0.6524999999999999,0.05093307089632449,0.05093307089632449,0.0
0.6574999999999989,0.05376050428455532,0.05376050428455532,0.0
0.6625000000000014,0.052818026488478366,0.052818026488478366,0.0
0.6675000000000004,0.050893800988154624,0.050893800988154624,0.0
0.6724999999999994,0.048949940533745934,0.048949940533745934,0.0
0.677500000000002,0.05293583621298798,0.05293583621298798,0.0
0.682500000000001,0.036619189368406004,0.036619189368406004,0.0
0.6875,0.03229949946972005,0.03229949946972005,0.0
0.692499999999999,0.0266249977391735,0.0266249977391735,0.0
0.6975000000000016,0.028372508652732817,0.028372508652732817,0.0
0.7025000000000006,0.03447897937314797,0.03447897937314797,0.0
0.7074999999999996,0.05010840282475716,0.05010840282475716,0.0
0.7125000000000021,0.04374667770123785,0.04374667770123785,0.0
0.7175000000000011,0.054958236483736406,0.054958236483736406,0.0
0.7225000000000001,0.03106249736236908,0.03106249736236908,0.0
0.7274999999999991,0.03516620276612074,0.03516620276612074,0.0
0.7325000000000017,0.03204424506661587,0.03204424506661587,0.0
0.7375000000000007,0.01672898088036565,0.01672898088036565,0.0
0.7424999999999997,0.02780309498426967,0.02780309498426967,0.0
0.7474999999999987,0.04724169952835648,0.04724169952835648,0.0
0.7525000000000013,0.04459098072689011,0.04459098072689011,0.0
0.7575000000000003,0.04076216468032755,0.04076216468032755,0.0
0.7624999999999993,0.05682355712180536,0.05682355712180536,0.0
0.7675000000000018,0.07508406442079602,0.07508406442079602,0.0
0.7725000000000009,0.08821984870361833,0.08821984870361833,0.0
0.7774999999999999,0.05937610115284705,0.05937610115284705,0.0
0.7824999999999989,0.05110978548308891,0.05110978548308891,0.0
0.7875000000000014,0.033477596714816225,0.033477596714816225,0.0
0.7925000000000004,0.017121679962064377,0.017121679962064377,0.0
0.7974999999999994,0.011427543277432874,0.011427543277432874,0.0
0.802500000000002,0.01144717823151781,0.01144717823151781,0.0
0.807500000000001,0.01731802950291374,0.01731802950291374,0.0
0.8125,0.017651823722357653,0.017651823722357653,0.0
0.817499999999999,0.013332133823671686,0.013332133823671686,0.0
0.8225000000000016,0.009346238144429636,0.009346238144429636,0.0
0.8275000000000006,0.018829920967453825,0.018829920967453825,0.0
0.8324999999999996,0.0257610597594363,0.0257610597594363,0.0
0.8375000000000021,0.03711006322052942,0.03711006322052942,0.0
0.8425000000000011,0.05947427592327174,0.05947427592327174,0.0
0.8475000000000001,0.0640688551791468,0.0640688551791468,0.0
0.8524999999999991,0.057608955285202795,0.057608955285202795,0.0
0.8575000000000017,0.03885757413408873,0.03885757413408873,0.0
0.8625000000000007,0.035558901847819444,0.035558901847819444,0.0
0.8674999999999997,0.016709345926280712,0.016709345926280712,0.0
0.8724999999999987,0.012389656027594748,0.012389656027594748,0.0
0.8775000000000013,0.0150207398749762,0.0150207398749762,0.0
0.8825000000000003,0.024465152789830517,0.024465152789830517,0.0
0.8874999999999993,0.04036946559862883,0.04036946559862883,0.0
0.8925000000000018,0.042823834859245846,0.042823834859245846,0.0
0.8975000000000009,0.03903428872085317,0.03903428872085317,0.0
0.9024999999999999,0.04461061568097504,0.04461061568097504,0.0
0.9074999999999989,0.0390539236749381,0.0390539236749381,0.0
0.9125000000000014,0.025407630585907448,0.025407630585907448,0.0
0.9175000000000004,0.03467532891399733,0.03467532891399733,0.0
0.9224999999999994,0.03269219855141878,0.03269219855141878,0.0
0.927500000000002,0.026821347280022854,0.026821347280022854,0.0
0.932500000000001,0.024582962514340133,0.024582962514340133,0.0
0.9375,0.01653263133951629,0.01653263133951629,0.0
0.942499999999999,0.0282546989282232,0.0282546989282232,0.0
0.9475000000000016,0.028883017458941163,0.028883017458941163,0.0
0.9525000000000006,0.02428843820306609,0.02428843820306609,0.0
0.9574999999999996,0.02122538536581604,0.02122538536581604,0.0
0.9625000000000021,0.02964878066825367,0.02964878066825367,0.0
0.9675000000000011,0.039191368353532645,0.039191368353532645,0.0
0.9725000000000001,0.036246125240792224,0.036246125240792224,0.0
0.9774999999999991,0.03652101459798133,0.03652101459798133,0.0
0.9825000000000017,0.027606745443420306,0.027606745443420306,0.0
0.9875000000000007,0.04639739650270422,0.04639739650270422,0.0
0.9924999999999997,0.04667228585989334,0.04667228585989334,0.0
0.9974999999999987,0.04518002934943819,0.04518002934943819,0.0
1.0025000000000013,0.02642864819832413,0.02642864819832413,0.0
1.0075000000000003,0.013999722262559517,0.013999722262559517,0.0
1.0124999999999993,0.012841259971548282,0.012841259971548282,0.0
1.0175000000000018,0.006381360077604268,0.006381360077604268,0.0
1.0225000000000009,0.0043000549446010295,0.0043000549446010295,0.0
1.0274999999999999,0.007402377690020951,0.007402377690020951,0.0
1.0324999999999989,0.004732023934469626,0.004732023934469626,0.0
1.0375000000000014,0.0006675884388878311,0.0006675884388878311,0.0
1.0425000000000004,0.0,0.0,0.0
1.0474999999999994,0.0,0.0,0.0
1.052500000000002,0.0,0.0,0.0
1.057500000000001,0.0,0.0,0.0
1.0625,0.0,0.0,0.0
1.067499999999999,0.0,0.0,0.0
1.0725000000000016,0.0,0.0,0.0
1.0775000000000006,0.0,0.0,0.0
1.0824999999999996,0.0,0.0,0.0
1.0875000000000021,0.0,0.0,0.0
1.0925000000000011,0.0,0.0,0.0
1.0975000000000001,0.0,0.0,0.0
1.1024999999999991,0.0,0.0,0.0
1.1075000000000017,0.0,0.0,0.0
1.1125000000000007,0.0,0.0,0.0
1.1174999999999997,0.0,0.0,0.0
1.1224999999999987,0.0,0.0,0.0
1.1275000000000013,0.0,0.0,0.0
1.1325000000000003,0.0,0.0,0.0
1.1374999999999993,0.0,0.0,0.0
1.1425000000000018,0.0,0.0,0.0
1.1475000000000009,0.0,0.0,0.0
1.1524999999999999,0.0,0.0,0.0
1.1574999999999989,0.0,0.0,0.0
1.1625000000000014,0.0,0.0,0.0
1.1675000000000004,0.0,0.0,0.0
1.1724999999999994,0.0,0.0,0.0
1.177500000000002,0.0,0.0,0.0
1.182500000000001,0.0,0.0,0.0
1.1875,0.0,0.0,0.0
1.192499999999999,0.0,0.0,0.0
1.1975000000000016,0.0,0.0,0.0
1.2025000000000006,0.0,0.0,0.0
1.2074999999999996,0.0,0.0,0.0
1.2125000000000021,0.0,0.0,0.0
1.2175000000000011,0.0,0.0,0.0
1.2225000000000001,0.0,0.0,0.0
1.2274999999999991,0.0,0.0,0.0
1.2325000000000017,0.0,0.0,0.0
1.2375000000000007,0.0,0.0,0.0
1.2424999999999997,0.0,0.0,0.0
1.2474999999999987,0.0,0.0,0.0
1.2525000000000013,0.0,0.0,0.0
1.2575000000000003,0.0,0.0,0.0
1.2624999999999993,0.0,0.0,0.0
1.2675000000000018,0.0,0.0,0.0
1.2725000000000009,0.0,0.0,0.0
1.2774999999999999,0.0,0.0,0.0
1.2824999999999989,0.0,0.0,0.0
1.2875000000000014,0.0,0.0,0.0
1.2925000000000004,0.0,0.0,0.0
1.2974999999999994,0.0,0.0,0.0
1.302500000000002,0.0,0.0,0.0
1.307500000000001,0.0,0.0,0.0
1.3125,0.0,0.0,0.0
1.317499999999999,0.0,0.0,0.0
1.3225000000000016,0.0,0.0,0.0
1.3275000000000006,0.0,0.0,0.0
1.3324999999999996,0.0,0.0,0.0
1.3375000000000021,0.0,0.0,0.0
1.3425000000000011,0.0,0.0,0.0
1.3475000000000001,0.0,0.0,0.0
1.3524999999999991,0.0,0.0,0.0
1.3575000000000017,0.0,0.0,0.0
1.3625000000000007,0.0,0.0,0.0
1.3674999999999997,0.0004123340357836604,0.0004123340357836604,0.0
1.3724999999999987,0.0015315264186250243,0.0015315264186250243,0.0
1.3775000000000013,0.0025329090769567707,0.0025329090769567707,0.0
1.3825000000000003,0.004574944301790136,0.004574944301790136,0.0
1.3874999999999993,0.003652101459798135,0.003652101459798135,0.0
1.3925000000000018,0.002454369260617026,0.002454369260617026,0.0
1.3975000000000009,0.0009424777960769379,0.0009424777960769379,0.0
1.4024999999999999,0.0004123340357836603,0.0004123340357836603,0.0
1.4074999999999989,0.002179479903427919,0.002179479903427919,0.0
1.4125000000000014,0.007441647598190822,0.007441647598190822,0.0
1.4175000000000004,0.012546735660274238,0.012546735660274238,0.0
1.4224999999999994,0.01185951226730147,0.01185951226730147,0.0
1.427500000000002,0.01672898088036565,0.01672898088036565,0.0
1.432500000000001,0.02601631416254048,0.02601631416254048,0.0
1.4375,0.029059732045705586,0.029059732045705586,0.0
1.442499999999999,0.02644828315240907,0.02644828315240907,0.0
1.4475000000000016,0.026899887096362603,0.026899887096362603,0.0
1.4525000000000006,0.03771874679716244,0.03771874679716244,0.0
1.4574999999999996,0.036972618541934864,0.036972618541934864,0.0
1.4625000000000021,0.03324197726579699,0.03324197726579699,0.0
1.4675000000000011,0.03665845927657588,0.03665845927657588,0.0
1.4725000000000001,0.04661338099763852,0.04661338099763852,0.0
1.4774999999999991,0.043825217517577585,0.043825217517577585,0.0
1.4825000000000017,0.07734208414056368,0.07734208414056368,0.0
1.4875000000000007,0.07683157533435533,0.07683157533435533,0.0
1.4924999999999997,0.0639510454546372,0.0639510454546372,0.0
1.4974999999999987,0.05888522730072365,0.05888522730072365,0.0
1.5025000000000013,0.05289656630481811,0.05289656630481811,0.0
1.5075000000000003,0.06169302573486953,0.06169302573486953,0.0
1.5124999999999993,0.05949391087735666,0.05949391087735666,0.0
1.5175000000000018,0.05482079180514185,0.05482079180514185,0.0
1.5225000000000009,0.060220404178499304,0.060220404178499304,0.0
1.5274999999999999,0.08246680715673203,0.08246680715673203,0.0
1.5324999999999989,0.08853400796897733,0.08853400796897733,0.0
1.5375000000000014,0.09803732574608648,0.09803732574608648,0.0
1.5425000000000004,0.09434595437811844,0.09434595437811844,0.0
1.5474999999999994,0.08584401925934107,0.08584401925934107,0.0
1.552500000000002,0.07129451828240334,0.07129451828240334,0.0
1.557500000000001,0.05833544858634544,0.05833544858634544,0.0
1.5625,0.048164542370348486,0.048164542370348486,0.0
1.567499999999999,0.033831025888345065,0.033831025888345065,0.0
1.5725000000000016,0.02699806186678728,0.02699806186678728,0.0
1.5775000000000006,0.03750276230222815,0.03750276230222815,0.0
1.5824999999999996,0.04527820411986287,0.04527820411986287,0.0
1.5875000000000021,0.042058071649933325,0.042058071649933325,0.0
1.5925000000000011,0.03204424506661588,0.03204424506661588,0.0
1.5975000000000001,0.0356374416641592,0.0356374416641592,0.0
1.6024999999999991,0.024622232422510004,0.024622232422510004,0.0
1.6075000000000017,0.02191260875878881,0.02191260875878881,0.0
1.6125000000000007,0.02603594911662541,0.02603594911662541,0.0
1.6174999999999997,0.014726215563702159,0.014726215563702159,0.0
1.6224999999999987,0.00771653695537993,0.00771653695537993,0.0
1.6275000000000013,0.0032986722862692833,0.0032986722862692833,0.0
1.6325000000000003,0.0023169245820224725,0.0023169245820224725,0.0
1.6374999999999993,0.0014529866022852792,0.0014529866022852792,0.0
1.6425000000000018,0.0005301437602932776,0.0005301437602932776,0.0
1.6475000000000009,0.0015707963267948964,0.0015707963267948964,0.0
1.6524999999999999,0.0019242255003237483,0.0019242255003237483,0.0
1.6574999999999989,0.00015707963267948965,0.00015707963267948965,0.0
1.6625000000000014,0.0,0.0,0.0
1.6675000000000004,0.0,0.0,0.0
1.6724999999999994,0.0,0.0,0.0
1.677500000000002,0.0,0.0,0.0
1.682500000000001,0.0,0.0,0.0
1.6875,0.0,0.0,0.0
1.692499999999999,0.0,0.0,0.0
1.6975000000000016,0.0,0.0,0.0
1.7025000000000006,0.0,0.0,0.0
1.7074999999999996,0.0,0.0,0.0
1.7125000000000021,0.0,0.0,0.0
1.7175000000000011,0.0,0.0,0.0
1.7225000000000001,0.0,0.0,0.0
1.7274999999999991,0.0,0.0,0.0
1.7325000000000017,0.0,0.0,0.0
1.7375000000000007,0.0,0.0,0.0
1.7424999999999997,0.0,0.0,0.0
1.7474999999999987,0.0,0.0,0.0
1.7525000000000013,0.0,0.0,0.0
1.7575000000000003,0.0,0.0,0.0
1.7624999999999993,0.0,0.0,0.0
1.7675000000000018,0.0,0.0,0.0
1.7725000000000009,0.0,0.0,0.0
1.7774999999999999,0.0,0.0,0.0
1.7824999999999989,0.0,0.0,0.0
1.7875000000000014,0.0,0.0,0.0
1.7925000000000004,0.0,0.0,0.0
1.7974999999999994,0.0,0.0,0.0
1.802500000000002,0.0,0.0,0.0
1.807500000000001,0.0,0.0,0.0
1.8125,0.0,0.0,0.0
1.817499999999999,0.0,0.0,0.0
1.8225000000000016,0.0,0.0,0.0
1.8275000000000006,0.0,0.0,0.0
1.8324999999999996,0.0,0.0,0.0
1.8375000000000021,0.0,0.0,0.0
1.8425000000000011,0.0,0.0,0.0
1.8475000000000001,0.0,0.0,0.0
1.8524999999999991,0.0,0.0,0.0
1.8575000000000017,0.0,0.0,0.0
1.8625000000000007,0.0,0.0,0.0
1.8674999999999997,0.0,0.0,0.0
1.8724999999999987,0.0,0.0,0.0
1.8775000000000013,0.0,0.0,0.0
1.8825000000000003,0.0,0.0,0.0
1.8874999999999993,0.0,0.0,0.0
1.8925000000000018,0.0,0.0,0.0
1.8975000000000009,0.0,0.0,0.0
1.9024999999999999,0.0,0.0,0.0
1.9074999999999989,0.0,0.0,0.0
1.9125000000000014,0.0,0.0,0.0
1.9175000000000004,0.0,0.0,0.0
1.9224999999999994,0.0,0.0,0.0
1.927500000000002,0.0,0.0,0.0
1.932500000000001,0.0,0.0,0.0
1.9375,0.0,0.0,0.0
1.942499999999999,0.0,0.0,0.0
1.9475000000000016,0.0,0.0,0.0
1.9525000000000006,0.0,0.0,0.0
1.9574999999999996,0.0,0.0,0.0
1.9625000000000021,0.0,0.0,0.0
1.9675000000000011,0.0,0.0,0.0
1.9725000000000001,0.0,0.0,0.0
1.9774999999999991,0.0,0.0,0.0
1.9825000000000017,0.0,0.0,0.0
1.9875000000000007,0.0,0.0,0.0
1.9924999999999997,0.0,0.0,0.0
1.9974999999999987,0.0,0.0,0.0
2.0025000000000013,0.0,0.0,0.0
2.0075000000000003,0.0,0.0,0.0
2.0124999999999993,0.0,0.0,0.0
2.017500000000002,0.0,0.0,0.0
2.022500000000001,0.0,0.0,0.0
2.0275,0.0,0.0,0.0
2.032499999999999,0.0,0.0,0.0
2.0375000000000014,0.0,0.0,0.0
2.0425000000000004,0.0,0.0,0.0
2.0474999999999994,0.0,0.0,0.0
2.052500000000002,0.0,0.0,0.0
2.057500000000001,0.0,0.0,0.0
2.0625,0.0,0.0,0.0
2.067499999999999,0.0,0.0,0.0
2.0725000000000016,0.0,0.0,0.0
2.0775000000000006,0.0,0.0,0.0
2.0824999999999996,0.0,0.0,0.0
2.087500000000002,0.0,0.0,0.0
2.092500000000001,0.0,0.0,0.0
2.0975,0.0,0.0,0.0
2.102499999999999,0.0,0.0,0.0
2.1075000000000017,0.0,0.0,0.0
2.1125000000000007,0.0,0.0,0.0
2.1174999999999997,0.0,0.0,0.0
2.1224999999999987,0.0,0.0,0.0
2.1275000000000013,0.0,0.0,0.0
2.1325000000000003,0.0,0.0,0.0
2.1374999999999993,0.0,0.0,0.0
2.142500000000002,0.0,0.0,0.0
2.147500000000001,0.00027488935718910685,0.00027488935718910685,0.0
2.1525,0.0010602875205865552,0.0010602875205865552,0.0
2.157499999999999,0.0014726215563702154,0.0014726215563702154,0.0
2.1625000000000014,0.0013940817400304706,0.0013940817400304706,0.0
2.1675000000000004,0.003023782929080176,0.003023782929080176,0.0
2.1724999999999994,0.005438882281527331,0.005438882281527331,0.0
2.177500000000002,0.004417864669110648,0.004417864669110648,0.0
2.182500000000001,0.010386890710931256,0.010386890710931256,0.0
2.1875,0.01015127126191202,0.01015127126191202,0.0
2.192499999999999,0.015845407946543523,0.015845407946543523,0.0
2.1975000000000016,0.019772398763530763,0.019772398763530763,0.0
2.2025000000000006,0.02287472150895068,0.02287472150895068,0.0
2.2074999999999996,0.013685562997200537,0.013685562997200537,0.0
2.212500000000002,0.014569135931022667,0.014569135931022667,0.0
2.217500000000001,0.01537416904850505,0.01537416904850505,0.0
2.2225,0.031042862408284147,0.031042862408284147,0.0
2.227499999999999,0.037797286613502186,0.037797286613502186,0.0
2.2325000000000017,0.03440043955680822,0.03440043955680822,0.0
2.2375000000000007,0.03442007451089316,0.03442007451089316,0.0
2.2424999999999997,0.034734233776252135,0.034734233776252135,0.0
2.2474999999999987,0.03383102588834508,0.03383102588834508,0.0
2.2525000000000013,0.03518583772020567,0.03518583772020567,0.0
2.2575000000000003,0.04034983064454389,0.04034983064454389,0.0
2.2624999999999993,0.04378594760940772,0.04378594760940772,0.0
2.267500000000002,0.04518002934943819,0.04518002934943819,0.0
2.272500000000001,0.04518002934943819,0.04518002934943819,0.0
2.2775,0.04916592502868023,0.04916592502868023,0.0
2.282499999999999,0.038975383858598354,0.038975383858598354,0.0
2.2875000000000014,0.036736999092915626,0.036736999092915626,0.0
2.2925000000000004,0.033516866622986086,0.033516866622986086,0.0
2.2974999999999994,0.034577154143572646,0.034577154143572646,0.0
2.302500000000002,0.027351491040316138,0.027351491040316138,0.0
2.307500000000001,0.02004728812071987,0.02004728812071987,0.0
2.3125,0.025014931504208728,0.025014931504208728,0.0
2.317499999999999,0.025977044254370602,0.025977044254370602,0.0
2.3225000000000016,0.022010783529213488,0.022010783529213488,0.0
2.3275000000000006,0.024582962514340133,0.024582962514340133,0.0
2.3324999999999996,0.031631911030832224,0.031631911030832224,0.0
2.337500000000002,0.04425718650744619,0.04425718650744619,0.0
2.342500000000001,0.043844852471662525,0.043844852471662525,0.0
2.3475,0.03251548396465435,0.03251548396465435,0.0
2.352499999999999,0.03622649028670729,0.03622649028670729,0.0
2.3575000000000017,0.03092505268377452,0.03092505268377452,0.0
2.3625000000000007,0.0289615572752809,0.0289615572752809,0.0
2.3674999999999997,0.02707660168312703,0.02707660168312703,0.0
2.3724999999999987,0.02030254252382404,0.02030254252382404,0.0
2.3775000000000013,0.018123062620396122,0.018123062620396122,0.0
2.3825000000000003,0.019085175370557997,0.019085175370557997,0.0
2.3874999999999993,0.021264655273985918,0.021264655273985918,0.0
2.392500000000002,0.011996956945896023,0.011996956945896023,0.0
2.397500000000001,0.010445795573186064,0.010445795573186064,0.0
2.4025,0.013253594007331943,0.013253594007331943,0.0
2.407499999999999,0.007382742735936015,0.007382742735936015,0.0
2.4125000000000014,0.00512472301616835,0.00512472301616835,0.0
2.4175000000000004,0.005163992924338223,0.005163992924338223,0.0
2.4224999999999994,0.007991426312569036,0.007991426312569036,0.0
2.427500000000002,0.010936669425309466,0.010936669425309466,0.0
2.432500000000001,0.01154535300194249,0.01154535300194249,0.0
2.4375,0.005792311455056182,0.005792311455056182,0.0
2.442499999999999,0.006538439710283757,0.006538439710283757,0.0
2.4475000000000016,0.010308350894591511,0.010308350894591511,0.0
2.4525000000000006,0.02503456645829366,0.02503456645829366,0.0
2.4574999999999996,0.024445517835745577,0.024445517835745577,0.0
2.462500000000002,0.025289820861397836,0.025289820861397836,0.0
2.467500000000001,0.031396291581812986,0.031396291581812986,0.0
2.4725,0.036579919460236136,0.036579919460236136,0.0
2.477499999999999,0.03960370238931631,0.03960370238931631,0.0
2.4825000000000017,0.040546180185393244,0.040546180185393244,0.0
2.4875000000000007,0.031082132316454007,0.031082132316454007,0.0
2.4924999999999997,0.03752239725631308,0.03752239725631308,0.0
2.4974999999999987,0.03055198855616073,0.03055198855616073,0.0
2.5025000000000013,0.024956026641953923,0.024956026641953923,0.0
2.5075000000000003,0.01739656931925348,0.01739656931925348,0.0
2.5124999999999993,0.008992808970900783,0.008992808970900783,0.0
2.517500000000002,0.01056360529769568,0.01056360529769568,0.0
2.522500000000001,0.004928373475318989,0.004928373475318989,0.0
2.5275,0.008325220532012952,0.008325220532012952,0.0
2.532499999999999,0.006774059159302993,0.006774059159302993,0.0
2.5375000000000014,0.003652101459798135,0.003652101459798135,0.0
2.5425000000000004,0.005556692006036946,0.005556692006036946,0.0
2.5474999999999994,0.005870851271395926,0.005870851271395926,0.0
2.552500000000002,0.00357356164345839,0.00357356164345839,0.0
2.557500000000001,0.008384125394267762,0.008384125394267762,0.0
2.5625,0.00806996612890878,0.00806996612890878,0.0
2.567499999999999,0.00803069622073891,0.00803069622073891,0.0
2.5725000000000016,0.0044964044854503915,0.0044964044854503915,0.0
2.5775000000000006,0.00632245521534946,0.00632245521534946,0.0
2.5824999999999996,0.0034950218271186453,0.0034950218271186453,0.0
2.587500000000002,0.0017082410053894503,0.0017082410053894503,0.0
2.592500000000001,0.0005890486225480862,0.0005890486225480862,0.0
2.5975,0.00056941366846315,0.00056941366846315,0.0
2.602499999999999,0.0053799774192725205,0.0053799774192725205,0.0
2.6075000000000017,0.007107853378746909,0.007107853378746909,0.0
2.6125000000000007,0.00559596191420682,0.00559596191420682,0.0
2.6174999999999997,0.0046927540262997535,0.0046927540262997535,0.0
2.6224999999999987,0.004241150082346221,0.004241150082346221,0.0
2.6275000000000013,0.0032201324699295377,0.0032201324699295377,0.0
2.6325000000000003,0.0032594023780994105,0.0032594023780994105,0.0
2.6374999999999993,0.005085453107998478,0.005085453107998478,0.0
2.642500000000002,0.007991426312569038,0.007991426312569038,0.0
2.647500000000001,0.008148505945248526,0.008148505945248526,0.0
2.6525,0.010465430527271,0.010465430527271,0.0
2.657499999999999,0.009032078879070655,0.009032078879070655,0.0
2.6625000000000014,0.009149888603580273,0.009149888603580273,0.0
2.6675000000000004,0.010485065481355936,0.010485065481355936,0.0
2.6724999999999994,0.01015127126191202,0.01015127126191202,0.0
2.677500000000002,0.009974556675147595,0.009974556675147595,0.0
2.682500000000001,0.006302820261264524,0.006302820261264524,0.0
2.6875,0.0021009400870881743,0.0021009400870881743,0.0
2.692499999999999,0.0015511613727099605,0.0015511613727099605,0.0
2.6975000000000016,0.0021991148575128553,0.0021991148575128553,0.0
2.7025000000000006,0.0026899887096362607,0.0026899887096362607,0.0
2.7074999999999996,0.00414297531192154,0.00414297531192154,0.0
2.712500000000002,0.0032397674240144743,0.0032397674240144743,0.0
2.717500000000001,0.0016493361431346412,0.0016493361431346412,0.0
2.7225,0.002827433388230814,0.002827433388230814,0.0
2.727499999999999,0.0037502762302228155,0.0037502762302228155,0.0
2.7325000000000017,0.0004516039439535327,0.0004516039439535327,0.0
2.7375000000000007,0,0,0
