omega,S,S_edge,S_cont
1.3025,0,0,0
1.3075,0.0,0.0,0.0
1.3125,0.0004319689898684044,0.0004319689898684044,0.0
1.3175000000000001,0.014883295196375029,0.014883295196375029,0.0
1.3225,0.07528041396161195,0.07528041396161195,0.0
1.3275000000000001,0.24441590844917724,0.24441590844917724,0.0
1.3325,0.5171061507806501,0.5171061507806501,0.0
1.3375000000000001,1.0205463735181899,1.0205463735181899,0.0
1.3425,1.6727802783113088,1.6727802783113088,0.0
1.3475,2.5324378380576005,2.5324378380576005,0.0
1.3525,3.206113112711463,3.206113112711463,0.0
1.3575,3.471616961847854,3.471616961847854,0.0
1.3625,3.625986970863555,3.625986970863555,0.0
1.3675,2.9395489760544864,2.9395489760544864,0.0
1.3725,2.6269997769306106,2.6269997769306106,0.0
1.3775,2.0348095617291997,2.0348095617291997,0.0
1.3825,1.842622631145931,1.842622631145931,0.0
1.3875,1.8259721900819124,1.8259721900819124,0.0
1.3925,1.4560496551218798,1.4560496551218798,0.0
1.3975,1.5650236502932273,1.5650236502932273,0.0
1.4025,1.4282858300457923,1.4282858300457923,0.0
1.4075,1.2359025499216736,1.2359025499216736,0.0
1.4125,1.3654539769740248,1.3654539769740248,0.0
1.4175,1.2351171517582766,1.2351171517582766,0.0
1.4225,1.1097676048801,1.1097676048801,0.0
1.4275,1.1175037767895615,1.1175037767895615,0.0
1.4325,1.1678477990633154,1.1678477990633154,0.0
1.4375,1.1361962530784127,1.1361962530784127,0.0
1.4425000000000001,0.8924479330681233,0.8924479330681233,0.0
1.4475,0.9603848742019723,0.9603848742019723,0.0
1.4525000000000001,1.1558312071633396,1.1558312071633396,0.0
1.4575,1.0429694910831768,1.0429694910831768,0.0
1.4625000000000001,0.7692975010474586,0.7692975010474586,0.0
1.4675,0.8055043563800646,0.8055043563800646,0.0
1.4725,1.0306780098260124,1.0306780098260124,0.0
1.4775,1.058716724259289,1.058716724259289,0.0
1.4825,0.7814319026719437,0.7814319026719437,0.0
1.4875,0.7013605599136093,0.7013605599136093,0.0
1.4925,0.8249822308323128,0.8249822308323128,0.0
1.4975,0.9509993661493771,0.9509993661493771,0.0
1.5025,0.9085093255095942,0.9085093255095942,0.0
1.5075,0.6999468432194949,0.6999468432194949,0.0
1.5125,0.7836310175294555,0.7836310175294555,0.0
1.5175,0.6882051406767081,0.6882051406767081,0.0
1.5225,0.7271216196730342,0.7271216196730342,0.0
1.5275,0.9475828841385996,0.9475828841385996,0.0
1.5325,0.6861631054518756,0.6861631054518756,0.0
1.5375,0.8573013652561033,0.8573013652561033,0.0
1.5425,0.6175193059709694,0.6175193059709694,0.0
1.5475,0.5139252882188918,0.5139252882188918,0.0
1.5525,0.7273965090302232,0.7273965090302232,0.0
1.5575,0.8444208353763909,0.8444208353763909,0.0
1.5625,0.9020690605697379,0.9020690605697379,0.0
1.5675000000000001,0.7102355591599969,0.7102355591599969,0.0
1.5725,0.4408439891147918,0.4408439891147918,0.0
1.5775000000000001,0.44492805956445675,0.44492805956445675,0.0
1.5825,0.6374684193212556,0.6374684193212556,0.0
1.5875000000000001,0.9076846574380271,0.9076846574380271,0.0
1.5925,1.036136527061622,1.036136527061622,0.0
1.5975000000000001,0.5847682025573102,0.5847682025573102,0.0
1.6025,0.3628932213976297,0.3628932213976297,0.0
1.6075,0.34490760345583604,0.34490760345583604,0.0
1.6125,0.5266487384659249,0.5266487384659249,0.0
1.6175,0.8269064563326356,0.8269064563326356,0.0
1.6225,1.1702039935535065,1.1702039935535065,0.0
1.6275,0.6823146544512299,0.6823146544512299,0.0
1.6325,0.3387029579649991,0.3387029579649991,0.0
1.6375,0.26424721207495394,0.26424721207495394,0.0
1.6425,0.3414518515368889,0.3414518515368889,0.0
1.6475,0.6295751677791146,0.6295751677791146,0.0
1.6525,1.1189960333000162,1.1189960333000162,0.0
1.6575,0.9904263539519114,0.9904263539519114,0.0
1.6625,0.47214210592616607,0.47214210592616607,0.0
1.6675,0.28246844946576666,0.28246844946576666,0.0
1.6725,0.20373228358520748,0.20373228358520748,0.0
1.6775,0.27378979976022877,0.27378979976022877,0.0
1.6825,0.7367034772664789,0.7367034772664789,0.0
1.6875,1.137688509588867,1.137688509588867,0.0
1.6925000000000001,0.9345452746262077,0.9345452746262077,0.0
1.6975,0.4745375703245273,0.4745375703245273,0.0
1.7025000000000001,0.2589457744720236,0.2589457744720236,0.0
1.7075,0.11470740176414627,0.11470740176414627,0.0
1.7125000000000001,0.2245060650070608,0.2245060650070608,0.0
1.7175,0.6280829112686603,0.6280829112686603,0.0
1.7225000000000001,1.1003428269193347,1.1003428269193347,0.0
1.7275,1.0316990274384286,1.0316990274384286,0.0
1.7325,0.5836293752203845,0.5836293752203845,0.0
1.7375,0.2685669019736381,0.2685669019736381,0.0
1.7425,0.057608955285177205,0.057608955285177205,0.0
1.7475,0.13241813034875088,0.13241813034875088,0.0
1.7525,0.4440641215847199,0.4440641215847199,0.0
1.7575,0.8573406351642731,0.8573406351642731,0.0
1.7625,1.1129091975336884,1.1129091975336884,0.0
1.7675,0.8613461657975985,0.8613461657975985,0.0
1.7725,0.43283292784814137,0.43283292784814137,0.0
1.7775,0.06298893270444736,0.06298893270444736,0.0
1.7825,0.03675663404698423,0.03675663404698423,0.0
1.7875,0.19752763809437038,0.19752763809437038,0.0
1.7925,0.5913655471298459,0.5913655471298459,0.0
1.7975,0.9136144135716753,0.9136144135716753,0.0
1.8025,1.0348013501838473,1.0348013501838473,0.0
1.8075,0.8037764804205911,0.8037764804205911,0.0
1.8125,0.33053481706566934,0.33053481706566934,0.0
1.8175000000000001,0.019202985095059064,0.019202985095059064,0.0
1.8225,0.019949113350286315,0.019949113350286315,0.0
1.8275000000000001,0.21237166338257557,0.21237166338257557,0.0
1.8325,0.5983948606922499,0.5983948606922499,0.0
1.8375000000000001,0.8917803446292359,0.8917803446292359,0.0
1.8425,0.9974556675143154,0.9974556675143154,0.0
1.8475000000000001,0.7823743804680203,0.7823743804680203,0.0
1.8525,0.36870516780676826,0.36870516780676826,0.0
1.8575,0.05517422097864622,0.05517422097864622,0.0
1.8625,0.012880529879712426,0.012880529879712426,0.0
1.8675,0.1290801881543132,0.1290801881543132,0.0
1.8725,0.47072838923205146,0.47072838923205146,0.0
1.8775,0.8072322323395383,0.8072322323395383,0.0
1.8825,0.9550834365990423,0.9550834365990423,0.0
1.8875,0.8653909663390935,0.8653909663390935,0.0
1.8925,0.4869861312143711,0.4869861312143711,0.0
1.8975,0.1818589447345983,0.1818589447345983,0.0
1.9025,0.022148228207798184,0.022148228207798184,0.0
1.9075,0.047673668518203906,0.047673668518203906,0.0
1.9125,0.2303180114161993,0.2303180114161993,0.0
1.9175,0.6513699668133842,0.6513699668133842,0.0
1.9225,0.7954512598885818,0.7954512598885818,0.0
1.9275,0.9571647417320442,0.9571647417320442,0.0
1.9325,0.7470707330233206,0.7470707330233206,0.0
1.9375,0.35747397407018966,0.35747397407018966,0.0
1.9425000000000001,0.11824169349943323,0.11824169349943323,0.0
1.9475,0.023561944901912962,0.023561944901912962,0.0
1.9525000000000001,0.07119634351194704,0.07119634351194704,0.0
1.9575,0.25733570823705954,0.25733570823705954,0.0
1.9625000000000001,0.6456365602205854,0.6456365602205854,0.0
1.9675,0.8113163027892034,0.8113163027892034,0.0
1.9725000000000001,0.9349772436160761,0.9349772436160761,0.0
1.9775,0.7152228374975683,0.7152228374975683,0.0
1.9825000000000002,0.34317972749636255,0.34317972749636255,0.0
1.9875,0.10115928344554632,0.10115928344554632,0.0
1.9925,0.041822452200895505,0.041822452200895505,0.0
1.9975,0.04653484118127812,0.04653484118127812,0.0
2.0025,0.21885119823060167,0.21885119823060167,0.0
2.0075,0.5186376771992746,0.5186376771992746,0.0
2.0125,0.804601148492158,0.804601148492158,0.0
2.0175,0.9145568913677519,0.9145568913677519,0.0
2.0225,0.7930557954902206,0.7930557954902206,0.0
2.0275,0.43122286161317736,0.43122286161317736,0.0
2.0325,0.11875220230564136,0.11875220230564136,0.0
2.0375,0.07127488332828674,0.07127488332828674,0.0
2.0425,0.022344577748647464,0.022344577748647464,0.0
2.0475,0.10626437150762749,0.10626437150762749,0.0
2.0525,0.34235505942479555,0.34235505942479555,0.0
2.0575,0.6589097891819964,0.6589097891819964,0.0
2.0625,0.89068078720048,0.89068078720048,0.0
2.0675,0.9343881949935284,0.9343881949935284,0.0
2.0725000000000002,0.6036570283870105,0.6036570283870105,0.0
2.0775,0.2571786286043801,0.2571786286043801,0.0
2.0825,0.07257079029789194,0.07257079029789194,0.0
2.0875,0.047202429620165624,0.047202429620165624,0.0
2.0925000000000002,0.02874557278033382,0.02874557278033382,0.0
2.0975,0.1300619358585596,0.1300619358585596,0.0
2.1025,0.3813893481456314,0.3813893481456314,0.0
2.1075,0.6799191900528687,0.6799191900528687,0.0
2.1125,0.9546514676091735,0.9546514676091735,0.0
2.1175,0.9671392984071875,0.9671392984071875,0.0
2.1225,0.47347728280394114,0.47347728280394114,0.0
2.1275,0.2182621496080539,0.2182621496080539,0.0
2.1325,0.06055419839791632,0.06055419839791632,0.0
2.1375,0.03318307240352742,0.03318307240352742,0.0
2.1425,0.024936391687857887,0.024936391687857887,0.0
2.1475,0.1056360529769098,0.1056360529769098,0.0
2.1525,0.31989267195163845,0.31989267195163845,0.0
2.1575,0.6279651015441508,0.6279651015441508,0.0
2.1625,0.982101133419902,0.982101133419902,0.0
2.1675,1.047799689788069,1.047799689788069,0.0
2.1725,0.5015552671453876,0.5015552671453876,0.0
2.1775,0.21013327861689382,0.21013327861689382,0.0
2.1825,0.07673340056389656,0.07673340056389656,0.0
2.1875,0.026350108381972662,0.026350108381972662,0.0
2.1925,0.015236724369903722,0.015236724369903722,0.0
2.1975000000000002,0.05458517235609837,0.05458517235609837,0.0
2.2025,0.21182188466819757,0.21182188466819757,0.0
2.2075,0.47602982683498185,0.47602982683498185,0.0
2.2125,0.8635452806551102,0.8635452806551102,0.0
2.2175000000000002,1.1413798809568332,1.1413798809568332,0.0
2.2225,0.7408268176243138,0.7408268176243138,0.0
2.2275,0.26295130510534875,0.26295130510534875,0.0
2.2325,0.12444633899027033,0.12444633899027033,0.0
2.2375000000000003,0.03129811681137438,0.03129811681137438,0.0
2.2425,0.010367255756841708,0.010367255756841708,0.0
2.2475,0.013116149328731556,0.013116149328731556,0.0
2.2525,0.08623671834100147,0.08623671834100147,0.0
2.2575,0.2638152430850856,0.2638152430850856,0.0
2.2625,0.607034240489618,0.607034240489618,0.0
2.2675,1.0132814405067672,1.0132814405067672,0.0
2.2725,1.0784694880687256,1.0784694880687256,0.0
2.2775,0.5719662124939373,0.5719662124939373,0.0
2.2825,0.19277597920581793,0.19277597920581793,0.0
2.2875,0.08246680715669541,0.08246680715669541,0.0
2.2925,0.015079644737224299,0.015079644737224299,0.0
2.2975,0.002631083847380281,0.002631083847380281,0.0
2.3025,0.015040374829054447,0.015040374829054447,0.0
2.3075,0.07795076771716207,0.07795076771716207,0.0
2.3125,0.26672121628965484,0.26672121628965484,0.0
2.3175,0.6648788152238144,0.6648788152238144,0.0
2.3225000000000002,1.0231774573655703,1.0231774573655703,0.0
2.3275,1.0522764593194325,1.0522764593194325,0.0
2.3325,0.5426708609992258,0.5426708609992258,0.0
2.3375,0.21500274722995585,0.21500274722995585,0.0
2.3425000000000002,0.06188937527569141,0.06188937527569141,0.0
2.3475,0.005811946409138532,0.005811946409138532,0.0
2.3525,0.0005890486225478242,0.0005890486225478242,0.0
2.3575,0.0095033177771049,0.0095033177771049,0.0
2.3625000000000003,0.05588107932570359,0.05588107932570359,0.0
2.3675,0.20750219476951354,0.20750219476951354,0.0
2.3725,0.5671752836972151,0.5671752836972151,0.0
2.3775,0.965607771988563,0.965607771988563,0.0
2.3825,1.0631542238824825,1.0631542238824825,0.0
2.3875,0.662561890641793,0.662561890641793,0.0
2.3925,0.31592641122648313,0.31592641122648313,0.0
2.3975,0.07535895377795165,0.07535895377795165,0.0
2.4025,0.0037306412761362196,0.0037306412761362196,0.0
2.4075,0.00031415926535883956,0.00031415926535883956,0.0
2.4125,0.003180862561758251,0.003180862561758251,0.0
2.4175,0.02281581664668572,0.02281581664668572,0.0
2.4225,0.12801990063372715,0.12801990063372715,0.0
2.4275,0.36469963717344295,0.36469963717344295,0.0
2.4325,0.7698472797618364,0.7698472797618364,0.0
2.4375,1.073482209731154,1.073482209731154,0.0
2.4425,0.851725038295984,0.851725038295984,0.0
2.4475000000000002,0.5186769471074443,0.5186769471074443,0.0
2.4525,0.17950275024440698,0.17950275024440698,0.0
2.4575,0.014726215563695607,0.014726215563695607,0.0
2.4625,0.0,0.0,0.0
2.4675000000000002,7.853981633970989e-5,7.853981633970989e-5,0.0
2.4725,0.006204645490837083,0.006204645490837083,0.0
2.4775,0.050815261171792296,0.050815261171792296,0.0
2.4825,0.17832465299931133,0.17832465299931133,0.0
2.4875000000000003,0.45396013844352334,0.45396013844352334,0.0
2.4925,0.85545567957212,0.85545567957212,0.0
2.4975,1.0246697138760248,1.0246697138760248,0.0
2.5025,0.7773478322222787,0.7773478322222787,0.0
2.5075,0.45058292634091573,0.45058292634091573,0.0
2.5125,0.12307189220432542,0.12307189220432542,0.0
2.5175,0.006479534848026068,0.006479534848026068,0.0
2.5225,0.0,0.0,0.0
2.5275,0.0,0.0,0.0
2.5325,0.0066366144807054874,0.0066366144807054874,0.0
2.5375,0.06385287068418415,0.06385287068418415,0.0
2.5425,0.1879457805009258,0.1879457805009258,0.0
2.5475,0.45191810321869097,0.45191810321869097,0.0
2.5525,0.8027947327163446,0.8027947327163446,0.0
2.5575,1.0068804454750806,1.0068804454750806,0.0
2.5625,0.7906210611836896,0.7906210611836896,0.0
2.5675,0.456434142658224,0.456434142658224,0.0
2.5725000000000002,0.1517781950764894,0.1517781950764894,0.0
2.5775,0.008128870991159977,0.008128870991159977,0.0
2.5825,0.0,0.0,0.0
2.5875,7.853981633970989e-5,7.853981633970989e-5,0.0
2.5925000000000002,0.0032201324699281052,0.0032201324699281052,0.0
2.5975,0.047987827783562746,0.047987827783562746,0.0
2.6025,0.16210618092516124,0.16210618092516124,0.0
2.6075,0.3872012945547699,0.3872012945547699,0.0
2.6125000000000003,0.6572211831306926,0.6572211831306926,0.0
2.6175,0.9765248064597828,0.9765248064597828,0.0
2.6225,0.8471304590401109,0.8471304590401109,0.0
2.6275,0.5615989567370958,0.5615989567370958,0.0
2.6325,0.2452405765207443,0.2452405765207443,0.0
2.6375,0.03844524009828798,0.03844524009828798,0.0
2.6425,0.0002356194490191297,0.0002356194490191297,0.0
2.6475,0.0,0.0,0.0
2.6525,0.003141592653588396,0.003141592653588396,0.0
2.6575,0.023915374075441663,0.023915374075441663,0.0
2.6625,0.09232355410732898,0.09232355410732898,0.0
2.6675,0.2861990907419029,0.2861990907419029,0.0
2.6725,0.49232683872547167,0.49232683872547167,0.0
2.6775,0.7904247116428403,0.7904247116428403,0.0
2.6825,0.9291260272987678,0.9291260272987678,0.0
2.6875,0.7281426372854507,0.7281426372854507,0.0
2.6925,0.43008403427625147,0.43008403427625147,0.0
2.6975000000000002,0.13681636006377462,0.13681636006377462,0.0
2.7025,0.014333516481997058,0.014333516481997058,0.0
2.7075,0.00015707963267941978,0.00015707963267941978,0.0
2.7125,0.0017278759594736173,0.0017278759594736173,0.0
2.7175000000000002,0.00942477796076519,0.00942477796076519,0.0
2.7225,0.04036946559861088,0.04036946559861088,0.0
2.7275,0.1259778654088947,0.1259778654088947,0.0
2.7325,0.34353315666989115,0.34353315666989115,0.0
2.7375000000000003,0.5471083606224195,0.5471083606224195,0.0
2.7425,0.7968649765826967,0.7968649765826967,0.0
2.7475,0.8914269154557074,0.8914269154557074,0.0
2.7525,0.6726542570414457,0.6726542570414457,0.0
2.7575,0.3739673355015288,0.3739673355015288,0.0
2.7625,0.11223339754944549,0.11223339754944549,0.0
2.7675,0.01075995483854026,0.01075995483854026,0.0
2.7725,0.0009817477042463735,0.0009817477042463735,0.0
2.7775,0.0020813051330023117,0.0020813051330023117,0.0
2.7825,0.015040374829054447,0.015040374829054447,0.0
2.7875,0.043550328160369134,0.043550328160369134,0.0
2.7925,0.13230032062424132,0.13230032062424132,0.0
2.7975,0.32656855634051385,0.32656855634051385,0.0
2.8025,0.5291620125887958,0.5291620125887958,0.0
2.8075,0.7763268146098625,0.7763268146098625,0.0
2.8125,0.8760331114531241,0.8760331114531241,0.0
2.8175,0.6726935269496156,0.6726935269496156,0.0
2.8225000000000002,0.39584067435213793,0.39584067435213793,0.0
2.8275,0.13760175822717174,0.13760175822717174,0.0
2.8325,0.016139932257810383,0.016139932257810383,0.0
2.8375,0.0036128315516266553,0.0036128315516266553,0.0
2.8425000000000002,0.0009424777960765188,0.0009424777960765188,0.0
2.8475,0.015118914645394155,0.015118914645394155,0.0
2.8525,0.04598506246690014,0.04598506246690014,0.0
2.8575,0.09797842088378811,0.09797842088378811,0.0
2.8625000000000003,0.25085617338903343,0.25085617338903343,0.0
2.8675,0.4611072617304371,0.4611072617304371,0.0
2.8725,0.7049341215570664,0.7049341215570664,0.0
2.8775,0.8462272511522043,0.8462272511522043,0.0
2.8825,0.7524899803507606,0.7524899803507606,0.0
2.8875,0.47143524757910876,0.47143524757910876,0.0
2.8925,0.2316139183858045,0.2316139183858045,0.0
2.8975,0.041940261925405065,0.041940261925405065,0.0
2.9025,0.006361725123516502,0.006361725123516502,0.0
2.9075,0.0006283185307176791,0.0006283185307176791,0.0
2.9125,0.00753982236861215,0.00753982236861215,0.0
2.9175,0.0413119433946874,0.0413119433946874,0.0
2.9225,0.0726886000224015,0.0726886000224015,0.0
2.9275,0.13351768777750683,0.13351768777750683,0.0
2.9325,0.32138492846209293,0.32138492846209293,0.0
2.9375,0.5868495076903126,0.5868495076903126,0.0
2.9425,0.7915242690715965,0.7915242690715965,0.0
2.9475000000000002,0.8007919673996824,0.8007919673996824,0.0
2.9525,0.6370364503313873,0.6370364503313873,0.0
2.9575,0.36736999092899314,0.36736999092899314,0.0
2.9625,0.13991868280919315,0.13991868280919315,0.0
2.9675000000000002,0.023365595361063682,0.023365595361063682,0.0
2.9725,0.003180862561758251,0.003180862561758251,0.0
2.9775,0.00365210145979651,0.00365210145979651,0.0
2.9825,0.019713493901267184,0.019713493901267184,0.0
2.9875000000000003,0.0547422519887778,0.0547422519887778,0.0
2.9925,0.07583019267598991,0.07583019267598991,0.0
2.9975,0.1452986602284633,0.1452986602284633,0.0
3.0025,0.37161114101133746,0.37161114101133746,0.0
3.0075000000000003,0.6444977328836596,0.6444977328836596,0.0
3.0125,0.7798611063451495,0.7798611063451495,0.0
3.0175,0.7857908624787977,0.7857908624787977,0.0
3.0225,0.581076831189344,0.581076831189344,0.0
3.0275,0.31906800388007156,0.31906800388007156,0.0
3.0325,0.12527100706183728,0.12527100706183728,0.0
3.0375,0.01971349390126718,0.01971349390126718,0.0
3.0425,0.001688606051303763,0.001688606051303763,0.0
3.0475,0.00863937979736809,0.00863937979736809,0.0
3.0525,0.02972732048458019,0.02972732048458019,0.0
3.0575,0.044964044854483916,0.044964044854483916,0.0
3.0625,0.07088218424658818,0.07088218424658818,0.0
3.0675,0.1403113818908917,0.1403113818908917,0.0
3.0725000000000002,0.3565314962741131,0.3565314962741131,0.0
3.0775,0.6188152129405745,0.6188152129405745,0.0
3.0825,0.748602259441945,0.748602259441945,0.0
3.0875,0.8061326749107824,0.8061326749107824,0.0
3.0925000000000002,0.57950603486255,0.57950603486255,0.0
3.0975,0.34345461685355144,0.34345461685355144,0.0
3.1025,0.1528777525052453,0.1528777525052453,0.0
3.1075,0.024661502330668897,0.024661502330668897,0.0
3.1125000000000003,0.0023561944901912967,0.0023561944901912967,0.0
3.1175,0.013351768777750687,0.013351768777750687,0.0
3.1225,0.025603980126745418,0.025603980126745418,0.0
3.1275,0.033732851117905395,0.033732851117905395,0.0
3.1325000000000003,0.061300326653143576,0.061300326653143576,0.0
3.1375,0.10579313260958921,0.10579313260958921,0.0
3.1425,0.2767350428729679,0.2767350428729679,0.0
3.1475,0.5503284930923475,0.5503284930923475,0.0
3.1525,0.6835712915126653,0.6835712915126653,0.0
3.1575,0.8218799080868943,0.8218799080868943,0.0
3.1625,0.6462256088431334,0.6462256088431334,0.0
3.1675,0.4251360258468499,0.4251360258468499,0.0
3.1725,0.20754146467768342,0.20754146467768342,0.0
3.1775,0.07186393195083457,0.07186393195083457,0.0
3.1825,0.00365210145979651,0.00365210145979651,0.0
3.1875,0.009974556675143161,0.009974556675143161,0.0
3.1925,0.021834068942439347,0.021834068942439347,0.0
3.1975000000000002,0.02764601535157788,0.02764601535157788,0.0
3.2025,0.04386448742572797,0.04386448742572797,0.0
3.2075,0.07473063524723397,0.07473063524723397,0.0
3.2125,0.1612422429454244,0.1612422429454244,0.0
3.2175000000000002,0.39587994426030787,0.39587994426030787,0.0
3.2225,0.592150945293243,0.592150945293243,0.0
3.2275,0.7625038069340737,0.7625038069340737,0.0
3.2325,0.770279248751705,0.770279248751705,0.0
3.2375000000000003,0.5363876756920489,0.5363876756920489,0.0
3.2425,0.3471852581296878,0.3471852581296878,0.0
3.2475,0.1485973325147311,0.1485973325147311,0.0
3.2525,0.033850660842414955,0.033850660842414955,0.0
3.2575000000000003,0.0027488935718898463,0.0027488935718898463,0.0
3.2625,0.014254976665657346,0.014254976665657346,0.0
3.2675,0.02521128104504687,0.02521128104504687,0.0
3.2725,0.02662499773916165,0.02662499773916165,0.0
3.2775,0.04653484118127811,0.04653484118127811,0.0
3.2825,0.0931874920870658,0.0931874920870658,0.0
3.2875,0.1999231024927315,0.1999231024927315,0.0
3.2925,0.40962441211975714,0.40962441211975714,0.0
3.2975,0.6120607887353593,0.6120607887353593,0.0
3.3025,0.8044833387676488,0.8044833387676488,0.0
3.3075,0.7016747191789684,0.7016747191789684,0.0
3.3125,0.5099590274937367,0.5099590274937367,0.0
3.3175,0.31203869031766757,0.31203869031766757,0.0
3.3225000000000002,0.14737996536146558,0.14737996536146558,0.0
3.3275,0.02163771940159007,0.02163771940159007,0.0
3.3325,0.0027881634800597014,0.0027881634800597014,0.0
3.3375,0.011074114103899097,0.011074114103899097,0.0
3.3425000000000002,0.023719024534592383,0.023719024534592383,0.0
3.3475,0.028038714433276428,0.028038714433276428,0.0
3.3525,0.043668137884878694,0.043668137884878694,0.0
3.3575,0.10225884087430227,0.10225884087430227,0.0
3.3625000000000003,0.19913770432933445,0.19913770432933445,0.0
3.3675,0.3486382447319723,0.3486382447319723,0.0
3.3725,0.5934468522628481,0.5934468522628481,0.0
3.3775,0.7936055742045988,0.7936055742045988,0.0
3.3825000000000003,0.705326820638765,0.705326820638765,0.0
3.3875,0.5039507315437489,0.5039507315437489,0.0
3.3925,0.3601443278257398,0.3601443278257398,0.0
3.3975,0.1719629278757948,0.1719629278757948,0.0
3.4025,0.03801327110841958,0.03801327110841958,0.0
3.4075,0.0016493361431339077,0.0016493361431339077,0.0
3.4125,0.005497787143779693,0.005497787143779693,0.0
3.4175,0.016964600329377338,0.016964600329377338,0.0
3.4225,0.02807798434144628,0.02807798434144628,0.0
3.4275,0.03640320487345554,0.03640320487345554,0.0
3.4325,0.08317366550375278,0.08317366550375278,0.0
3.4375,0.16674003008920413,0.16674003008920413,0.0
3.4425,0.2831360379046542,0.2831360379046542,0.0
3.4475000000000002,0.48635781268365375,0.48635781268365375,0.0
3.4525,0.7334833447965509,0.7334833447965509,0.0
3.4575,0.7393345611138593,0.7393345611138593,0.0
3.4625,0.5809197515566646,0.5809197515566646,0.0
3.4675000000000002,0.4106454297321733,0.4106454297321733,0.0
3.4725,0.26409013244227453,0.26409013244227453,0.0
3.4775,0.08164213908512846,0.08164213908512846,0.0
3.4825,0.00958185759344461,0.00958185759344461,0.0
3.4875000000000003,0.0010995574287559387,0.0010995574287559387,0.0
3.4925,0.004948008429401724,0.004948008429401724,0.0
3.4975,0.017514379043755305,0.017514379043755305,0.0
3.5025,0.03286891313816857,0.03286891313816857,0.0
3.5075000000000003,0.05509568116230649,0.05509568116230649,0.0
3.5125,0.11337222488637123,0.11337222488637123,0.0
3.5175,0.19854865570678665,0.19854865570678665,0.0
3.5225,0.3650923362551416,0.3650923362551416,0.0
3.5275,0.5761680926681121,0.5761680926681121,0.0
3.5325,0.7136127712626044,0.7136127712626044,0.0
3.5375,0.6855740568293279,0.6855740568293279,0.0
3.5425,0.526688008374095,0.526688008374095,0.0
3.5475,0.3659170043267086,0.3659170043267086,0.0
3.5525,0.2101725485250637,0.2101725485250637,0.0
3.5575,0.054545902447928535,0.054545902447928535,0.0
3.5625,0.005654866776459113,0.005654866776459113,0.0
3.5675,0.0004319689898684044,0.0004319689898684044,0.0
3.5725000000000002,0.0025525440310405715,0.0025525440310405715,0.0
3.5775,0.014294246573827205,0.014294246573827205,0.0
3.5825,0.03208351497477148,0.03208351497477148,0.0
3.5875,0.06605198554169603,0.06605198554169603,0.0
3.5925000000000002,0.11788826432590452,0.11788826432590452,0.0
3.5975,0.20911226100447758,0.20911226100447758,0.0
3.6025,0.4119020667936087,0.4119020667936087,0.0
3.6075,0.573497738912562,0.573497738912562,0.0
3.6125000000000003,0.6726935269496155,0.6726935269496155,0.0
3.6175,0.6464612282921526,0.6464612282921526,0.0
3.6225,0.5289656630479465,0.5289656630479465,0.0
3.6275,0.3722001896338853,0.3722001896338853,0.0
3.6325000000000003,0.21040816797408282,0.21040816797408282,0.0
3.6375,0.06055419839791635,0.06055419839791635,0.0
3.6425,0.007893251542140847,0.007893251542140847,0.0
3.6475,0.0,0.0,0.0
3.6525,0.001413716694114778,0.001413716694114778,0.0
3.6575,0.005851216317308387,0.005851216317308387,0.0
3.6625,0.02548617040223586,0.02548617040223586,0.0
3.6675,0.052032628325057804,0.052032628325057804,0.0
3.6725,0.10693195994651503,0.10693195994651503,0.0
3.6775,0.20157243863586546,0.20157243863586546,0.0
3.6825,0.37066866321526093,0.37066866321526093,0.0
3.6875,0.5302223001093819,0.5302223001093819,0.0
3.6925,0.6299285969526436,0.6299285969526436,0.0
3.6975000000000002,0.646853927373851,0.646853927373851,0.0
3.7025,0.557554156195601,0.557554156195601,0.0
3.7075,0.410488350099494,0.410488350099494,0.0
3.7125,0.26196955740110234,0.26196955740110234,0.0
3.7175000000000002,0.10909180489585704,0.10909180489585704,0.0
3.7225,0.014372786390166913,0.014372786390166913,0.0
3.7275,0.0025525440310405715,0.0025525440310405715,0.0
3.7325,0.00015707963267941978,0.00015707963267941978,0.0
3.7375000000000003,0.0012566370614353582,0.0012566370614353582,0.0
3.7425,0.008443030256518816,0.008443030256518816,0.0
3.7475,0.036010505791756985,0.036010505791756985,0.0
3.7525,0.074180856532856,0.074180856532856,0.0
3.7575000000000003,0.16120297303725456,0.16120297303725456,0.0
3.7625,0.27335783077036035,0.27335783077036035,0.0
3.7675,0.44712717442196875,0.44712717442196875,0.0
3.7725,0.5683141110341411,0.5683141110341411,0.0
3.7775,0.6393926448215785,0.6393926448215785,0.0
3.7825,0.6118251692863406,0.6118251692863406,0.0
3.7875,0.46464155346572406,0.46464155346572406,0.0
3.7925,0.3493058331708599,0.3493058331708599,0.0
3.7975,0.21040816797408282,0.21040816797408282,0.0
3.8025,0.07319910882860965,0.07319910882860965,0.0
3.8075,0.007539822368612153,0.007539822368612153,0.0
3.8125,0.0006283185307176791,0.0006283185307176791,0.0
3.8175,3.9269908169854944e-5,3.9269908169854944e-5,0.0
3.8225000000000002,0.002199114857511877,0.002199114857511877,0.0
3.8275,0.010602875205860838,0.010602875205860838,0.0
3.8325,0.033497231668886275,0.033497231668886275,0.0
3.8375,0.09279479300536725,0.09279479300536725,0.0
3.8425000000000002,0.1852361568372058,0.1852361568372058,0.0
3.8475,0.30532353602062223,0.30532353602062223,0.0
3.8525,0.44276821461511473,0.44276821461511473,0.0
3.8575,0.566429155441988,0.566429155441988,0.0
3.8625000000000003,0.6375469591375952,0.6375469591375952,0.0
3.8675,0.5979628917023818,0.5979628917023818,0.0
3.8725,0.42407573832626383,0.42407573832626383,0.0
3.8775,0.33245904256599207,0.33245904256599207,0.0
3.8825000000000003,0.20985838925970482,0.20985838925970482,0.0
3.8875,0.07418085653285603,0.07418085653285603,0.0
3.8925,0.011270463644748374,0.011270463644748374,0.0
3.8975,0.000785398163397099,0.000785398163397099,0.0
3.9025000000000003,0.0013351768777750681,0.0013351768777750681,0.0
3.9075,0.00349502182711709,0.00349502182711709,0.0
3.9125,0.008403760348348962,0.008403760348348962,0.0
3.9175,0.026310838473802813,0.026310838473802813,0.0
3.9225,0.07912886496225771,0.07912886496225771,0.0
3.9275,0.16905695467122553,0.16905695467122553,0.0
3.9325,0.2900475417425487,0.2900475417425487,0.0
3.9375,0.39317032059658785,0.39317032059658785,0.0
3.9425,0.5178522790358775,0.5178522790358775,0.0
3.9475000000000002,0.6347587956575357,0.6347587956575357,0.0
3.9525,0.5992587986719868,0.5992587986719868,0.0
3.9575,0.4641703145676857,0.4641703145676857,0.0
3.9625,0.33972397557741524,0.33972397557741524,0.0
3.9675000000000002,0.2560005313592844,0.2560005313592844,0.0
3.9725,0.11286171608016313,0.11286171608016313,0.0
3.9775,0.026389378290142512,0.026389378290142512,0.0
3.9825,0.004712388980382594,0.004712388980382594,0.0
3.9875000000000003,0.0029845130209089758,0.0029845130209089758,0.0
3.9925,0.004162610266004624,0.004162610266004624,0.0
3.9975,0.008285950623839397,0.008285950623839397,0.0
4.0025,0.01676825078852806,0.01676825078852806,0.0
4.0075,0.04539601384435232,0.04539601384435232,0.0
4.0125,0.12004810927524656,0.12004810927524656,0.0
4.0175,0.21543471621982427,0.21543471621982427,0.0
4.0225,0.32436944148300195,0.32436944148300195,0.0
4.0275,0.43216533940925395,0.43216533940925395,0.0
4.0325,0.5654474077377417,0.5654474077377417,0.0
4.0375,0.6259623362274882,0.6259623362274882,0.0
4.0425,0.5206011726077674,0.5206011726077674,0.0
4.0475,0.4147295001818382,0.4147295001818382,0.0
4.0525,0.32582242808528655,0.32582242808528655,0.0
4.0575,0.20306469514631995,0.20306469514631995,0.0
4.0625,0.0765370510230473,0.0765370510230473,0.0
4.0675,0.019242255003228917,0.019242255003228917,0.0
4.0725,0.006636614480705487,0.006636614480705487,0.0
4.0775,0.007068583470573892,0.007068583470573892,0.0
4.0825000000000005,0.005772676500968679,0.005772676500968679,0.0
4.0875,0.010092366399652724,0.010092366399652724,0.0
4.0925,0.02446515278981963,0.02446515278981963,0.0
4.0975,0.0567450173054404,0.0567450173054404,0.0
4.1025,0.12091204725498338,0.12091204725498338,0.0
4.1075,0.21119356613747992,0.21119356613747992,0.0
4.1125,0.31573006168563383,0.31573006168563383,0.0
4.1175,0.43624940985891886,0.43624940985891886,0.0
4.1225000000000005,0.5650547086560432,0.5650547086560432,0.0
4.1275,0.5787599066073225,0.5787599066073225,0.0
4.1325,0.506071306584921,0.506071306584921,0.0
4.1375,0.424272087867113,0.424272087867113,0.0
4.1425,0.33359786990291795,0.33359786990291795,0.0
4.1475,0.19843084598227712,0.19843084598227712,0.0
4.1525,0.09071348787236494,0.09071348787236494,0.0
4.1575,0.03074833809699641,0.03074833809699641,0.0
4.1625,0.009149888603576205,0.009149888603576205,0.0
4.1675,0.00973893722612403,0.00973893722612403,0.0
4.1725,0.007893251542140845,0.007893251542140845,0.0
4.1775,0.013351768777750683,0.013351768777750683,0.0
4.1825,0.02285508655485558,0.02285508655485558,0.0
4.1875,0.045042584670823616,0.045042584670823616,0.0
4.1925,0.09424777960765189,0.09424777960765189,0.0
4.1975,0.17255197649834267,0.17255197649834267,0.0
4.2025,0.2626371458399899,0.2626371458399899,0.0
4.2075000000000005,0.37082574284794034,0.37082574284794034,0.0
4.2125,0.5276304861701713,0.5276304861701713,0.0
4.2175,0.5477759490613071,0.5477759490613071,0.0
4.2225,0.5110585849224926,0.5110585849224926,0.0
4.2275,0.4750873490389054,0.4750873490389054,0.0
4.2325,0.3804468703495548,0.3804468703495548,0.0
4.2375,0.25223062017497844,0.25223062017497844,0.0
4.2425,0.13987941290102332,0.13987941290102332,0.0
4.2475000000000005,0.06432410958222241,0.06432410958222241,0.0
4.2525,0.022462387473157024,0.022462387473157024,0.0
4.2575,0.008050331174820267,0.008050331174820267,0.0
4.2625,0.013391038685920538,0.013391038685920538,0.0
4.2675,0.013901547492128656,0.013901547492128656,0.0
4.2725,0.02018473279930544,0.02018473279930544,0.0
4.2775,0.028863382504843382,0.028863382504843382,0.0
4.2825,0.05246459731492621,0.05246459731492621,0.0
4.2875000000000005,0.10155198252724487,0.10155198252724487,0.0
4.2925,0.18535396656171532,0.18535396656171532,0.0
4.2975,0.2738683395765685,0.2738683395765685,0.0
4.3025,0.4033412268125804,0.4033412268125804,0.0
4.3075,0.5045005102581268,0.5045005102581268,0.0
4.3125,0.5104695362999447,0.5104695362999447,0.0
4.3175,0.4978246258692514,0.4978246258692514,0.0
4.3225,0.4536852490863344,0.4536852490863344,0.0
4.3275,0.36277541167312016,0.36277541167312016,0.0
4.3325000000000005,0.2546653544815094,0.2546653544815094,0.0
4.3375,0.13457797529809293,0.13457797529809293,0.0
4.3425,0.06907576847077486,0.06907576847077486,0.0
4.3475,0.033025992770848,0.033025992770848,0.0
4.3525,0.011388273369257938,0.011388273369257938,0.0
4.3575,0.013548118318599959,0.013548118318599959,0.0
4.3625,0.018888825829700234,0.018888825829700234,0.0
4.3675,0.022423117564987174,0.022423117564987174,0.0
4.3725000000000005,0.02595740930027412,0.02595740930027412,0.0
4.3775,0.038131080832929154,0.038131080832929154,0.0
4.3825,0.0873362757697574,0.0873362757697574,0.0
4.3875,0.15330972149511368,0.15330972149511368,0.0
4.3925,0.23408792260050537,0.23408792260050537,0.0
4.3975,0.3656421149695195,0.3656421149695195,0.0
4.4025,0.4621282793428533,0.4621282793428533,0.0
4.4075,0.4949579225728521,0.4949579225728521,0.0
4.4125000000000005,0.4807422158153645,0.4807422158153645,0.0
4.4175,0.44198281645171755,0.44198281645171755,0.0
4.4225,0.37714819806328703,0.37714819806328703,0.0
4.4275,0.3108998629807417,0.3108998629807417,0.0
4.4325,0.20043361129893963,0.20043361129893963,0.0
4.4375,0.09899943849620432,0.09899943849620432,0.0
4.4425,0.06499169802110995,0.06499169802110995,0.0
4.4475,0.027056966729030046,0.027056966729030046,0.0
4.4525,0.012880529879712426,0.012880529879712426,0.0
4.4575000000000005,0.016297011890489804,0.016297011890489804,0.0
4.4625,0.018613936472511246,0.018613936472511246,0.0
4.4675,0.02426880324897035,0.02426880324897035,0.0
4.4725,0.028863382504843382,0.028863382504843382,0.0
4.4775,0.052935836212964466,0.052935836212964466,0.0
4.4825,0.09456193887301072,0.09456193887301072,0.0
4.4875,0.14851879269839138,0.14851879269839138,0.0
4.4925,0.25321236787922474,0.25321236787922474,0.0
4.4975000000000005,0.36988326505186386,0.36988326505186386,0.0
4.5025,0.44806965221804523,0.44806965221804523,0.0
4.5075,0.47944630884575934,0.47944630884575934,0.0
4.5125,0.451643213861502,0.451643213861502,0.0
4.5175,0.4134728631204029,0.4134728631204029,0.0
4.5225,0.3469496386806686,0.3469496386806686,0.0
4.5275,0.30308515125494057,0.30308515125494057,0.0
4.5325,0.2143744286992382,0.2143744286992382,0.0
4.5375000000000005,0.12656691403144246,0.12656691403144246,0.0
4.5425,0.07645851120670759,0.07645851120670759,0.0
4.5475,0.04398229715023753,0.04398229715023753,0.0
4.5525,0.02014546289113558,0.02014546289113558,0.0
4.5575,0.010249446032332146,0.010249446032332146,0.0
4.5625,0.011152653920238809,0.011152653920238809,0.0
4.5675,0.015550883635262561,0.015550883635262561,0.0
4.5725,0.032790373321828874,0.032790373321828874,0.0
4.5775,0.054271013090739534,0.054271013090739534,0.0
4.5825000000000005,0.07963937376846585,0.07963937376846585,0.0
4.5875,0.12181525514289007,0.12181525514289007,0.0
4.5925,0.1976847177270498,0.1976847177270498,0.0
4.5975,0.3015143549281463,0.3015143549281463,0.0
4.6025,0.3967046123318749,0.3967046123318749,0.0
4.6075,0.4295342555618736,0.4295342555618736,0.0
4.6125,0.4257250744693976,0.4257250744693976,0.0
4.6175,0.4152792788962162,0.4152792788962162,0.0
4.6225000000000005,0.39544797527043946,0.39544797527043946,0.0
4.6275,0.32319134423790635,0.32319134423790635,0.0
4.6325,0.24814654972531344,0.24814654972531344,0.0
4.6375,0.18594301518426312,0.18594301518426312,0.0
4.6425,0.13642366098207606,0.13642366098207606,0.0
4.6475,0.08274169651388438,0.08274169651388438,0.0
4.6525,0.047084619895656064,0.047084619895656064,0.0
4.6575,0.019988383258456165,0.019988383258456165,0.0
4.6625000000000005,0.009228428419915917,0.009228428419915917,0.0
4.6675,0.006400995031686357,0.006400995031686357,0.0
4.6725,0.014176436849317638,0.014176436849317638,0.0
4.6775,0.031062497362355255,0.031062497362355255,0.0
4.6825,0.057451875652497784,0.057451875652497784,0.0
4.6875,0.08529424054492495,0.08529424054492495,0.0
4.6925,0.1308473340219567,0.1308473340219567,0.0
4.6975,0.20145462891135585,0.20145462891135585,0.0
4.7025,0.29012608155888836,0.29012608155888836,0.0
4.7075000000000005,0.3348545069643532,0.3348545069643532,0.0
4.7125,0.3566885759067926,0.3566885759067926,0.0
4.7175,0.3742814947668876,0.3742814947668876,0.0
4.7225,0.3804468703495549,0.3804468703495549,0.0
4.7275,0.4095066023952475,0.4095066023952475,0.0
4.7325,0.36909786688846674,0.36909786688846674,0.0
4.7375,0.2711587159128485,0.2711587159128485,0.0
4.7425,0.20565650908553035,0.20565650908553035,0.0
4.7475000000000005,0.16489434440522088,0.16489434440522088,0.0
4.7525,0.11180142855957705,0.11180142855957705,0.0
4.7575,0.06558074664365778,0.06558074664365778,0.0
4.7625,0.03471459882215176,0.03471459882215176,0.0
4.7675,0.021480639768910657,0.021480639768910657,0.0
4.7725,0.013940817400298507,0.013940817400298507,0.0
4.7775,0.009935286766973306,0.009935286766973306,0.0
4.7825,0.01574723317611184,0.01574723317611184,0.0
4.7875000000000005,0.03125884690320453,0.03125884690320453,0.0
4.7925,0.06165375582667227,0.06165375582667227,0.0
4.7975,0.10759954838540253,0.10759954838540253,0.0
4.8025,0.158100650291836,0.158100650291836,0.0
4.8075,0.23208515728384274,0.23208515728384274,0.0
4.8125,0.2777560604853841,0.2777560604853841,0.0
4.8175,0.2746144678317957,0.2746144678317957,0.0
4.8225,0.2900475417425487,0.2900475417425487,0.0
4.8275,0.33132021522906624,0.33132021522906624,0.0
4.8325000000000005,0.3603799472747589,0.3603799472747589,0.0
4.8375,0.3831957639214447,0.3831957639214447,0.0
4.8425,0.35963381901953173,0.35963381901953173,0.0
4.8475,0.30438105822454575,0.30438105822454575,0.0
4.8525,0.25325163778739457,0.25325163778739457,0.0
4.8575,0.16858571577318723,0.16858571577318723,0.0
4.8625,0.1156498795602228,0.1156498795602228,0.0
4.8675,0.08191702844231742,0.08191702844231742,0.0
4.8725000000000005,0.04464988558912506,0.04464988558912506,0.0
4.8775,0.02957024085190077,0.02957024085190077,0.0
4.8825,0.02030254252381501,0.02030254252381501,0.0
4.8875,0.01731802950290603,0.01731802950290603,0.0
4.8925,0.017828538309114145,0.017828538309114145,0.0
4.8975,0.026585727830991796,0.026585727830991796,0.0
4.9025,0.05112942043715115,0.05112942043715115,0.0
4.9075,0.0836841743099609,0.0836841743099609,0.0
4.9125000000000005,0.13881912538043722,0.13881912538043722,0.0
4.9175,0.18928095737870082,0.18928095737870082,0.0
4.9225,0.20954422999434597,0.20954422999434597,0.0
4.9275,0.2097405795351953,0.2097405795351953,0.0
4.9325,0.240410377815852,0.240410377815852,0.0
4.9375,0.28203648047589824,0.28203648047589824,0.0
4.9425,0.30245683272422297,0.30245683272422297,0.0
4.9475,0.3494629128035393,0.3494629128035393,0.0
4.9525,0.35645295645777353,0.35645295645777353,0.0
4.9575000000000005,0.33944908622022624,0.33944908622022624,0.0
4.9625,0.29664488631508434,0.29664488631508434,0.0
4.9675,0.25576491191026535,0.25576491191026535,0.0
4.9725,0.1985486557067866,0.1985486557067866,0.0
4.9775,0.1368948998801143,0.1368948998801143,0.0
4.9825,0.08894634200472146,0.08894634200472146,0.0
4.9875,0.05780530482602647,0.05780530482602647,0.0
4.9925,0.028981192229352942,0.028981192229352942,0.0
4.9975000000000005,0.024386612973479917,0.024386612973479917,0.0
5.0025,0.026703537555501356,0.026703537555501356,0.0
5.0075,0.02646791810648223,0.02646791810648223,0.0
5.0125,0.034753868730321616,0.034753868730321616,0.0
5.0175,0.048105637508072306,0.048105637508072306,0.0
5.0225,0.07681194038023628,0.07681194038023628,0.0
5.0275,0.11396127350891903,0.11396127350891903,0.0
5.0325,0.14761558481048476,0.14761558481048476,0.0
5.0375000000000005,0.15904312808791252,0.15904312808791252,0.0
5.0425,0.16450164532352235,0.16450164532352235,0.0
5.0475,0.20479257110579355,0.20479257110579355,0.0
5.0525,0.22847232573221615,0.22847232573221615,0.0
5.0575,0.25992752217626997,0.25992752217626997,0.0
5.0625,0.2936603732941754,0.2936603732941754,0.0
5.0675,0.32287718497254747,0.32287718497254747,0.0
5.0725,0.3239767424013034,0.3239767424013034,0.0
5.0775,0.3015536248363162,0.3015536248363162,0.0
5.0825000000000005,0.270216238116772,0.270216238116772,0.0
5.0875,0.25089544329720326,0.25089544329720326,0.0
5.0925,0.22301380849660624,0.22301380849660624,0.0
5.0975,0.17149168897775655,0.17149168897775655,0.0
5.1025,0.10905253498768717,0.10905253498768717,0.0
5.1075,0.07378815745115747,0.07378815745115747,0.0
5.1125,0.048301987048921566,0.048301987048921566,0.0
5.1175,0.028313603790465408,0.028313603790465408,0.0
5.1225000000000005,0.02713550654536976,0.02713550654536976,0.0
5.1275,0.033418691852546555,0.033418691852546555,0.0
5.1325,0.040801434588479284,0.040801434588479284,0.0
5.1375,0.05313218575381373,0.05313218575381373,0.0
5.1425,0.06318528224529661,0.06318528224529661,0.0
5.1475,0.08282023633022408,0.08282023633022408,0.0
5.1525,0.10865983590598863,0.10865983590598863,0.0
5.1575,0.12295408247981585,0.12295408247981585,0.0
5.1625000000000005,0.14254976665657343,0.14254976665657343,0.0
5.1675,0.16332354807842672,0.16332354807842672,0.0
5.1725,0.19780252745155938,0.19780252745155938,0.0
5.1775,0.22199279088419002,0.22199279088419002,0.0
5.1825,0.23491259067207232,0.23491259067207232,0.0
5.1875,0.2728473219641523,0.2728473219641523,0.0
5.1925,0.2864739800990919,0.2864739800990919,0.0
5.1975,0.2798373656183864,0.2798373656183864,0.0
5.2025,0.26679975610599455,0.26679975610599455,0.0
5.2075000000000005,0.23746513470311284,0.23746513470311284,0.0
5.2125,0.2298860424263309,0.2298860424263309,0.0
5.2175,0.23612995782533786,0.23612995782533786,0.0
5.2225,0.21095794668846077,0.21095794668846077,0.0
5.2275,0.15617642479151314,0.15617642479151314,0.0
5.2325,0.11054479149814167,0.11054479149814167,0.0
5.2375,0.07229590094070297,0.07229590094070297,0.0
5.2425,0.05093307089630186,0.05093307089630186,0.0
5.2475000000000005,0.03907355862900567,0.03907355862900567,0.0
5.2525,0.03286891313816859,0.03286891313816859,0.0
5.2575,0.03451824928130249,0.03451824928130249,0.0
5.2625,0.043511058252199274,0.043511058252199274,0.0
5.2675,0.05682355712178011,0.05682355712178011,0.0
5.2725,0.06212499472471051,0.06212499472471051,0.0
5.2775,0.0813279798197696,0.0813279798197696,0.0
5.2825,0.10202322142528313,0.10202322142528313,0.0
5.2875000000000005,0.11953760046903847,0.11953760046903847,0.0
5.2925,0.13622731144122677,0.13622731144122677,0.0
5.2975,0.145377200044803,0.145377200044803,0.0
5.3025,0.1658760921094673,0.1658760921094673,0.0
5.3075,0.1948965542469901,0.1948965542469901,0.0
5.3125,0.23290982535540974,0.23290982535540974,0.0
5.3175,0.24512276679623463,0.24512276679623463,0.0
5.3225,0.24771458073544506,0.24771458073544506,0.0
5.3275,0.22603759142568514,0.22603759142568514,0.0
5.3325000000000005,0.20958349990251585,0.20958349990251585,0.0
5.3375,0.21084013696395124,0.21084013696395124,0.0
5.3425,0.22191425106785032,0.22191425106785032,0.0
5.3475,0.23927155047892618,0.23927155047892618,0.0
5.3525,0.22415263583353204,0.22415263583353204,0.0
5.3575,0.20345739422801853,0.20345739422801853,0.0
5.3625,0.1661509814666563,0.1661509814666563,0.0
5.3675,0.1211476667040025,0.1211476667040025,0.0
5.3725000000000005,0.09299114254621652,0.09299114254621652,0.0
5.3775,0.060357848857067055,0.060357848857067055,0.0
5.3825,0.04119413367017783,0.04119413367017783,0.0
5.3875,0.035814156250907704,0.035814156250907704,0.0
5.3925,0.043982297150237534,0.043982297150237534,0.0
5.3975,0.04826271714075171,0.04826271714075171,0.0
5.4025,0.05093307089630186,0.05093307089630186,0.0
5.4075,0.06432410958222241,0.06432410958222241,0.0
5.4125000000000005,0.07151050277730586,0.07151050277730586,0.0
5.4175,0.09043859851517595,0.09043859851517595,0.0
5.4225,0.09287333282170697,0.09287333282170697,0.0
5.4275,0.11239047718212485,0.11239047718212485,0.0
5.4325,0.13991868280919315,0.13991868280919315,0.0
5.4375,0.16591536201763712,0.16591536201763712,0.0
5.4425,0.17043140145717048,0.17043140145717048,0.0
5.4475,0.17290540567187132,0.17290540567187132,0.0
5.4525,0.18625717444962203,0.18625717444962203,0.0
5.4575000000000005,0.20192586780939414,0.20192586780939414,0.0
5.4625,0.20809124339206136,0.20809124339206136,0.0
5.4675,0.1937184570018944,0.1937184570018944,0.0
5.4725,0.18928095737870085,0.18928095737870085,0.0
5.4775,0.18735673187837798,0.18735673187837798,0.0
5.4825,0.20942642026983643,0.20942642026983643,0.0
5.4875,0.21307852172963293,0.21307852172963293,0.0
5.4925,0.20322177477899933,0.20322177477899933,0.0
5.4975000000000005,0.20392863312605672,0.20392863312605672,0.0
5.5025,0.18649279389864115,0.18649279389864115,0.0
5.5075,0.1711382598042279,0.1711382598042279,0.0
5.5125,0.12448560889844015,0.12448560889844015,0.0
5.5175,0.08046404184003278,0.08046404184003278,0.0
5.5225,0.06664103416424384,0.06664103416424384,0.0
5.5275,0.05183627878420854,0.05183627878420854,0.0
5.5325,0.0453174740280126,0.0453174740280126,0.0
5.5375000000000005,0.03707079331234306,0.03707079331234306,0.0
5.5425,0.03585342615907757,0.03585342615907757,0.0
5.5475,0.04433572632376623,0.04433572632376623,0.0
5.5525,0.055095681162306474,0.055095681162306474,0.0
5.5575,0.07041094534854993,0.07041094534854993,0.0
5.5625,0.08352709467728148,0.08352709467728148,0.0
5.5675,0.09809623060829765,0.09809623060829765,0.0
5.5725,0.1191449013873399,0.1191449013873399,0.0
5.5775,0.12260065330628711,0.12260065330628711,0.0
5.5825000000000005,0.14176436849317633,0.14176436849317633,0.0
5.5875,0.15213162425001805,0.15213162425001805,0.0
5.5925,0.16269522954770904,0.16269522954770904,0.0
5.5975,0.1645409152316923,0.1645409152316923,0.0
5.6025,0.17263051631468232,0.17263051631468232,0.0
5.6075,0.16634733100750554,0.16634733100750554,0.0
5.6125,0.17400496310062727,0.17400496310062727,0.0
5.6175,0.17078483063069913,0.17078483063069913,0.0
5.6225000000000005,0.16320573835391716,0.16320573835391716,0.0
5.6275,0.19556414268587763,0.19556414268587763,0.0
5.6325,0.18382244014309101,0.18382244014309101,0.0
5.6375,0.1881028601336052,0.1881028601336052,0.0
5.6425,0.1953285232368585,0.1953285232368585,0.0
5.6475,0.19332575792019588,0.19332575792019588,0.0
5.6525,0.1748689010803641,0.1748689010803641,0.0
5.6575,0.15134622608662096,0.15134622608662096,0.0
5.6625000000000005,0.13595242208403782,0.13595242208403782,0.0
5.6675,0.1038689071092663,0.1038689071092663,0.0
5.6725,0.09063494805602522,0.09063494805602522,0.0
5.6775,0.059611720601839814,0.059611720601839814,0.0
5.6825,0.05081526117179228,0.05081526117179228,0.0
5.6875,0.04056581513946015,0.04056581513946015,0.0
5.6925,0.0449640448544839,0.0449640448544839,0.0
5.6975,0.04249004063978304,0.04249004063978304,0.0
5.7025,0.04358959806853899,0.04358959806853899,0.0
5.7075000000000005,0.046102872191409704,0.046102872191409704,0.0
5.7125,0.05533130061132561,0.05533130061132561,0.0
5.7175,0.06455972903124153,0.06455972903124153,0.0
5.7225,0.07834346679886063,0.07834346679886063,0.0
5.7275,0.09566149630176665,0.09566149630176665,0.0
5.7325,0.11800607405041409,0.11800607405041409,0.0
5.7375,0.1322610507160715,0.1322610507160715,0.0
5.7425,0.13112222337914567,0.13112222337914567,0.0
5.7475000000000005,0.13885839528860708,0.13885839528860708,0.0
5.7525,0.14796901398401338,0.14796901398401338,0.0
5.7575,0.15063936773956355,0.15063936773956355,0.0
5.7625,0.16249888000685977,0.16249888000685977,0.0
5.7675,0.1729446755800412,0.1729446755800412,0.0
5.7725,0.1739656931924574,0.1739656931924574,0.0
5.7775,0.18213383409178724,0.18213383409178724,0.0
5.7825,0.1875923513273971,0.1875923513273971,0.0
5.7875000000000005,0.18189821464276815,0.18189821464276815,0.0
5.7925,0.18009179886695476,0.18009179886695476,0.0
5.7975,0.1732588348454,0.1732588348454,0.0
5.8025,0.17133460934507713,0.17133460934507713,0.0
5.8075,0.1568047433222308,0.1568047433222308,0.0
5.8125,0.15452708864837922,0.15452708864837922,0.0
5.8175,0.1495790802189775,0.1495790802189775,0.0
5.8225,0.1291587279706529,0.1291587279706529,0.0
5.8275,0.10846348636513937,0.10846348636513937,0.0
5.8325000000000005,0.08619744843283161,0.08619744843283161,0.0
5.8375,0.06565928645999747,0.06565928645999747,0.0
5.8425,0.050775991263622436,0.050775991263622436,0.0
5.8475,0.04437499623193609,0.04437499623193609,0.0
5.8525,0.04229369109893376,0.04229369109893376,0.0
5.8575,0.035499996985548864,0.035499996985548864,0.0
5.8625,0.03589269606724742,0.03589269606724742,0.0
5.8675,0.036599554414304805,0.036599554414304805,0.0
5.8725000000000005,0.038995018812665955,0.038995018812665955,0.0
5.8775,0.04841979677343114,0.04841979677343114,0.0
5.8825,0.05034402227375403,0.05034402227375403,0.0
5.8875,0.055723999693024176,0.055723999693024176,0.0
5.8925,0.06978262681783226,0.06978262681783226,0.0
5.8975,0.0822704576158461,0.0822704576158461,0.0
5.9025,0.089613930443609,0.089613930443609,0.0
5.9075,0.10041315519031908,0.10041315519031908,0.0
5.9125000000000005,0.11003428269193358,0.11003428269193358,0.0
5.9175,0.11537499020303381,0.11537499020303381,0.0
5.9225,0.13037609512391843,0.13037609512391843,0.0
5.9275,0.14011503235004244,0.14011503235004244,0.0
5.9325,0.15668693359772123,0.15668693359772123,0.0
5.9375,0.1805630377649931,0.1805630377649931,0.0
5.9425,0.1981952265332579,0.1981952265332579,0.0
5.9475,0.1980381469005785,0.1980381469005785,0.0
5.9525,0.19956967331920286,0.19956967331920286,0.0
5.9575000000000005,0.20043361129893966,0.20043361129893966,0.0
5.9625,0.1977632575433895,0.1977632575433895,0.0
5.9675,0.1752616001620626,0.1752616001620626,0.0
5.9725,0.17498671080487363,0.17498671080487363,0.0
5.9775,0.16564047266044815,0.16564047266044815,0.0
5.9825,0.14730142554512593,0.14730142554512593,0.0
5.9875,0.13500994428796131,0.13500994428796131,0.0
5.9925,0.12460341862294973,0.12460341862294973,0.0
5.9975000000000005,0.10296569922135967,0.10296569922135967,0.0
6.0025,0.08768970494328612,0.08768970494328612,0.0
6.0075,0.07524114405344208,0.07524114405344208,0.0
6.0125,0.061575216010332556,0.061575216010332556,0.0
6.0175,0.0602400391325575,0.0602400391325575,0.0
6.0225,0.04822344723258187,0.04822344723258187,0.0
6.0275,0.03604977569992683,0.03604977569992683,0.0
6.0325,0.028981192229352946,0.028981192229352946,0.0
6.0375000000000005,0.027724555167917584,0.027724555167917584,0.0
6.0425,0.025643250034915275,0.025643250034915275,0.0
6.0475,0.0265857278309918,0.0265857278309918,0.0
6.0525,0.029648780668240487,0.029648780668240487,0.0
6.0575,0.03302599277084801,0.03302599277084801,0.0
6.0625,0.033889930750584815,0.033889930750584815,0.0
6.0675,0.03235840433196047,0.03235840433196047,0.0
6.0725,0.029766590392750047,0.029766590392750047,0.0
6.077500000000001,0.04319689898684044,0.04319689898684044,0.0
6.0825000000000005,0.052268247774076924,0.052268247774076924,0.0
6.0875,0.0596117206018398,0.0596117206018398,0.0
6.0925,0.06236061417372966,0.06236061417372966,0.0
6.0975,0.07331691855311917,0.07331691855311917,0.0
6.1025,0.10131636307822577,0.10131636307822577,0.0
6.1075,0.10830640673245993,0.10830640673245993,0.0
6.1125,0.13273228961410974,0.13273228961410974,0.0
6.1175,0.15845407946536472,0.15845407946536472,0.0
6.1225000000000005,0.17235562695749332,0.17235562695749332,0.0
6.1275,0.19254035975679884,0.19254035975679884,0.0
6.1325,0.19462166488980112,0.19462166488980112,0.0
6.1375,0.19375772691006432,0.19375772691006432,0.0
6.1425,0.1976061779107101,0.1976061779107101,0.0
6.1475,0.17816757336663192,0.17816757336663192,0.0
6.1525,0.17235562695749337,0.17235562695749337,0.0
6.1575,0.17070629081435945,0.17070629081435945,0.0
6.1625000000000005,0.1788744317136893,0.1788744317136893,0.0
6.1675,0.1864535239904713,0.1864535239904713,0.0
6.1725,0.17624334786630902,0.17624334786630902,0.0
6.1775,0.16139932257810383,0.16139932257810383,0.0
6.1825,0.13591315217586794,0.13591315217586794,0.0
6.1875,0.10622510159945762,0.10622510159945762,0.0
6.1925,0.08710065632073828,0.08710065632073828,0.0
6.1975,0.07394523708383686,0.07394523708383686,0.0
6.202500000000001,0.06507023783744964,0.06507023783744964,0.0
6.2075000000000005,0.05222897786590708,0.05222897786590708,0.0
6.2125,0.051993358416887944,0.051993358416887944,0.0
6.2175,0.04578871292605087,0.04578871292605087,0.0
6.2225,0.03632466505711582,0.03632466505711582,0.0
6.2275,0.03012001956627874,0.03012001956627874,0.0
6.2325,0.022383847656817314,0.022383847656817314,0.0
6.2375,0.022933626371195285,0.022933626371195285,0.0
6.2425,0.02030254252381501,0.02030254252381501,0.0
6.2475000000000005,0.019242255003228924,0.019242255003228924,0.0
6.2525,0.0174358392274156,0.0174358392274156,0.0
6.2575,0.018064157758133276,0.018064157758133276,0.0
6.2625,0.018849555921530373,0.018849555921530373,0.0
6.2675,0.0234441351774034,0.0234441351774034,0.0
6.2725,0.027842364892427154,0.027842364892427154,0.0
6.2775,0.028392143606805125,0.028392143606805125,0.0
6.2825,0.034636059005812056,0.034636059005812056,0.0
6.2875000000000005,0.04441426614010594,0.04441426614010594,0.0
6.2925,0.059847340050858934,0.059847340050858934,0.0
6.2975,0.0647560785720908,0.0647560785720908,0.0
6.3025,0.08168140899329829,0.08168140899329829,0.0
6.3075,0.08878926237204203,0.08878926237204203,0.0
6.3125,0.08981027998445827,0.08981027998445827,0.0
6.3175,0.09071348787236495,0.09071348787236495,0.0
6.3225,0.11019136232461299,0.11019136232461299,0.0
6.327500000000001,0.09966702693509186,0.09966702693509186,0.0
6.3325000000000005,0.11604257864192137,0.11604257864192137,0.0
6.3375,0.11710286616250745,0.11710286616250745,0.0
6.3425,0.1265669140314425,0.1265669140314425,0.0
6.3475,0.14054700133991085,0.14054700133991085,0.0
6.3525,0.14902930150459953,0.14902930150459953,0.0
6.3575,0.17129533943690725,0.17129533943690725,0.0
6.3625,0.1761255381417994,0.1761255381417994,0.0
6.3675,0.18115208638754085,0.18115208638754085,0.0
6.3725000000000005,0.1960353815839159,0.1960353815839159,0.0
6.3775,0.17879589189734957,0.17879589189734957,0.0
6.3825,0.16120297303725456,0.16120297303725456,0.0
6.3875,0.1415680189523271,0.1415680189523271,0.0
6.3925,0.11647454763178978,0.11647454763178978,0.0
6.3975,0.11388273369257934,0.11388273369257934,0.0
6.4025,0.10595021224226865,0.10595021224226865,0.0
6.4075,0.09707521299588145,0.09707521299588145,0.0
6.4125000000000005,0.09852819959816606,0.09852819959816606,0.0
6.4175,0.08391979375898002,0.08391979375898002,0.0
6.4225,0.08478373173871684,0.08478373173871684,0.0
6.4275,0.06821183049103803,0.06821183049103803,0.0
6.4325,0.05690209693811982,0.05690209693811982,0.0
6.4375,0.05666647748910068,0.05666647748910068,0.0
6.4425,0.05171846905969896,0.05171846905969896,0.0
6.4475,0.04661338099761781,0.04661338099761781,0.0
6.452500000000001,0.0409585142211587,0.0409585142211587,0.0
6.4575000000000005,0.044414266140105935,0.044414266140105935,0.0
6.4625,0.034125550199603935,0.034125550199603935,0.0
6.4675,0.033889930750584815,0.033889930750584815,0.0
6.4725,0.027803094984257298,0.027803094984257298,0.0
6.4775,0.028195794065955848,0.028195794065955848,0.0
6.4825,0.027685285259747738,0.027685285259747738,0.0
6.4875,0.019281524911398777,0.019281524911398777,0.0
6.4925,0.025172011136877014,0.025172011136877014,0.0
6.4975000000000005,0.025682519943085128,0.025682519943085128,0.0
6.5025,0.02815652415778599,0.02815652415778599,0.0
6.5075,0.032240594607450906,0.032240594607450906,0.0
6.5125,0.036010505791756985,0.036010505791756985,0.0
6.5175,0.03970187715972335,0.03970187715972335,0.0
6.5225,0.03502875808751061,0.03502875808751061,0.0
6.5275,0.03286891313816859,0.03286891313816859,0.0
6.5325,0.03985895679240277,0.03985895679240277,0.0
6.5375000000000005,0.04245077073161319,0.04245077073161319,0.0
6.5425,0.050697451447282736,0.050697451447282736,0.0
6.5475,0.05509568116230649,0.05509568116230649,0.0
6.5525,0.06499169802110995,0.06499169802110995,0.0
6.5575,0.0701753258995308,0.0701753258995308,0.0
6.5625,0.07186393195083456,0.07186393195083456,0.0
6.5675,0.08670795723903973,0.08670795723903973,0.0
6.5725,0.09361946107693418,0.09361946107693418,0.0
6.577500000000001,0.09923505794522346,0.09923505794522346,0.0
6.5825000000000005,0.10854202618147907,0.10854202618147907,0.0
6.5875,0.1086205659978188,0.1086205659978188,0.0
6.5925,0.11050552158997178,0.11050552158997178,0.0
6.5975,0.11101603039617992,0.11101603039617992,0.0
6.6025,0.09731083244490056,0.09731083244490056,0.0
6.6075,0.0911847267704032,0.0911847267704032,0.0
6.6125,0.09829258014914692,0.09829258014914692,0.0
6.6175,0.09837111996548664,0.09837111996548664,0.0
6.6225000000000005,0.09738937226124028,0.09738937226124028,0.0
6.6275,0.09978483665960143,0.09978483665960143,0.0
6.6325,0.10913107480402691,0.10913107480402691,0.0
6.6375,0.10123782326188602,0.10123782326188602,0.0
6.6425,0.10284788949685011,0.10284788949685011,0.0
6.6475,0.11026990214095271,0.11026990214095271,0.0
6.6525,0.09220574438281944,0.09220574438281944,0.0
6.6575,0.10037388528214922,0.10037388528214922,0.0
6.6625000000000005,0.09821404033280724,0.09821404033280724,0.0
6.6675,0.10422233628279505,0.10422233628279505,0.0
6.6725,0.09809623060829764,0.09809623060829764,0.0
6.6775,0.09381581061778346,0.09381581061778346,0.0
6.6825,0.08694357668805887,0.08694357668805887,0.0
6.6875,0.08776824475962582,0.08776824475962582,0.0
6.6925,0.08651160769819047,0.08651160769819047,0.0
6.6975,0.07826492698252091,0.07826492698252091,0.0
6.702500000000001,0.07241371066521252,0.07241371066521252,0.0
6.7075000000000005,0.058747782622103006,0.058747782622103006,0.0
6.7125,0.05250386722309606,0.05250386722309606,0.0
6.7175,0.050383292181923896,0.050383292181923896,0.0
6.7225,0.045945792558730277,0.045945792558730277,0.0
6.7275,0.04641703145676855,0.04641703145676855,0.0
6.7325,0.048812495855129694,0.048812495855129694,0.0
6.7375,0.04625995182408913,0.04625995182408913,0.0
6.7425,0.041272673486517544,0.041272673486517544,0.0
6.7475000000000005,0.04307908926233087,0.04307908926233087,0.0
6.7525,0.03616758542443639,0.03616758542443639,0.0
6.7575,0.03593196597541727,0.03593196597541727,0.0
6.7625,0.04182245220089551,0.04182245220089551,0.0
6.7675,0.04535674393618245,0.04535674393618245,0.0
6.7725,0.04362886797670884,0.04362886797670884,0.0
6.7775,0.040094576241421896,0.040094576241421896,0.0
6.7825,0.03534291735286945,0.03534291735286945,0.0
6.7875000000000005,0.04040873550678074,0.04040873550678074,0.0
6.7925,0.039191368353515235,0.039191368353515235,0.0
6.7975,0.04036946559861088,0.04036946559861088,0.0
6.8025,0.0436681378848787,0.0436681378848787,0.0
6.8075,0.04857687640611057,0.04857687640611057,0.0
6.8125,0.04614214209957956,0.04614214209957956,0.0
6.8175,0.03978041697606306,0.03978041697606306,0.0
6.8225,0.04413937678291695,0.04413937678291695,0.0
6.827500000000001,0.04606360228323986,0.04606360228323986,0.0
6.8325000000000005,0.039152098445345375,0.039152098445345375,0.0
6.8375,0.04704534998748622,0.04704534998748622,0.0
6.8425,0.03942698780253437,0.03942698780253437,0.0
6.8475,0.04500331476265376,0.04500331476265376,0.0
6.8525,0.040408735506780744,0.040408735506780744,0.0
6.8575,0.03746349239404161,0.03746349239404161,0.0
6.8625,0.04307908926233087,0.04307908926233087,0.0
6.8675,0.041429753119196965,0.041429753119196965,0.0
6.8725000000000005,0.042058071649914645,0.042058071649914645,0.0
6.8775,0.04072289477213958,0.04072289477213958,0.0
6.8825,0.043982297150237534,0.043982297150237534,0.0
6.8875,0.04649557127310826,0.04649557127310826,0.0
6.8925,0.050893800988132,0.050893800988132,0.0
6.8975,0.054860061713287375,0.054860061713287375,0.0
6.9025,0.05533130061132562,0.05533130061132562,0.0
6.9075,0.057294796019818364,0.057294796019818364,0.0
6.9125000000000005,0.06342090169431575,0.06342090169431575,0.0
6.9175,0.06393141050052385,0.06393141050052385,0.0
6.9225,0.0745342857063847,0.0745342857063847,0.0
6.9275,0.06986116663417195,0.06986116663417195,0.0
6.9325,0.07465209543089425,0.07465209543089425,0.0
6.9375,0.07378815745115747,0.07378815745115747,0.0
6.9425,0.0781078473498415,0.0781078473498415,0.0
6.9475,0.07327764864494934,0.07327764864494934,0.0
6.952500000000001,0.07433793616553543,0.07433793616553543,0.0
6.9575000000000005,0.07799003762533194,0.07799003762533194,0.0
6.9625,0.06719081287862182,0.06719081287862182,0.0
6.9675,0.06212499472471053,0.06212499472471053,0.0
6.9725,0.061575216010332556,0.061575216010332556,0.0
6.9775,0.057766034917856625,0.057766034917856625,0.0
6.9825,0.05552765015217489,0.05552765015217489,0.0
6.9875,0.05808019418321546,0.05808019418321546,0.0
6.9925,0.05230751768224678,0.05230751768224678,0.0
6.9975000000000005,0.05843362335674417,0.05843362335674417,0.0
7.0025,0.05187554869237837,0.05187554869237837,0.0
7.0075,0.044178646691086815,0.044178646691086815,0.0
7.0125,0.051247230161660697,0.051247230161660697,0.0
7.0175,0.045199664303503036,0.045199664303503036,0.0
7.0225,0.04971570374303636,0.04971570374303636,0.0
7.0275,0.05517422097864621,0.05517422097864621,0.0
7.0325,0.05603815895838301,0.05603815895838301,0.0
7.0375000000000005,0.05894413216295227,0.05894413216295227,0.0
7.0425,0.06671957398058355,0.06671957398058355,0.0
7.0475,0.07327764864494934,0.07327764864494934,0.0
7.0525,0.07614435194134876,0.07614435194134876,0.0
7.0575,0.08105309046258062,0.08105309046258062,0.0
7.0625,0.08352709467728148,0.08352709467728148,0.0
7.0675,0.08796459430047508,0.08796459430047508,0.0
7.0725,0.08659014751453019,0.08659014751453019,0.0
7.077500000000001,0.08388052385081018,0.08388052385081018,0.0
7.0825000000000005,0.08034623211552323,0.08034623211552323,0.0
7.0875,0.06966481709332267,0.06966481709332267,0.0
7.0925,0.058983402071122126,0.058983402071122126,0.0
7.0975,0.05057964172277317,0.05057964172277317,0.0
7.1025,0.056548667764591116,0.056548667764591116,0.0
7.1075,0.052975106121134326,0.052975106121134326,0.0
7.1125,0.05097234080447172,0.05097234080447172,0.0
7.1175,0.04849833658977085,0.04849833658977085,0.0
7.1225000000000005,0.043511058252199274,0.043511058252199274,0.0
7.1275,0.03797400120024972,0.03797400120024972,0.0
7.1325,0.035931965975417264,0.035931965975417264,0.0
7.1375,0.032240594607450906,0.032240594607450906,0.0
7.1425,0.03157300616856337,0.03157300616856337,0.0
7.1475,0.026703537555501363,0.026703537555501363,0.0
7.1525,0.022383847656817318,0.022383847656817318,0.0
7.1575,0.019713493901267184,0.019713493901267184,0.0
7.1625000000000005,0.02446515278981963,0.02446515278981963,0.0
7.1675,0.022187498115968044,0.022187498115968044,0.0
7.1725,0.017200219778396468,0.017200219778396468,0.0
7.1775,0.013980087308468362,0.013980087308468362,0.0
7.1825,0.01672898088035821,0.01672898088035821,0.0
7.1875,0.014647675747355895,0.014647675747355895,0.0
7.1925,0.012959069696052134,0.012959069696052134,0.0
7.1975,0.013430308594090392,0.013430308594090392,0.0
7.202500000000001,0.015315264186243434,0.015315264186243434,0.0
7.2075000000000005,0.01739656931924575,0.01739656931924575,0.0
7.2125,0.01818196748264284,0.01818196748264284,0.0
7.2175,0.026428648198312383,0.026428648198312383,0.0
7.2225,0.022501657381326885,0.022501657381326885,0.0
7.2275,0.029295351494711786,0.029295351494711786,0.0
7.2325,0.025093471320537308,0.025093471320537308,0.0
7.2375,0.024072453708121083,0.024072453708121083,0.0
7.2425,0.02662499773916165,0.02662499773916165,0.0
7.2475000000000005,0.02348340508557326,0.02348340508557326,0.0
7.2525,0.021323560136231236,0.021323560136231236,0.0
7.2575,0.020930861054532686,0.020930861054532686,0.0
7.2625,0.028313603790465415,0.028313603790465415,0.0
7.2675,0.02548617040223586,0.02548617040223586,0.0
7.2725,0.02705696672903005,0.02705696672903005,0.0
7.2775,0.02399391389178137,0.02399391389178137,0.0
7.2825,0.03506802799568046,0.03506802799568046,0.0
7.2875000000000005,0.028352873698635272,0.028352873698635272,0.0
7.2925,0.02913827186203237,0.02913827186203237,0.0
7.2975,0.02607521902478368,0.02607521902478368,0.0
7.3025,0.030944687637845695,0.030944687637845695,0.0
7.3075,0.0313766566277141,0.0313766566277141,0.0
7.3125,0.023483405085573256,0.023483405085573256,0.0
7.3175,0.030473448739807434,0.030473448739807434,0.0
7.3225,0.03306526267901786,0.03306526267901786,0.0
7.327500000000001,0.03683517386332394,0.03683517386332394,0.0
7.3325000000000005,0.03577488634273785,0.03577488634273785,0.0
7.3375,0.03785619147574017,0.03785619147574017,0.0
7.3425,0.03624612524077611,0.03624612524077611,0.0
7.3475,0.035735616434568,0.035735616434568,0.0
7.3525,0.03714933312868278,0.03714933312868278,0.0
7.3575,0.035814156250907704,0.035814156250907704,0.0
7.3625,0.037149333128682786,0.037149333128682786,0.0
7.3675,0.03985895679240277,0.03985895679240277,0.0
7.3725000000000005,0.03565707661822829,0.03565707661822829,0.0
7.3775,0.03247621405647004,0.03247621405647004,0.0
7.3825,0.0373064127613622,0.0373064127613622,0.0
7.3875,0.03279037332182888,0.03279037332182888,0.0
7.3925,0.0380918109247593,0.0380918109247593,0.0
7.3975,0.03907355862900567,0.03907355862900567,0.0
7.4025,0.03891647899632624,0.03891647899632624,0.0
7.4075,0.041390483211027104,0.041390483211027104,0.0
7.4125000000000005,0.041743912384555805,0.041743912384555805,0.0
7.4175,0.03746349239404161,0.03746349239404161,0.0
7.4225,0.03989822670057262,0.03989822670057262,0.0
7.4275,0.04743804906918477,0.04743804906918477,0.0
7.4325,0.04602433237506999,0.04602433237506999,0.0
7.4375,0.04095851422115871,0.04095851422115871,0.0
7.4425,0.046220681915919264,0.046220681915919264,0.0
7.4475,0.04932300466133781,0.04932300466133781,0.0
7.452500000000001,0.06157521601033254,0.06157521601033254,0.0
7.4575000000000005,0.06652322443973427,0.06652322443973427,0.0
7.4625,0.07064656479756905,0.07064656479756905,0.0
7.4675,0.06185010536752154,0.06185010536752154,0.0
7.4725,0.07512333432893252,0.07512333432893252,0.0
7.4775,0.07476990515540383,0.07476990515540383,0.0
7.4825,0.06856525966456675,0.06856525966456675,0.0
7.4875,0.06393141050052387,0.06393141050052387,0.0
7.4925,0.07649778111487744,0.07649778111487744,0.0
7.4975000000000005,0.07045021525671977,0.07045021525671977,0.0
7.5025,0.07704755982925542,0.07704755982925542,0.0
7.5075,0.0764585112067076,0.0764585112067076,0.0
7.5125,0.07512333432893252,0.07512333432893252,0.0
7.5175,0.07300275928776036,0.07300275928776036,0.0
7.5225,0.07520187414527223,0.07520187414527223,0.0
7.5275,0.07508406442076265,0.07508406442076265,0.0
7.5325,0.07080364443024847,0.07080364443024847,0.0
7.5375000000000005,0.07257079029789196,0.07257079029789196,0.0
7.5425,0.06204645490837081,0.06204645490837081,0.0
7.5475,0.05929756133648098,0.05929756133648098,0.0
7.5525,0.05438882281524912,0.05438882281524912,0.0
7.5575,0.051836278784208524,0.051836278784208524,0.0
7.5625,0.041861722109065365,0.041861722109065365,0.0
7.5675,0.038759399363646835,0.038759399363646835,0.0
7.5725,0.030905417729675838,0.030905417729675838,0.0
7.577500000000001,0.030041479749939034,0.030041479749939034,0.0
7.5825000000000005,0.027763825076087448,0.027763825076087448,0.0
7.5875,0.02497566159602774,0.02497566159602774,0.0
7.5925,0.02324778563655413,0.02324778563655413,0.0
7.5975,0.019163715186889214,0.019163715186889214,0.0
7.6025,0.017985617941793566,0.017985617941793566,0.0
7.6075,0.013862277583958797,0.013862277583958797,0.0
7.6125,0.013940817400298507,0.013940817400298507,0.0
7.6175,0.010681415022200545,0.010681415022200545,0.0
7.6225000000000005,0.013076879420561698,0.013076879420561698,0.0
7.6275,0.009110618695406348,0.009110618695406348,0.0
7.6325,0.008207410807499685,0.008207410807499685,0.0
7.6375,0.004594579255873029,0.004594579255873029,0.0
7.6425,0.001570796326794198,0.001570796326794198,0.0
7.6475,0.002081305133002312,0.002081305133002312,0.0
7.6525,0.0009032078879066638,0.0009032078879066638,0.0
7.6575,0.0015315264186243434,0.0015315264186243434,0.0
7.6625000000000005,0.0,0.0,0.0
7.6675,0.0,0.0,0.0
7.6725,0.0,0.0,0.0
7.6775,0.0,0.0,0.0
7.6825,0.0,0.0,0.0
7.6875,0.0,0.0,0.0
7.6925,0.0,0.0,0.0
7.6975,0.0,0.0,0.0
7.702500000000001,0.0,0.0,0.0
7.7075000000000005,0.0,0.0,0.0
7.7125,0.0,0.0,0.0
7.7175,0.0,0.0,0.0
7.7225,0.0,0.0,0.0
7.7275,0.0,0.0,0.0
7.7325,0.0,0.0,0.0
7.7375,0.0,0.0,0.0
7.742500000000001,0.0,0.0,0.0
7.7475000000000005,0.0,0.0,0.0
7.7525,0.0,0.0,0.0
7.7575,0.0,0.0,0.0
7.7625,0.0,0.0,0.0
7.7675,0.0,0.0,0.0
7.7725,0.0,0.0,0.0
7.7775,0.0,0.0,0.0
7.7825,0.0003534291735286945,0.0003534291735286945,0.0
7.7875000000000005,0.0007068583470573891,0.0007068583470573891,0.0
7.7925,3.9269908169854944e-5,3.9269908169854944e-5,0.0
7.7975,0.0008246680715669538,0.0008246680715669538,0.0
7.8025,0.0010210176124162288,0.0010210176124162288,0.0
7.8075,0.00027488935718898467,0.00027488935718898467,0.0
7.8125,0.0009032078879066639,0.0009032078879066639,0.0
7.8175,0.0002356194490191297,0.0002356194490191297,0.0
7.8225,0.0005890486225478243,0.0005890486225478243,0.0
7.827500000000001,0.0011780972450956485,0.0011780972450956485,0.0
7.8325000000000005,0.0010602875205860836,0.0010602875205860836,0.0
7.8375,0.0021598449493420223,0.0021598449493420223,0.0
7.8425,0.0016100662349640528,0.0016100662349640528,0.0
7.8475,0.0019242255003228928,0.0019242255003228928,0.0
7.8525,0.0029845130209089758,0.0029845130209089758,0.0
7.8575,0.0018456856839831827,0.0018456856839831827,0.0
7.8625,0.0030237829290788313,0.0030237829290788313,0.0
7.867500000000001,0.004437499623193609,0.004437499623193609,0.0
7.8725000000000005,0.0014922565104544879,0.0014922565104544879,0.0
7.8775,0.0036128315516266553,0.0036128315516266553,0.0
7.8825,0.005615596868289258,0.005615596868289258,0.0
7.8875,0.004241150082344334,0.004241150082344334,0.0
7.8925,0.006400995031686357,0.006400995031686357,0.0
7.8975,0.005105088062081144,0.005105088062081144,0.0
7.9025,0.004437499623193609,0.004437499623193609,0.0
7.9075,0.004712388980382594,0.004712388980382594,0.0
7.9125000000000005,0.004280419990514189,0.004280419990514189,0.0
7.9175,0.005379977419270128,0.005379977419270128,0.0
7.9225,0.006322455215346646,0.006322455215346646,0.0
7.9275,0.005497787143779693,0.005497787143779693,0.0
7.9325,0.006950773746064326,0.006950773746064326,0.0
7.9375,0.008678649705537944,0.008678649705537944,0.0
7.9425,0.007264933011423166,0.007264933011423166,0.0
7.9475,0.0115060830937675,0.0115060830937675,0.0
7.952500000000001,0.013508848410430105,0.013508848410430105,0.0
7.9575000000000005,0.01818196748264284,0.01818196748264284,0.0
7.9625,0.016571901247678787,0.016571901247678787,0.0
7.9675,0.019517144360417907,0.019517144360417907,0.0
7.9725,0.017396569319245738,0.017396569319245738,0.0
7.9775,0.019870573533946605,0.019870573533946605,0.0
7.9825,0.018967365646039944,0.018967365646039944,0.0
7.9875,0.022855086554855582,0.022855086554855582,0.0
7.992500000000001,0.02053816197283414,0.02053816197283414,0.0
7.9975000000000005,0.025211281045046875,0.025211281045046875,0.0
8.0025,0.02564325003491528,0.02564325003491528,0.0
8.0075,0.03243694414830018,0.03243694414830018,0.0
8.0125,0.03589269606724742,0.03589269606724742,0.0
8.0175,0.03565707661822829,0.03565707661822829,0.0
8.0225,0.03546072707737901,0.03546072707737901,0.0
8.0275,0.04001603642508218,0.04001603642508218,0.0
8.0325,0.042018801741744785,0.042018801741744785,0.0
8.0375,0.04064435495579988,0.04064435495579988,0.0
8.0425,0.04001603642508219,0.04001603642508219,0.0
8.0475,0.038091810924759294,0.038091810924759294,0.0
8.0525,0.03848451000645785,0.03848451000645785,0.0
8.057500000000001,0.033889930750584815,0.033889930750584815,0.0
8.0625,0.04331470871135001,0.04331470871135001,0.0
8.0675,0.03714933312868278,0.03714933312868278,0.0
8.0725,0.03349723166888627,0.03349723166888627,0.0
8.0775,0.03636393496528568,0.03636393496528568,0.0
8.0825,0.04095851422115871,0.04095851422115871,0.0
8.0875,0.0441001068747471,0.0441001068747471,0.0
8.0925,0.036638824322474665,0.036638824322474665,0.0
8.0975,0.0405265452312903,0.0405265452312903,0.0
8.102500000000001,0.03789546138391002,0.03789546138391002,0.0
8.1075,0.038759399363646835,0.038759399363646835,0.0
8.1125,0.039466257710704215,0.039466257710704215,0.0
8.1175,0.038523779914627694,0.038523779914627694,0.0
8.1225,0.03879866927181668,0.03879866927181668,0.0
8.1275,0.039662607251553496,0.039662607251553496,0.0
8.1325,0.03836670028194828,0.03836670028194828,0.0
8.1375,0.0424507707316132,0.0424507707316132,0.0
8.1425,0.03895574890449611,0.03895574890449611,0.0
8.1475,0.042293691098933786,0.042293691098933786,0.0
8.1525,0.04543528375252216,0.04543528375252216,0.0
8.1575,0.038602319730967415,0.038602319730967415,0.0
8.1625,0.048851765763299554,0.048851765763299554,0.0
8.1675,0.03844524009828799,0.03844524009828799,0.0
8.1725,0.039780416976063056,0.039780416976063056,0.0
8.1775,0.03962333734338364,0.03962333734338364,0.0
8.182500000000001,0.03828816046560857,0.03828816046560857,0.0
8.1875,0.03730641276136219,0.03730641276136219,0.0
8.1925,0.03636393496528568,0.03636393496528568,0.0
8.1975,0.03518583772019003,0.03518583772019003,0.0
8.2025,0.032986722862678154,0.032986722862678154,0.0
8.2075,0.032986722862678154,0.032986722862678154,0.0
8.2125,0.03165154598490308,0.03165154598490308,0.0
8.2175,0.035539266893718724,0.035539266893718724,0.0
8.2225,0.03381139093424511,0.03381139093424511,0.0
8.227500000000001,0.03911282853717552,0.03911282853717552,0.0
8.2325,0.029177541770202226,0.029177541770202226,0.0
8.2375,0.028981192229352946,0.028981192229352946,0.0
8.2425,0.033850660842414955,0.033850660842414955,0.0
8.2475,0.03443970946496278,0.03443970946496278,0.0
8.2525,0.033575771485225975,0.033575771485225975,0.0
8.2575,0.03227986451562076,0.03227986451562076,0.0
8.2625,0.037542032210381326,0.037542032210381326,0.0
8.2675,0.03644247478162538,0.03644247478162538,0.0
8.2725,0.038720129455476975,0.038720129455476975,0.0
8.2775,0.03820962064926886,0.03820962064926886,0.0
8.2825,0.04040873550678073,0.04040873550678073,0.0
8.2875,0.03824889055743872,0.03824889055743872,0.0
8.2925,0.03632466505711582,0.03632466505711582,0.0
8.2975,0.03699225349600336,0.03699225349600336,0.0
8.3025,0.03718860303685263,0.03718860303685263,0.0
8.307500000000001,0.029766590392750047,0.029766590392750047,0.0
8.3125,0.02646791810648223,0.02646791810648223,0.0
8.3175,0.02764601535157788,0.02764601535157788,0.0
8.3225,0.028706302872163966,0.028706302872163966,0.0
8.3275,0.02815652415778599,0.02815652415778599,0.0
8.3325,0.02391537407544166,0.02391537407544166,0.0
8.3375,0.028117254249616138,0.028117254249616138,0.0
8.3425,0.024033183799951226,0.024033183799951226,0.0
8.3475,0.026782077371841073,0.026782077371841073,0.0
8.352500000000001,0.026193028749293253,0.026193028749293253,0.0
8.3575,0.023012166187535,0.023012166187535,0.0
8.3625,0.024347343065310063,0.024347343065310063,0.0
8.3675,0.02277654673851587,0.02277654673851587,0.0
8.3725,0.024582962514329194,0.024582962514329194,0.0
8.3775,0.024661502330668904,0.024661502330668904,0.0
8.3825,0.023522674993743112,0.023522674993743112,0.0
8.3875,0.026507188014652083,0.026507188014652083,0.0
8.3925,0.025289820861386585,0.025289820861386585,0.0
8.3975,0.026114488932953536,0.026114488932953536,0.0
8.4025,0.02748893571889846,0.02748893571889846,0.0
8.4075,0.026232298657463102,0.026232298657463102,0.0
8.4125,0.026075219024783686,0.026075219024783686,0.0
8.4175,0.025525440310405715,0.025525440310405715,0.0
8.4225,0.023915374075441663,0.023915374075441663,0.0
8.4275,0.02214822820779819,0.02214822820779819,0.0
8.432500000000001,0.020498892064664282,0.020498892064664282,0.0
8.4375,0.019792033717606895,0.019792033717606895,0.0
8.4425,0.017828538309114145,0.017828538309114145,0.0
8.4475,0.01841758693166197,0.01841758693166197,0.0
8.4525,0.02002765316662602,0.02002765316662602,0.0
8.4575,0.018692476288850957,0.018692476288850957,0.0
8.4625,0.018692476288850953,0.018692476288850953,0.0
8.4675,0.017671458676434725,0.017671458676434725,0.0
8.4725,0.021245020319891526,0.021245020319891526,0.0
8.477500000000001,0.019792033717606895,0.019792033717606895,0.0
8.4825,0.02030254252381501,0.02030254252381501,0.0
8.4875,0.02010619298296573,0.02010619298296573,0.0
8.4925,0.021637719401590077,0.021637719401590077,0.0
8.4975,0.02128429022806138,0.02128429022806138,0.0
8.5025,0.027214046361709477,0.027214046361709477,0.0
8.5075,0.021127210595381963,0.021127210595381963,0.0
8.5125,0.021009400870872396,0.021009400870872396,0.0
8.5175,0.02261946710583645,0.02261946710583645,0.0
8.5225,0.01602212253330082,0.01602212253330082,0.0
8.5275,0.013351768777750682,0.013351768777750682,0.0
8.5325,0.01405862712480807,0.01405862712480807,0.0
8.5375,0.011623892818277066,0.011623892818277066,0.0
8.5425,0.01370519795127938,0.01370519795127938,0.0
8.5475,0.014490596114676476,0.014490596114676476,0.0
8.5525,0.01291979978788228,0.01291979978788228,0.0
8.557500000000001,0.010210176124162288,0.010210176124162288,0.0
8.5625,0.010367255756841706,0.010367255756841706,0.0
8.5675,0.009856746950633592,0.009856746950633592,0.0
8.5725,0.00895353906272693,0.00895353906272693,0.0
8.5775,0.008364490440179105,0.008364490440179105,0.0
8.5825,0.01009236639965272,0.01009236639965272,0.0
8.5875,0.007304202919593022,0.007304202919593022,0.0
8.5925,0.008914269154557076,0.008914269154557076,0.0
8.5975,0.007264933011423166,0.007264933011423166,0.0
8.602500000000001,0.008128870991159975,0.008128870991159975,0.0
8.6075,0.006518804756195921,0.006518804756195921,0.0
8.6125,0.005654866776459114,0.005654866776459114,0.0
8.6175,0.0072256631032533115,0.0072256631032533115,0.0
8.6225,0.004830198704892159,0.004830198704892159,0.0
8.6275,0.005851216317308387,0.005851216317308387,0.0
8.6325,0.0035342917352869456,0.0035342917352869456,0.0
8.637500000000001,0.006361725123516502,0.006361725123516502,0.0
8.6425,0.0035735616434568003,0.0035735616434568003,0.0
8.6475,0.0026703537555501362,0.0026703537555501362,0.0
8.6525,0.004005530633325205,0.004005530633325205,0.0
8.6575,0.0016100662349640528,0.0016100662349640528,0.0
8.6625,0.0029845130209089758,0.0029845130209089758,0.0
8.6675,0.0038091810924759306,0.0038091810924759306,0.0
8.6725,0.0027096236637199917,0.0027096236637199917,0.0
8.6775,0.0024347343065310068,0.0024347343065310068,0.0
8.682500000000001,0.002945243112739121,0.002945243112739121,0.0
8.6875,0.0026703537555501362,0.0026703537555501362,0.0
8.6925,0.0031023227454185414,0.0031023227454185414,0.0
8.6975,0.0024347343065310068,0.0024347343065310068,0.0
8.7025,0.003180862561758251,0.003180862561758251,0.0
8.7075,0.0035735616434568003,0.0035735616434568003,0.0
8.7125,0.0018849555921530375,0.0018849555921530375,0.0
8.7175,0.0021991148575118773,0.0021991148575118773,0.0
8.7225,0.003063052837248686,0.003063052837248686,0.0
8.727500000000001,0.0026310838473802816,0.0026310838473802816,0.0
8.7325,0.0027096236637199913,0.0027096236637199913,0.0
8.7375,0.00404480054149506,0.00404480054149506,0.0
8.7425,0.002866703296399411,0.002866703296399411,0.0
8.7475,0.0019242255003228924,0.0019242255003228924,0.0
8.7525,0.004084070449664914,0.004084070449664914,0.0
8.7575,0.002474004214700862,0.002474004214700862,0.0
8.762500000000001,0.003534291735286946,0.003534291735286946,0.0
8.7675,0.0023954643983611517,0.0023954643983611517,0.0
8.7725,0.002277654673851587,0.002277654673851587,0.0
8.7775,0.002120575041172167,0.002120575041172167,0.0
8.7825,0.002395464398361152,0.002395464398361152,0.0
8.7875,0.0016493361431339077,0.0016493361431339077,0.0
8.7925,0.0034950218271170906,0.0034950218271170906,0.0
8.7975,0.0028667032963994115,0.0028667032963994115,0.0
8.8025,0.0026310838473802816,0.0026310838473802816,0.0
8.807500000000001,0.0020420352248324575,0.0020420352248324575,0.0
8.8125,0.002356194490191297,0.002356194490191297,0.0
8.8175,0.0014137166941147782,0.0014137166941147782,0.0
8.8225,0.0007461282552272439,0.0007461282552272439,0.0
8.8275,0.00031415926535883956,0.00031415926535883956,0.0
8.8325,0,0,0
