omega,S,S_edge,S_cont,Sr,Sr_edge,Sr_cont
-1.6225000000000005,0.0,0.0,0.0
-1.6174999999999997,0.00019320794819577242,0.00019320794819577242,0.0
-1.6125000000000007,0.00783827367070654,0.00783827367070654,0.0
-1.6075,0.10733565460254889,0.10733565460254889,0.0
-1.6024999999999991,0.36910257927760715,0.36910257927760715,0.0
-1.5975000000000001,0.5264461057399951,0.5264461057399951,0.0
-1.5924999999999994,0.4187224644447301,0.4187224644447301,0.0
-1.5875000000000004,0.3178129376151012,0.3178129376151012,0.0
-1.5824999999999996,0.27201794150372366,0.27201794150372366,0.0
-1.5775000000000006,0.24343730233769112,0.24343730233769112,0.0
-1.5724999999999998,0.22327770227960583,0.22327770227960583,0.0
-1.567499999999999,0.20745035849082083,0.20745035849082083,0.0
-1.5625,0.19523270466101036,0.19523270466101036,0.0
-1.5574999999999992,0.18492828075723602,0.18492828075723602,0.0
-1.5525000000000002,0.17624334786638723,0.17624334786638723,0.0
-1.5474999999999994,0.1685998529402034,0.1685998529402034,0.0
-1.5425000000000004,0.16213131366646216,0.16213131366646216,0.0
-1.5374999999999996,0.15618427877321672,0.15618427877321672,0.0
-1.5325000000000006,0.1508498544474213,0.1508498544474213,0.0
-1.5274999999999999,0.14618773094949408,0.14618773094949408,0.0
-1.522499999999999,0.14196857201572297,0.14196857201572297,0.0
-1.5175,0.1376551653023442,0.1376551653023442,0.0
-1.5124999999999993,0.13431565231157822,0.13431565231157822,0.0
-1.5075000000000003,0.13073266589015908,0.13073266589015908,0.0
-1.5024999999999995,0.12759735642187645,0.12759735642187645,0.0
-1.4975000000000005,0.12475264427405089,0.12475264427405089,0.0
-1.4924999999999997,0.12180268877233008,0.12180268877233008,0.0
-1.4875000000000007,0.11904279962615143,0.11904279962615143,0.0
-1.4825,0.11670545469188061,0.11670545469188061,0.0
-1.4774999999999991,0.11439010090618493,0.11439010090618493,0.0
-1.4725000000000001,0.11201348606374424,0.11201348606374424,0.0
-1.4674999999999994,0.10998087561687164,0.10998087561687164,0.0
-1.4625000000000004,0.1079655439295938,0.1079655439295938,0.0
-1.4574999999999996,0.10584968127740105,0.10584968127740105,0.0
-1.4525000000000006,0.1044516725465536,0.1044516725465536,0.0
-1.4474999999999998,0.10221800016985123,0.10221800016985123,0.0
-1.442499999999999,0.10040215961607636,0.10040215961607636,0.0
-1.4375,0.09928532342772518,0.09928532342772518,0.0
-1.4324999999999992,0.09753231472702206,0.09753231472702206,0.0
-1.4275000000000002,0.09580443876754768,0.09580443876754768,0.0
-1.4224999999999994,0.09448025746405958,0.09448025746405958,0.0
-1.4175000000000004,0.09300685050952597,0.09300685050952597,0.0
-1.4124999999999996,0.09142348781211672,0.09142348781211672,0.0
-1.4075000000000006,0.09024853215967413,0.09024853215967413,0.0
-1.4024999999999999,0.08904530217334923,0.08904530217334923,0.0
-1.397499999999999,0.08760016955269792,0.08760016955269792,0.0
-1.3925,0.08656501477334008,0.08656501477334008,0.0
-1.3874999999999993,0.08550158566009994,0.08550158566009994,0.0
-1.3825000000000003,0.0842842185068339,0.0842842185068339,0.0
-1.3774999999999995,0.08295061242538501,0.08295061242538501,0.0
-1.3725000000000005,0.08189346649745205,0.08189346649745205,0.0
-1.3674999999999997,0.08076406393848654,0.08076406393848654,0.0
-1.362499999999999,0.07984357729098471,0.07984357729098471,0.0
-1.3575,0.07881784728958764,0.07881784728958764,0.0
-1.3524999999999991,0.07772300224981159,0.07772300224981159,0.0
-1.3475000000000001,0.07678052445373466,0.07678052445373466,0.0
-1.3424999999999994,0.07565426348742273,0.07565426348742273,0.0
-1.3375000000000004,0.07471178569134578,0.07471178569134578,0.0
-1.3324999999999996,0.07405205123409192,0.07405205123409192,0.0
-1.3275000000000006,0.07293050265676036,0.07293050265676036,0.0
-1.3224999999999998,0.07223149829133663,0.07223149829133663,0.0
-1.317499999999999,0.07132357801444919,0.07132357801444919,0.0
-1.3125,0.07050048073920866,0.07050048073920866,0.0
-1.3074999999999992,0.06939306932881827,0.06939306932881827,0.0
-1.3025000000000002,0.06886842335566874,0.06886842335566874,0.0
-1.2974999999999994,0.06793694113387938,0.06793694113387938,0.0
-1.2925000000000004,0.06723950756478243,0.06723950756478243,0.0
-1.2874999999999996,0.06646667577199936,0.06646667577199936,0.0
-1.2825000000000006,0.06572997229473254,0.06572997229473254,0.0
-1.2774999999999999,0.06477649892436804,0.06477649892436804,0.0
-1.272499999999999,0.06445291488104828,0.06445291488104828,0.0
-1.2675,0.06332665391473635,0.06332665391473635,0.0
-1.2624999999999993,0.06243758319377043,0.06243758319377043,0.0
-1.2575000000000003,0.061949065536137216,0.061949065536137216,0.0
-1.2524999999999995,0.06141970717400734,0.06141970717400734,0.0
-1.2475000000000005,0.060783534661655404,0.060783534661655404,0.0
-1.2424999999999997,0.059983999331316804,0.059983999331316804,0.0
-1.237499999999999,0.058999110034416394,0.058999110034416394,0.0
-1.2325,0.058559287062913835,0.058559287062913835,0.0
-1.2274999999999991,0.05827968531674435,0.05827968531674435,0.0
-1.2225000000000001,0.05737490663251047,0.05737490663251047,0.0
-1.2174999999999994,0.056518822634407245,0.056518822634407245,0.0
-1.2125000000000004,0.05592820321553238,0.05592820321553238,0.0
-1.2074999999999996,0.05568472978487917,0.05568472978487917,0.0
-1.2025000000000006,0.054737539599821826,0.054737539599821826,0.0
-1.1974999999999998,0.054190902478097214,0.054190902478097214,0.0
-1.192499999999999,0.05396313701071196,0.05396313701071196,0.0
-1.1875,0.052700216763968855,0.052700216763968855,0.0
-1.1824999999999992,0.052774044191328216,0.052774044191328216,0.0
-1.1775000000000002,0.05187869028505512,0.05187869028505512,0.0
-1.1724999999999994,0.05113099123350075,0.05113099123350075,0.0
-1.1675000000000004,0.051206389457186904,0.051206389457186904,0.0
-1.1624999999999996,0.04986335859777726,0.04986335859777726,0.0
-1.1575000000000006,0.049662296667947525,0.049662296667947525,0.0
-1.1524999999999999,0.049393690496065595,0.049393690496065595,0.0
-1.147499999999999,0.048278425104041206,0.048278425104041206,0.0
-1.1425,0.04857687640613224,0.04857687640613224,0.0
-1.1374999999999993,0.047518159681872486,0.047518159681872486,0.0
-1.1325000000000003,0.046877274780540164,0.046877274780540164,0.0
-1.1274999999999995,0.04676888983399132,0.04676888983399132,0.0
-1.1225000000000005,0.04593008459548284,0.04593008459548284,0.0
-1.1174999999999997,0.045881389909352206,0.045881389909352206,0.0
-1.112499999999999,0.04475669973936705,0.04475669973936705,0.0
-1.1075,0.04497032803981115,0.04497032803981115,0.0
-1.1024999999999991,0.04366185469959101,0.04366185469959101,0.0
-1.0975000000000001,0.04416293872783857,0.04416293872783857,0.0
-1.0924999999999994,0.042755505219030356,0.042755505219030356,0.0
-1.0875000000000004,0.04319532819053292,0.04319532819053292,0.0
-1.0824999999999996,0.04181459821928021,0.04181459821928021,0.0
-1.0775000000000006,0.04198895661155443,0.04198895661155443,0.0
-1.0724999999999998,0.04123811596734648,0.04123811596734648,0.0
-1.067499999999999,0.04110931066854929,0.04110931066854929,0.0
-1.0625,0.040518691249674416,0.040518691249674416,0.0
-1.0574999999999992,0.04006787270388427,0.04006787270388427,0.0
-1.0525000000000002,0.039756855031178887,0.039756855031178887,0.0
-1.0474999999999994,0.039073558629023106,0.039073558629023106,0.0
-1.0425000000000004,0.03883636838367707,0.03883636838367707,0.0
-1.0374999999999996,0.03837455426359938,0.03837455426359938,0.0
-1.0325000000000006,0.038146788796214116,0.038146788796214116,0.0
-1.0274999999999999,0.0371948862221764,0.0371948862221764,0.0
-1.022499999999999,0.037479200357326284,0.037479200357326284,0.0
-1.0175,0.036404775669798564,0.036404775669798564,0.0
-1.0124999999999993,0.0367943331588437,0.0367943331588437,0.0
-1.0075000000000003,0.035584819987211636,0.035584819987211636,0.0
-1.0024999999999995,0.03613616949791664,0.03613616949791664,0.0
-0.9975000000000005,0.03494236428955252,0.03494236428955252,0.0
-0.9924999999999997,0.03519212090551291,0.03519212090551291,0.0
-0.9874999999999989,0.03431247496250776,0.03431247496250776,0.0
-0.9824999999999999,0.03388050597263917,0.03388050597263917,0.0
-0.9774999999999991,0.03413811657023353,0.03413811657023353,0.0
-0.9725000000000001,0.03299143525167325,0.03299143525167325,0.0
-0.9674999999999994,0.03339512990765955,0.03339512990765955,0.0
-0.9625000000000004,0.03277780695122915,0.03277780695122915,0.0
-0.9574999999999996,0.031767784913100026,0.031767784913100026,0.0
-0.9525000000000006,0.03281864765572582,0.03281864765572582,0.0
-0.9474999999999998,0.030709068188840262,0.030709068188840262,0.0
-0.942499999999999,0.031810196413923485,0.031810196413923485,0.0
-0.9375,0.03141278494324438,0.03141278494324438,0.0
-0.9324999999999992,0.029852984190737043,0.029852984190737043,0.0
-0.9275000000000002,0.031106479659519366,0.031106479659519366,0.0
-0.9224999999999994,0.0297744443743973,0.0297744443743973,0.0
-0.9175000000000004,0.029174400177561653,0.029174400177561653,0.0
-0.9124999999999996,0.03028809477325924,0.03028809477325924,0.0
-0.9075000000000006,0.02858378075868677,0.02858378075868677,0.0
-0.9024999999999999,0.028739289595039463,0.028739289595039463,0.0
-0.8974999999999991,0.029138271862045373,0.029138271862045373,0.0
-0.8925000000000001,0.02717477645355175,0.02717477645355175,0.0
-0.8874999999999993,0.028378006439876632,0.028378006439876632,0.0
-0.8825000000000003,0.028073271952478426,0.028073271952478426,0.0
-0.8774999999999995,0.02627785175095186,0.02627785175095186,0.0
-0.8725000000000005,0.027638161369956234,0.027638161369956234,0.0
-0.8674999999999997,0.02708524106292444,0.02708524106292444,0.0
-0.8624999999999989,0.02551444473612953,0.02551444473612953,0.0
-0.8574999999999999,0.026555882700794557,0.026555882700794557,0.0
-0.8524999999999991,0.02656216588610173,0.02656216588610173,0.0
-0.8475000000000001,0.024758891702941186,0.024758891702941186,0.0
-0.8424999999999994,0.02521128104505812,0.02521128104505812,0.0
-0.8375000000000004,0.02611448893296519,0.02611448893296519,0.0
-0.8324999999999996,0.02437404660287644,0.02437404660287644,0.0
-0.8275000000000006,0.02372216612725656,0.02372216612725656,0.0
-0.8224999999999998,0.025420196956521837,0.025420196956521837,0.0
-0.817499999999999,0.02417769706202708,0.02417769706202708,0.0
-0.8125,0.022782829923833205,0.022782829923833205,0.0
-0.8074999999999992,0.024000197077099255,0.024000197077099255,0.0
-0.8025000000000002,0.024229533340811307,0.024229533340811307,0.0
-0.7974999999999994,0.022102675114331016,0.022102675114331016,0.0
-0.7925000000000004,0.02280953346138872,0.02280953346138872,0.0
-0.7874999999999996,0.02344099358476027,0.02344099358476027,0.0
-0.7825000000000006,0.021848206109390242,0.021848206109390242,0.0
-0.7774999999999999,0.02187333885061896,0.02187333885061896,0.0
-0.7724999999999991,0.022446679509899096,0.022446679509899096,0.0
-0.7675000000000001,0.021898471591847678,0.021898471591847678,0.0
-0.7624999999999993,0.020699953994503167,0.020699953994503167,0.0
-0.7575000000000003,0.021612586660371007,0.021612586660371007,0.0
-0.7524999999999995,0.021656568957521265,0.021656568957521265,0.0
-0.7475000000000005,0.02070309558715676,0.02070309558715676,0.0
-0.7424999999999997,0.02007163546378521,0.02007163546378521,0.0
-0.7374999999999989,0.0203528080062815,0.0203528080062815,0.0
-0.7324999999999999,0.020901015924332918,0.020901015924332918,0.0
-0.7274999999999991,0.020082631038072778,0.020082631038072778,0.0
-0.7225000000000001,0.019254821373851864,0.019254821373851864,0.0
-0.7174999999999994,0.01943232135877969,0.01943232135877969,0.0
-0.7125000000000004,0.020198869966255598,0.020198869966255598,0.0
-0.7074999999999996,0.01945274171102802,0.01945274171102802,0.0
-0.7025000000000006,0.01862179045415352,0.01862179045415352,0.0
-0.6974999999999998,0.018214954205513643,0.018214954205513643,0.0
-0.692499999999999,0.019430750562452893,0.019430750562452893,0.0
-0.6875,0.018981502812989555,0.018981502812989555,0.0
-0.6824999999999992,0.018203958631226074,0.018203958631226074,0.0
-0.6775000000000002,0.017341591447815677,0.017341591447815677,0.0
-0.6724999999999994,0.018312343577774923,0.018312343577774923,0.0
-0.6675000000000004,0.018626502843133906,0.018626502843133906,0.0
-0.6624999999999996,0.017742144511148375,0.017742144511148375,0.0
-0.6575000000000006,0.01636769772520284,0.01636769772520284,0.0
-0.6524999999999999,0.01749395869151478,0.01749395869151478,0.0
-0.6474999999999991,0.017732719733187605,0.017732719733187605,0.0
-0.6425000000000001,0.017699733010324913,0.017699733010324913,0.0
-0.6374999999999993,0.016050396867190272,0.016050396867190272,0.0
-0.6325000000000003,0.016097520756994114,0.016097520756994114,0.0
-0.6274999999999995,0.01700229944122798,0.01700229944122798,0.0
-0.6225000000000005,0.01758977726744927,0.01758977726744927,0.0
-0.6174999999999997,0.015660839378145136,0.015660839378145136,0.0
-0.6124999999999989,0.01537024205768808,0.01537024205768808,0.0
-0.6074999999999999,0.01604725527453668,0.01604725527453668,0.0
-0.6024999999999991,0.01654676850645746,0.01654676850645746,0.0
-0.5975000000000001,0.0164101092260263,0.0164101092260263,0.0
-0.5924999999999994,0.01488329519638166,0.01488329519638166,0.0
-0.5875000000000004,0.01477491024983281,0.01477491024983281,0.0
-0.5824999999999996,0.01563099424793603,0.01563099424793603,0.0
-0.5775000000000006,0.01581634821449783,0.01581634821449783,0.0
-0.5724999999999998,0.015290131445021539,0.015290131445021539,0.0
-0.567499999999999,0.014740352730643324,0.014740352730643324,0.0
-0.5625,0.014537720004486783,0.014537720004486783,0.0
-0.5574999999999992,0.014360220019558957,0.014360220019558957,0.0
-0.5525000000000002,0.01488957838168884,0.01488957838168884,0.0
-0.5474999999999994,0.014886436789035253,0.014886436789035253,0.0
-0.5425000000000004,0.014319379315062292,0.014319379315062292,0.0
-0.5374999999999996,0.014823604935963457,0.014823604935963457,0.0
-0.5325000000000006,0.013468007705939457,0.013468007705939457,0.0
-0.5274999999999999,0.013260662590802528,0.013260662590802528,0.0
-0.5224999999999991,0.014528295226526013,0.014528295226526013,0.0
-0.5175000000000001,0.013728759896187409,0.013728759896187409,0.0
-0.5124999999999993,0.014683804062878711,0.014683804062878711,0.0
-0.5075000000000003,0.014000507660722928,0.014000507660722928,0.0
-0.5024999999999995,0.012366879480856229,0.012366879480856229,0.0
-0.4975000000000005,0.012772144933169319,0.012772144933169319,0.0
-0.4924999999999997,0.01369891476597831,0.01369891476597831,0.0
-0.48749999999999893,0.013592100615756254,0.013592100615756254,0.0
-0.48249999999999993,0.013981658104801392,0.013981658104801392,0.0
-0.47749999999999915,0.012985773233613425,0.012985773233613425,0.0
-0.47250000000000014,0.012085706938359943,0.012085706938359943,0.0
-0.46749999999999936,0.01271245467275111,0.01271245467275111,0.0
-0.46250000000000036,0.012979490048306242,0.012979490048306242,0.0
-0.4574999999999996,0.012630773263757776,0.012630773263757776,0.0
-0.45250000000000057,0.012731304228672646,0.012731304228672646,0.0
-0.4474999999999998,0.012544379465784055,0.012544379465784055,0.0
-0.442499999999999,0.012494113983326621,0.012494113983326621,0.0
-0.4375,0.012655906004986497,0.012655906004986497,0.0
-0.4324999999999992,0.012261636126960974,0.012261636126960974,0.0
-0.4275000000000002,0.011590906095419552,0.011590906095419552,0.0
-0.42249999999999943,0.01155163618724968,0.01155163618724968,0.0
-0.4175000000000004,0.011914490138739301,0.011914490138739301,0.0
-0.41249999999999964,0.012457985667810336,0.012457985667810336,0.0
-0.40750000000000064,0.013006193585861758,0.013006193585861758,0.0
-0.40249999999999986,0.01215168038408533,0.01215168038408533,0.0
-0.3974999999999991,0.010857344210806336,0.010857344210806336,0.0
-0.39250000000000007,0.01061544157647992,0.01061544157647992,0.0
-0.3874999999999993,0.01128931320067493,0.01128931320067493,0.0
-0.3825000000000003,0.01156734415051763,0.01156734415051763,0.0
-0.3774999999999995,0.012316613998398796,0.012316613998398796,0.0
-0.3725000000000005,0.012192521088581995,0.012192521088581995,0.0
-0.3674999999999997,0.011284600811694547,0.011284600811694547,0.0
-0.36249999999999893,0.010521193796872226,0.010521193796872226,0.0
-0.35749999999999993,0.010222742494781195,0.010222742494781195,0.0
-0.35249999999999915,0.011389844165589805,0.011389844165589805,0.0
-0.34750000000000014,0.01147780875989032,0.01147780875989032,0.0
-0.34249999999999936,0.010778804394466589,0.010778804394466589,0.0
-0.33750000000000036,0.010906038896936978,0.010906038896936978,0.0
-0.3324999999999996,0.010921746860204924,0.010921746860204924,0.0
-0.32750000000000057,0.010885618544688641,0.010885618544688641,0.0
-0.3224999999999998,0.010312277885408505,0.010312277885408505,0.0
-0.317499999999999,0.011133804364322236,0.011133804364322236,0.0
-0.3125,0.011567344150517628,0.011567344150517628,0.0
-0.3074999999999992,0.009671392984076186,0.009671392984076186,0.0
-0.3025000000000002,0.009120043473371177,0.009120043473371177,0.0
-0.29749999999999943,0.010224313291107989,0.010224313291107989,0.0
-0.2925000000000004,0.010873052174074284,0.010873052174074284,0.0
-0.28749999999999964,0.010805507932022103,0.010805507932022103,0.0
-0.28250000000000064,0.011212344180661983,0.011212344180661983,0.0
-0.27749999999999986,0.010995574287564286,0.010995574287564286,0.0
-0.2724999999999991,0.010027963750258629,0.010027963750258629,0.0
-0.26750000000000007,0.008408472737333087,0.008408472737333087,0.0
-0.2624999999999993,0.00838962318141155,0.00838962318141155,0.0
-0.2575000000000003,0.009520596536703875,0.009520596536703875,0.0
-0.2524999999999995,0.011092963659825568,0.011092963659825568,0.0
-0.2475000000000005,0.010981437120623131,0.010981437120623131,0.0
-0.24249999999999972,0.011204490199028005,0.011204490199028005,0.0
-0.23749999999999893,0.010367255756846327,0.010367255756846327,0.0
-0.23249999999999993,0.009372941681985153,0.009372941681985153,0.0
-0.22749999999999915,0.007893251542144363,0.007893251542144363,0.0
-0.22250000000000014,0.008193273640562186,0.008193273640562186,0.0
-0.21749999999999936,0.008735198373306427,0.008735198373306427,0.0
-0.21250000000000036,0.010279291162545811,0.010279291162545811,0.0
-0.20749999999999957,0.01089504332264941,0.01089504332264941,0.0
-0.20250000000000057,0.010649999095669405,0.010649999095669405,0.0
-0.1974999999999998,0.010098649584964398,0.010098649584964398,0.0
-0.192499999999999,0.009376083274638746,0.009376083274638746,0.0
-0.1875,0.008122587805856417,0.008122587805856417,0.0
-0.18249999999999922,0.008285950623843085,0.008285950623843085,0.0
-0.1775000000000002,0.008337786902627318,0.008337786902627318,0.0
-0.17249999999999943,0.008714778021058094,0.008714778021058094,0.0
-0.16750000000000043,0.009723229262860419,0.009723229262860419,0.0
-0.16249999999999964,0.010315419478062093,0.010315419478062093,0.0
-0.15750000000000064,0.00974993280041593,0.00974993280041593,0.0
-0.15249999999999986,0.009613273519984776,0.009613273519984776,0.0
-0.14749999999999908,0.008959822248038096,0.008959822248038096,0.0
-0.14250000000000007,0.008419468311620652,0.008419468311620652,0.0
-0.1374999999999993,0.008284379827516291,0.008284379827516291,0.0
-0.13250000000000028,0.007835132078052951,0.007835132078052951,0.0
-0.1274999999999995,0.008274955049555522,0.008274955049555522,0.0
-0.1225000000000005,0.009098052324796048,0.009098052324796048,0.0
-0.11749999999999972,0.008906415172927071,0.008906415172927071,0.0
-0.11249999999999893,0.009446769109344515,0.009446769109344515,0.0
-0.10749999999999993,0.009738937226128367,0.009738937226128367,0.0
-0.10249999999999915,0.009027366490090276,0.009027366490090276,0.0
-0.09750000000000014,0.008659800149620272,0.008659800149620272,0.0
-0.09249999999999936,0.00821683558546411,0.00821683558546411,0.0
-0.08750000000000036,0.0075571011282102515,0.0075571011282102515,0.0
-0.08249999999999957,0.007863406411935257,0.007863406411935257,0.0
-0.07750000000000057,0.007814711725804618,0.007814711725804618,0.0
-0.07249999999999979,0.00800163648869321,0.00800163648869321,0.0
-0.067499999999999,0.008851437301489249,0.008851437301489249,0.0
-0.0625,0.009437344331383747,0.009437344331383747,0.0
-0.05749999999999922,0.009339954959122461,0.009339954959122461,0.0
-0.05250000000000021,0.008744623151267197,0.008744623151267197,0.0
-0.04749999999999943,0.008551415203071424,0.008551415203071424,0.0
-0.042500000000000426,0.007800574558863463,0.007800574558863463,0.0
-0.037499999999999645,0.007508406442079612,0.007508406442079612,0.0
-0.03250000000000064,0.00705915869261627,0.00705915869261627,0.0
-0.027499999999999858,0.006649180851322803,0.006649180851322803,0.0
-0.022499999999999076,0.007726747131504102,0.007726747131504102,0.0
-0.01750000000000007,0.009390220441579899,0.009390220441579899,0.0
-0.01249999999999929,0.009269269124416692,0.009269269124416692,0.0
-0.007500000000000284,0.00871949041003848,0.00871949041003848,0.0
-0.0024999999999995026,0.008356636458548857,0.008356636458548857,0.0
0.0024999999999995026,0.00866294174227386,0.00866294174227386,0.0
0.007500000000000284,0.007891680745817567,0.007891680745817567,0.0
0.012500000000001066,0.0070246011734267835,0.0070246011734267835,0.0
0.01750000000000007,0.005865353484252148,0.005865353484252148,0.0
0.022500000000000853,0.006542366701100749,0.006542366701100749,0.0
0.027499999999999858,0.007418871051452303,0.007418871051452303,0.0
0.03250000000000064,0.008981813396613225,0.008981813396613225,0.0
0.037499999999999645,0.009093339935815663,0.009093339935815663,0.0
0.042500000000000426,0.008694357668809759,0.008694357668809759,0.0
0.04749999999999943,0.008025198433595133,0.008025198433595133,0.0
0.05250000000000021,0.008384910792431165,0.008384910792431165,0.0
0.057500000000000995,0.007685906427007436,0.007685906427007436,0.0
0.0625,0.006726149871335752,0.006726149871335752,0.0
0.06750000000000078,0.005984734005088561,0.005984734005088561,0.0
0.07249999999999979,0.0063962826427088225,0.0063962826427088225,0.0
0.07750000000000057,0.006996326839544476,0.006996326839544476,0.0
0.08249999999999957,0.007444003792681021,0.007444003792681021,0.0
0.08750000000000036,0.008692786872482965,0.008692786872482965,0.0
0.09249999999999936,0.009372941681985157,0.009372941681985157,0.0
0.09750000000000014,0.00789953472745154,0.00789953472745154,0.0
0.10250000000000092,0.007467565737582944,0.007467565737582944,0.0
0.10749999999999993,0.007635640944549999,0.007635640944549999,0.0
0.11250000000000071,0.007019888784446399,0.007019888784446399,0.0
0.11749999999999972,0.0062030746945130515,0.0062030746945130515,0.0
0.1225000000000005,0.006446548125166261,0.006446548125166261,0.0
0.1274999999999995,0.006397853439035619,0.006397853439035619,0.0
0.13250000000000028,0.006573782627636649,0.006573782627636649,0.0
0.13750000000000107,0.007516260423713586,0.007516260423713586,0.0
0.14250000000000007,0.008307941772418214,0.008307941772418214,0.0
0.14750000000000085,0.00843831786754219,0.00843831786754219,0.0
0.15249999999999986,0.00791838428337308,0.00791838428337308,0.0
0.15750000000000064,0.007568096702497817,0.007568096702497817,0.0
0.16249999999999964,0.006856525966459728,0.006856525966459728,0.0
0.16750000000000043,0.006635043684381649,0.006635043684381649,0.0
0.17249999999999943,0.0063962826427088225,0.0063962826427088225,0.0
0.1775000000000002,0.0060114375426440735,0.0060114375426440735,0.0
0.182500000000001,0.006328738400656642,0.006328738400656642,0.0
0.1875,0.00668373837051229,0.00668373837051229,0.0
0.19250000000000078,0.006809402076655881,0.006809402076655881,0.0
0.1974999999999998,0.007436149811047046,0.007436149811047046,0.0
0.20250000000000057,0.00769376040864141,0.00769376040864141,0.0
0.20749999999999957,0.008097455064627697,0.008097455064627697,0.0
0.21250000000000036,0.007747167483752437,0.007747167483752437,0.0
0.21749999999999936,0.006872233929727677,0.006872233929727677,0.0
0.22250000000000014,0.006803118891348701,0.006803118891348701,0.0
0.22750000000000092,0.00608683576633023,0.00608683576633023,0.0
0.23249999999999993,0.00583079596506266,0.00583079596506266,0.0
0.2375000000000007,0.005664291554422401,0.005664291554422401,0.0
0.24249999999999972,0.006033428691219202,0.006033428691219202,0.0
0.2475000000000005,0.006476393255375364,0.006476393255375364,0.0
0.2524999999999995,0.006997897635871269,0.006997897635871269,0.0
0.2575000000000003,0.0068863710966688306,0.0068863710966688306,0.0
0.26250000000000107,0.00739845069920397,0.00739845069920397,0.0
0.26750000000000007,0.008017344451961159,0.008017344451961159,0.0
0.27250000000000085,0.007619932981282049,0.007619932981282049,0.0
0.27749999999999986,0.007150264879570375,0.007150264879570375,0.0
0.28250000000000064,0.006302034863101131,0.006302034863101131,0.0
0.28749999999999964,0.005387831400906499,0.005387831400906499,0.0
0.2925000000000004,0.005378406622945731,0.005378406622945731,0.0
0.29749999999999943,0.005056393375952776,0.005056393375952776,0.0
0.3025000000000002,0.005678428721363556,0.005678428721363556,0.0
0.307500000000001,0.006181083545937923,0.006181083545937923,0.0
0.3125,0.0064167029949571555,0.0064167029949571555,0.0
0.3175000000000008,0.006977477283622936,0.006977477283622936,0.0
0.3224999999999998,0.007321481679191018,0.007321481679191018,0.0
0.32750000000000057,0.007786437391922308,0.007786437391922308,0.0
0.3324999999999996,0.00799221171073244,0.00799221171073244,0.0
0.33750000000000036,0.006974335690969346,0.006974335690969346,0.0
0.34249999999999936,0.005739689778108556,0.005739689778108556,0.0
0.34750000000000014,0.005383119011926115,0.005383119011926115,0.0
0.3525000000000009,0.0051160836363709815,0.0051160836363709815,0.0
0.35749999999999993,0.004794070389378027,0.004794070389378027,0.0
0.3625000000000007,0.004640132349352128,0.004640132349352128,0.0
0.3674999999999997,0.005701990666265479,0.005701990666265479,0.0
0.3725000000000005,0.006115110100212537,0.006115110100212537,0.0
0.3774999999999995,0.006826680836250624,0.006826680836250624,0.0
0.3825000000000003,0.006821968447270241,0.006821968447270241,0.0
0.38750000000000107,0.007172256028145505,0.007172256028145505,0.0
0.39250000000000007,0.007913671894392696,0.007913671894392696,0.0
0.39750000000000085,0.006825110039923829,0.006825110039923829,0.0
0.40249999999999986,0.00576953490831766,0.00576953490831766,0.0
0.40750000000000064,0.005947034893245483,0.005947034893245483,0.0
0.41249999999999964,0.004863185427757004,0.004863185427757004,0.0
0.4175000000000004,0.004830198704894311,0.004830198704894311,0.0
0.42249999999999943,0.004602433237509051,0.004602433237509051,0.0
0.4275000000000002,0.005053251783299186,0.005053251783299186,0.0
0.432500000000001,0.005486791569494577,0.005486791569494577,0.0
0.4375,0.006232919824722154,0.006232919824722154,0.0
0.4425000000000008,0.006528229534159593,0.006528229534159593,0.0
0.4474999999999998,0.006050707450813947,0.006050707450813947,0.0
0.45250000000000057,0.006444977328839465,0.006444977328839465,0.0
0.4574999999999996,0.006449689717819851,0.006449689717819851,0.0
0.46250000000000036,0.00653294192313998,0.00653294192313998,0.0
0.46749999999999936,0.0055857517380826565,0.0055857517380826565,0.0
0.47250000000000014,0.005592034923389836,0.005592034923389836,0.0
0.4775000000000009,0.005109800451063802,0.005109800451063802,0.0
0.48249999999999993,0.004864756224083798,0.004864756224083798,0.0
0.4875000000000007,0.00492287568817521,0.00492287568817521,0.0
0.4924999999999997,0.0050061278934953385,0.0050061278934953385,0.0
0.4975000000000005,0.005639158813193683,0.005639158813193683,0.0
0.5024999999999995,0.00627376052921882,0.00627376052921882,0.0
0.5075000000000003,0.005717698629533428,0.005717698629533428,0.0
0.5125000000000011,0.006024003913258432,0.006024003913258432,0.0
0.5175000000000001,0.005541769440932399,0.005541769440932399,0.0
0.5225000000000009,0.005031260634724057,0.005031260634724057,0.0
0.5274999999999999,0.005471083606226629,0.005471083606226629,0.0
0.5325000000000006,0.0053862606045797035,0.0053862606045797035,0.0
0.5374999999999996,0.004800353574685208,0.004800353574685208,0.0
0.5425000000000004,0.004814490741626361,0.004814490741626361,0.0
0.5474999999999994,0.005384689808252909,0.005384689808252909,0.0
0.5525000000000002,0.004968428781652262,0.004968428781652262,0.0
0.557500000000001,0.005081526117181494,0.005081526117181494,0.0
0.5625,0.005607742886657785,0.005607742886657785,0.0
0.5675000000000008,0.0057286942038209925,0.0057286942038209925,0.0
0.5724999999999998,0.006201503898186257,0.006201503898186257,0.0
0.5775000000000006,0.005855928706291378,0.005855928706291378,0.0
0.5824999999999996,0.005273163269050472,0.005273163269050472,0.0
0.5875000000000004,0.005249601324148548,0.005249601324148548,0.0
0.5924999999999994,0.00479092879672444,0.00479092879672444,0.0
0.5975000000000001,0.004800353574685208,0.004800353574685208,0.0
0.6025000000000009,0.004365242992163021,0.004365242992163021,0.0
0.6074999999999999,0.0044783403276922535,0.0044783403276922535,0.0
0.6125000000000007,0.003705508534909164,0.003705508534909164,0.0
0.6174999999999997,0.0038814377235101925,0.0038814377235101925,0.0
0.6225000000000005,0.00506738895024034,0.00506738895024034,0.0
0.6274999999999995,0.005357986270697396,0.005357986270697396,0.0
0.6325000000000003,0.005020265060436494,0.005020265060436494,0.0
0.6375000000000011,0.005485220773167783,0.005485220773167783,0.0
0.6425000000000001,0.005342278307429447,0.005342278307429447,0.0
0.6475000000000009,0.005472654402553424,0.005472654402553424,0.0
0.6524999999999999,0.004679402257522001,0.004679402257522001,0.0
0.6575000000000006,0.005507211921742913,0.005507211921742913,0.0
0.6624999999999996,0.0056187384609453495,0.0056187384609453495,0.0
0.6675000000000004,0.005441238476017525,0.005441238476017525,0.0
0.6724999999999994,0.004585154477914307,0.004585154477914307,0.0
0.6775000000000002,0.004225442119078274,0.004225442119078274,0.0
0.682500000000001,0.003729070479811088,0.003729070479811088,0.0
0.6875,0.003493451030791853,0.003493451030791853,0.0
0.6925000000000008,0.0038987164831049376,0.0038987164831049376,0.0
0.6974999999999998,0.004128052746816991,0.004128052746816991,0.0
0.7025000000000006,0.004867897816737388,0.004867897816737388,0.0
0.7074999999999996,0.004858473038776619,0.004858473038776619,0.0
0.7125000000000004,0.004417079270947252,0.004417079270947252,0.0
0.7174999999999994,0.00430398193541802,0.00430398193541802,0.0
0.7225000000000001,0.0042034509705031475,0.0042034509705031475,0.0
0.7275000000000009,0.003969402317810707,0.003969402317810707,0.0
0.7324999999999999,0.004021238596594939,0.004021238596594939,0.0
0.7375000000000007,0.004267853619901739,0.004267853619901739,0.0
0.7424999999999997,0.004991990726554185,0.004991990726554185,0.0
0.7475000000000005,0.004825486315913926,0.004825486315913926,0.0
0.7524999999999995,0.004764225259168925,0.004764225259168925,0.0
0.7575000000000003,0.00484904826081585,0.00484904826081585,0.0
0.7625000000000011,0.004800353574685208,0.004800353574685208,0.0
0.7675000000000001,0.004194026192542377,0.004194026192542377,0.0
0.7725000000000009,0.003823318259418781,0.003823318259418781,0.0
0.7774999999999999,0.0036568138487785215,0.0036568138487785215,0.0
0.7825000000000006,0.004622853589757385,0.004622853589757385,0.0
0.7874999999999996,0.0046574111089468725,0.0046574111089468725,0.0
0.7925000000000004,0.004668406683234436,0.004668406683234436,0.0
0.7974999999999994,0.004212875748463916,0.004212875748463916,0.0
0.8025000000000002,0.004007101429653785,0.004007101429653785,0.0
0.807500000000001,0.0038610173712618594,0.0038610173712618594,0.0
0.8125,0.0034259067887396724,0.0034259067887396724,0.0
0.8175000000000008,0.003300243082596081,0.003300243082596081,0.0
0.8224999999999998,0.0029970793915246657,0.0029970793915246657,0.0
0.8275000000000006,0.002863561703747099,0.002863561703747099,0.0
0.8324999999999996,0.00276460153515902,0.00276460153515902,0.0
0.8375000000000004,0.0024378758991856816,0.0024378758991856816,0.0
0.8424999999999994,0.0027237608306623527,0.0027237608306623527,0.0
0.8475000000000001,0.0030379200960213328,0.0030379200960213328,0.0
0.8525000000000009,0.0034997342160990328,0.0034997342160990328,0.0
0.8574999999999999,0.004242720878673019,0.004242720878673019,0.0
0.8625000000000007,0.004407654492986483,0.004407654492986483,0.0
0.8674999999999997,0.004253716452960583,0.004253716452960583,0.0
0.8725000000000005,0.004360530603182636,0.004360530603182636,0.0
0.8774999999999995,0.005084667709835084,0.005084667709835084,0.0
0.8825000000000003,0.005725552611167402,0.005725552611167402,0.0
0.8875000000000011,0.005149070359233676,0.005149070359233676,0.0
0.8925000000000001,0.005134933192292521,0.005134933192292521,0.0
0.8975000000000009,0.004976282763286236,0.004976282763286236,0.0
0.9024999999999999,0.0047469464995741825,0.0047469464995741825,0.0
0.9075000000000006,0.0038186058704383972,0.0038186058704383972,0.0
0.9124999999999996,0.003760486406346985,0.003760486406346985,0.0
0.9175000000000004,0.003920707631680065,0.003920707631680065,0.0
0.9224999999999994,0.0030489156703088975,0.0030489156703088975,0.0
0.9275000000000002,0.001306902543893355,0.001306902543893355,0.0
0.932500000000001,0.0005324999547834704,0.0005324999547834704,0.0
0.9375,0.0004413937678293664,0.0004413937678293664,0.0
0.9425000000000008,0.0003282964323001337,0.0003282964323001337,0.0
0.9474999999999998,0.00041783182292744284,0.00041783182292744284,0.0
0.9525000000000006,0.00034400439556808265,0.00034400439556808265,0.0
0.9574999999999996,0.0005749114556069326,0.0005749114556069326,0.0
0.9625000000000004,0.0010414379646650174,0.0010414379646650174,0.0
0.9674999999999994,0.0015723671231216933,0.0015723671231216933,0.0
0.9725000000000001,0.001602212253330796,0.001602212253330796,0.0
0.9775000000000009,0.0016540485321150276,0.0016540485321150276,0.0
0.9824999999999999,0.00245986704776081,0.00245986704776081,0.0
0.9875000000000007,0.003166725394818515,0.003166725394818515,0.0
0.9924999999999997,0.003388207676896595,0.003388207676896595,0.0
0.9975000000000005,0.004423362456254432,0.004423362456254432,0.0
1.0024999999999995,0.005103517265756623,0.005103517265756623,0.0
1.0075000000000003,0.005705132258919069,0.005705132258919069,0.0
1.012500000000001,0.006831393225231012,0.006831393225231012,0.0
1.0175,0.008155574528719109,0.008155574528719109,0.0
1.0225000000000009,0.009305397439932975,0.009305397439932975,0.0
1.0274999999999999,0.010645286706689024,0.010645286706689024,0.0
1.0325000000000006,0.00812415860218321,0.00812415860218321,0.0
1.0374999999999996,0.002510132530218247,0.002510132530218247,0.0
1.0425000000000004,0.00020420352248333673,0.00020420352248333673,0.0
