omega,S,S_edge,S_cont,Sr,Sr_edge,Sr_cont
-1.0474999999999994,0.0,0.0,0.0
-1.0425000000000004,0.3924634622497051,0.3924634622497051,0.0
-1.0374999999999996,2.0431080787245675,2.0431080787245675,0.0
-1.0325000000000006,5.535585215793751,5.535585215793751,0.0
-1.0274999999999999,5.183860356279479,5.183860356279479,0.0
-1.022499999999999,3.562583347930409,3.562583347930409,0.0
-1.0175,2.9736493935141883,2.9736493935141883,0.0
-1.0124999999999993,2.7357538606174296,2.7357538606174296,0.0
-1.0075000000000003,2.571486263946528,2.571486263946528,0.0
-1.0024999999999995,2.286823412012103,2.286823412012103,0.0
-0.9975000000000005,2.2550681934696155,2.2550681934696155,0.0
-0.9924999999999997,2.1574746176858497,2.1574746176858497,0.0
-0.9874999999999989,2.1737700587800215,2.1737700587800215,0.0
-0.9824999999999999,1.8869882026007496,1.8869882026007496,0.0
-0.9774999999999991,2.042779782292268,2.042779782292268,0.0
-0.9725000000000001,1.9872976852335453,1.9872976852335453,0.0
-0.9674999999999994,1.7888574144732188,1.7888574144732188,0.0
-0.9625000000000004,1.8586054837718926,1.8586054837718926,0.0
-0.9574999999999996,1.7760240084833046,1.7760240084833046,0.0
-0.9525000000000006,1.8190905313750405,1.8190905313750405,0.0
-0.9474999999999998,1.797005135020304,1.797005135020304,0.0
-0.942499999999999,1.6960390595229082,1.6960390595229082,0.0
-0.9375,1.6983669796792185,1.6983669796792185,0.0
-0.9324999999999992,1.668104017647188,1.668104017647188,0.0
-0.9275000000000002,1.6472124265008155,1.6472124265008155,0.0
-0.9224999999999994,1.6166211680364855,1.6166211680364855,0.0
-0.9175000000000004,1.6352146841567567,1.6352146841567567,0.0
-0.9124999999999996,1.6318720295733369,1.6318720295733369,0.0
-0.9075000000000006,1.6005346428537786,1.6005346428537786,0.0
-0.9024999999999999,1.5822694231658077,1.5822694231658077,0.0
-0.8974999999999991,1.581762055952253,1.581762055952253,0.0
-0.8925000000000001,1.5410831434772456,1.5410831434772456,0.0
-0.8874999999999993,1.5281005118362856,1.5281005118362856,0.0
-0.8825000000000003,1.531443166419705,1.531443166419705,0.0
-0.8774999999999995,1.5239818838674293,1.5239818838674293,0.0
-0.8725000000000005,1.5180427029558177,1.5180427029558177,0.0
-0.8674999999999997,1.505388367747158,1.505388367747158,0.0
-0.8624999999999989,1.497539098502164,1.497539098502164,0.0
-0.8574999999999999,1.4908836344655338,1.4908836344655338,0.0
-0.8524999999999991,1.4860487233716593,1.4860487233716593,0.0
-0.8475000000000001,1.4779905382152014,1.4779905382152014,0.0
-0.8424999999999994,1.4686490124597522,1.4686490124597522,0.0
-0.8375000000000004,1.4473992797508708,1.4473992797508708,0.0
-0.8324999999999996,1.439609700766295,1.439609700766295,0.0
-0.8275000000000006,1.4235530207137976,1.4235530207137976,0.0
-0.8224999999999998,1.4074068052706725,1.4074068052706725,0.0
-0.817499999999999,1.3784868740980516,1.3784868740980516,0.0
-0.8125,1.3167671448256264,1.3167671448256264,0.0
-0.8074999999999992,1.2623296273242228,1.2623296273242228,0.0
-0.8025000000000002,1.300740309903338,1.300740309903338,0.0
-0.7974999999999994,1.3414490675085546,1.3414490675085546,0.0
-0.7925000000000004,1.4351926214953472,1.4351926214953472,0.0
-0.7874999999999996,1.4883169532675504,1.4883169532675504,0.0
-0.7825000000000006,1.4850936792049672,1.4850936792049672,0.0
-0.7774999999999999,1.4755133924078447,1.4755133924078447,0.0
-0.7724999999999991,1.475453702147426,1.475453702147426,0.0
-0.7675000000000001,1.3886640634993537,1.3886640634993537,0.0
-0.7624999999999993,1.2199196972970845,1.2199196972970845,0.0
-0.7575000000000003,1.0354171023444112,1.0354171023444112,0.0
-0.7524999999999995,1.0783642447153092,1.0783642447153092,0.0
-0.7475000000000005,1.3255117679768902,1.3255117679768902,0.0
-0.7424999999999997,1.4599939246991085,1.4599939246991085,0.0
-0.7374999999999989,1.486377019803956,1.486377019803956,0.0
-0.7324999999999999,1.4894510682154942,1.4894510682154942,0.0
-0.7274999999999991,1.4194045476147301,1.4194045476147301,0.0
-0.7225000000000001,1.122684263075828,1.122684263075828,0.0
-0.7174999999999994,0.9270792796853682,0.9270792796853682,0.0
-0.7125000000000004,1.114208246096443,1.114208246096443,0.0
-0.7074999999999996,1.3901563200098104,1.3901563200098104,0.0
-0.7025000000000006,1.4905553380332326,1.4905553380332326,0.0
-0.6974999999999998,1.4620233935533302,1.4620233935533302,0.0
-0.692499999999999,1.227142218807689,1.227142218807689,0.0
-0.6875,0.837573734188268,0.837573734188268,0.0
-0.6824999999999992,1.1606472687018072,1.1606472687018072,0.0
-0.6775000000000002,1.2910107974551692,1.2910107974551692,0.0
-0.6724999999999994,1.4521446554541166,1.4521446554541166,0.0
-0.6675000000000004,1.3575355926912605,1.3575355926912605,0.0
-0.6624999999999996,0.8213678284847248,0.8213678284847248,0.0
-0.6575000000000006,1.1191923828413635,1.1191923828413635,0.0
-0.6524999999999999,1.249854362896817,1.249854362896817,0.0
-0.6474999999999991,1.3705182243322211,1.3705182243322211,0.0
-0.6425000000000001,1.2244561570888708,1.2244561570888708,0.0
-0.6374999999999993,0.841901278068588,0.841901278068588,0.0
-0.6325000000000003,1.1466797477639485,1.1466797477639485,0.0
-0.6274999999999995,1.255375711985502,1.255375711985502,0.0
-0.6225000000000005,1.2655529013868059,1.2655529013868059,0.0
-0.6174999999999997,0.885325942522833,0.885325942522833,0.0
-0.6124999999999989,1.0478625216416082,1.0478625216416082,0.0
-0.6074999999999999,1.2301565769588096,1.2301565769588096,0.0
-0.6024999999999991,1.136442868102226,1.136442868102226,0.0
-0.5975000000000001,0.9150815373413085,0.9150815373413085,0.0
-0.5924999999999994,1.0151224138022221,1.0151224138022221,0.0
-0.5875000000000004,1.2213224184169151,1.2213224184169151,0.0
-0.5824999999999996,0.9731303155980139,0.9731303155980139,0.0
-0.5775000000000006,0.8506757463500643,0.8506757463500643,0.0
-0.5724999999999998,1.1701380201083036,1.1701380201083036,0.0
-0.567499999999999,1.0133615511198848,1.0133615511198848,0.0
-0.5625,0.792716503483986,0.792716503483986,0.0
-0.5574999999999992,1.1336971161229885,1.1336971161229885,0.0
-0.5525000000000002,0.9236172445811119,0.9236172445811119,0.0
-0.5474999999999994,0.7730187175459782,0.7730187175459782,0.0
-0.5425000000000004,1.0517423885687915,1.0517423885687915,0.0
-0.5374999999999996,0.8563761662200029,0.8563761662200029,0.0
-0.5325000000000006,0.9430762694774473,0.9430762694774473,0.0
-0.5274999999999999,0.7862102650984015,0.7862102650984015,0.0
-0.5224999999999991,0.8123844442917851,0.8123844442917851,0.0
-0.5175000000000001,0.8404687118185512,0.8404687118185512,0.0
-0.5124999999999993,0.7928060388746134,0.7928060388746134,0.0
-0.5075000000000003,0.8388570747872593,0.8388570747872593,0.0
-0.5024999999999995,0.7117466652266895,0.7117466652266895,0.0
-0.4975000000000005,0.8302019870266196,0.8302019870266196,0.0
-0.4924999999999997,0.6605921120482868,0.6605921120482868,0.0
-0.48749999999999893,0.7750481864001971,0.7750481864001971,0.0
-0.48249999999999993,0.6771860044445482,0.6771860044445482,0.0
-0.47749999999999915,0.6622037490795784,0.6622037490795784,0.0
-0.47250000000000014,0.7750780315304062,0.7750780315304062,0.0
-0.46749999999999936,0.49865243553369376,0.49865243553369376,0.0
-0.46250000000000036,0.8086239578854382,0.8086239578854382,0.0
-0.4574999999999996,0.40210343930724546,0.40210343930724546,0.0
-0.45250000000000057,0.7403979902274285,0.7403979902274285,0.0
-0.4474999999999998,0.5869044855620115,0.5869044855620115,0.0
-0.442499999999999,0.4519746518866566,0.4519746518866566,0.0
-0.4375,0.7893738489005665,0.7893738489005665,0.0
-0.4324999999999992,0.2969590455805753,0.2969590455805753,0.0
-0.4275000000000002,0.6506238385584464,0.6506238385584464,0.0
-0.42249999999999943,0.6347462292872036,0.6347462292872036,0.0
-0.4175000000000004,0.22455475969329128,0.22455475969329128,0.0
-0.41249999999999964,0.687542264627107,0.687542264627107,0.0
-0.40750000000000064,0.5827858575931553,0.5827858575931553,0.0
-0.40249999999999986,0.2118108890940043,0.2118108890940043,0.0
-0.3974999999999991,0.5757722519940159,0.5757722519940159,0.0
-0.39250000000000007,0.6142724699637591,0.6142724699637591,0.0
-0.3874999999999993,0.2824841574291602,0.2824841574291602,0.0
-0.3825000000000003,0.27000889300175523,0.27000889300175523,0.0
-0.3774999999999995,0.7499484318943415,0.7499484318943415,0.0
-0.3725000000000005,0.4583615097514046,0.4583615097514046,0.0
-0.3674999999999997,0.05936196398590595,0.05936196398590595,0.0
-0.36249999999999893,0.6320004773079662,0.6320004773079662,0.0
-0.35749999999999993,0.6077065413177561,0.6077065413177561,0.0
-0.35249999999999915,0.20240967307813681,0.20240967307813681,0.0
-0.34750000000000014,0.14570392568084103,0.14570392568084103,0.0
-0.34249999999999936,0.7600360859050181,0.7600360859050181,0.0
-0.33750000000000036,0.5516275416548516,0.5516275416548516,0.0
-0.3324999999999996,0.03488895721444145,0.03488895721444145,0.0
-0.32750000000000057,0.22527104281830976,0.22527104281830976,0.0
-0.3224999999999998,0.7532612413475518,0.7532612413475518,0.0
-0.317499999999999,0.5132765493361542,0.5132765493361542,0.0
-0.3125,0.00044767695313654553,0.00044767695313654553,0.0
-0.3074999999999992,0.21849619826084338,0.21849619826084338,0.0
-0.3025000000000002,0.754186440384034,0.754186440384034,0.0
-0.29749999999999943,0.519573871810275,0.519573871810275,0.0
-0.2925000000000004,0.0,0.0,0.0
-0.28749999999999964,0.14662912471732323,0.14662912471732323,0.0
-0.28250000000000064,0.7283704027531599,0.7283704027531599,0.0
-0.27749999999999986,0.6172569829846692,0.6172569829846692,0.0
-0.2724999999999991,0.0,0.0,0.0
-0.26750000000000007,0.05676543765771397,0.05676543765771397,0.0
-0.2624999999999993,0.6906163130386446,0.6906163130386446,0.0
-0.2575000000000003,0.7448747597587939,0.7448747597587939,0.0
-0.2524999999999995,0.0,0.0,0.0
-0.2475000000000005,0.002506990937564655,0.002506990937564655,0.0
-0.24249999999999972,0.5278409728781964,0.5278409728781964,0.0
-0.23749999999999893,0.9374653849981358,0.9374653849981358,0.0
-0.23249999999999993,0.024443161641255384,0.024443161641255384,0.0
-0.22749999999999915,0.0,0.0,0.0
-0.22250000000000014,0.21094538031794036,0.21094538031794036,0.0
-0.21749999999999936,1.0614420558867501,1.0614420558867501,0.0
-0.21250000000000036,0.21986907425046212,0.21986907425046212,0.0
-0.20749999999999957,0.0,0.0,0.0
-0.20250000000000057,0.012803560859705198,0.012803560859705198,0.0
-0.1974999999999998,0.8242329609847987,0.8242329609847987,0.0
-0.192499999999999,0.6552199886106483,0.6552199886106483,0.0
-0.1875,0.0,0.0,0.0
-0.18249999999999922,0.0,0.0,0.0
-0.1775000000000002,0.26189101758487926,0.26189101758487926,0.0
-0.17249999999999943,1.2003412918799157,1.2003412918799157,0.0
-0.16750000000000043,0.030024200990357658,0.030024200990357658,0.0
-0.16249999999999964,0.0,0.0,0.0
-0.15750000000000064,0.004566304921992765,0.004566304921992765,0.0
-0.15249999999999986,0.9700562671864764,0.9700562671864764,0.0
-0.14749999999999908,0.5176339383466834,0.5176339383466834,0.0
-0.14250000000000007,0.0,0.0,0.0
-0.1374999999999993,0.0,0.0,0.0
-0.13250000000000028,0.19226232880704183,0.19226232880704183,0.0
-0.1274999999999995,1.284086727246659,1.284086727246659,0.0
-0.1225000000000005,0.01590745440145192,0.01590745440145192,0.0
-0.11749999999999972,0.0,0.0,0.0
-0.11249999999999893,0.0,0.0,0.0
-0.10749999999999993,0.8347682919486122,0.8347682919486122,0.0
-0.10249999999999915,0.6574882185065404,0.6574882185065404,0.0
-0.09750000000000014,0.0,0.0,0.0
-0.09249999999999936,0.0,0.0,0.0
-0.08750000000000036,0.054079375938894704,0.054079375938894704,0.0
-0.08249999999999957,1.4064219159737723,1.4064219159737723,0.0
-0.07750000000000057,0.03175521854248563,0.03175521854248563,0.0
-0.07249999999999979,0.0,0.0,0.0
-0.067499999999999,0.0,0.0,0.0
-0.0625,0.5307061053782705,0.5307061053782705,0.0
-0.05749999999999922,0.9615504050768822,0.9615504050768822,0.0
-0.05250000000000021,0.0,0.0,0.0
-0.04749999999999943,0.0,0.0,0.0
-0.042500000000000426,0.000805818515645782,0.000805818515645782,0.0
-0.037499999999999645,1.1989982610205059,1.1989982610205059,0.0
-0.03250000000000064,0.29245243091900075,0.29245243091900075,0.0
-0.027499999999999858,0.0,0.0,0.0
-0.022499999999999076,0.0,0.0,0.0
-0.01750000000000007,0.07750780315304061,0.07750780315304061,0.0
-0.01249999999999929,1.4031687967809803,1.4031687967809803,0.0
-0.007500000000000284,0.011579910521131978,0.011579910521131978,0.0
-0.0024999999999995026,0.0,0.0,0.0
0.0024999999999995026,0.0,0.0,0.0
0.007500000000000284,0.6362981760580771,0.6362981760580771,0.0
0.012500000000001066,0.8559583343970756,0.8559583343970756,0.0
0.01750000000000007,0.0,0.0,0.0
0.022500000000000853,0.0,0.0,0.0
0.027499999999999858,0.0015817919010824607,0.0015817919010824607,0.0
0.03250000000000064,1.1887016910983654,1.1887016910983654,0.0
0.037499999999999645,0.30197302745570465,0.30197302745570465,0.0
0.042500000000000426,0.0,0.0,0.0
0.04749999999999943,0.0,0.0,0.0
0.05250000000000021,0.039514952396852425,0.039514952396852425,0.0
0.057500000000000995,1.390962138525457,1.390962138525457,0.0
0.0625,0.06177941953284329,0.06177941953284329,0.0
0.06750000000000078,0.0,0.0,0.0
0.07249999999999979,0.0,0.0,0.0
0.07750000000000057,0.41642910180761494,0.41642910180761494,0.0
0.08249999999999957,1.0758274086475377,1.0758274086475377,0.0
0.08750000000000036,0.0,0.0,0.0
0.09249999999999936,0.0,0.0,0.0
0.09750000000000014,0.0,0.0,0.0
0.10250000000000092,0.9340928852845072,0.9340928852845072,0.0
0.10749999999999993,0.5581636251706452,0.5581636251706452,0.0
0.11250000000000071,0.0,0.0,0.0
0.11749999999999972,0.0,0.0,0.0
0.1225000000000005,0.0014325662500369457,0.0014325662500369457,0.0
0.1274999999999995,1.2951891156844455,1.2951891156844455,0.0
0.13250000000000028,0.19563482852067046,0.19563482852067046,0.0
0.13750000000000107,0.0,0.0,0.0
0.14250000000000007,0.0,0.0,0.0
0.14750000000000085,0.09371370885658356,0.09371370885658356,0.0
0.15249999999999986,1.3490595757118762,1.3490595757118762,0.0
0.15750000000000064,0.04948322588669283,0.04948322588669283,0.0
0.16249999999999964,0.0,0.0,0.0
0.16750000000000043,0.0,0.0,0.0
0.17249999999999943,0.40025304123428096,0.40025304123428096,0.0
0.1775000000000002,1.0917647081791988,1.0917647081791988,0.0
0.182500000000001,0.00023876104167282428,0.00023876104167282428,0.0
0.1875,0.0,0.0,0.0
0.19250000000000078,0.0,0.0,0.0
0.1974999999999998,0.842736941714443,0.842736941714443,0.0
0.20250000000000057,0.6495195687407097,0.6495195687407097,0.0
0.20749999999999957,0.0,0.0,0.0
0.21250000000000036,0.0,0.0,0.0
0.21749999999999936,0.0,0.0,0.0
0.22250000000000014,1.2069072205259184,1.2069072205259184,0.0
0.22750000000000092,0.28534928992923425,0.28534928992923425,0.0
0.23249999999999993,0.0,0.0,0.0
0.2375000000000007,0.0,0.0,0.0
0.24249999999999972,0.022891214870382027,0.022891214870382027,0.0
0.2475000000000005,1.37189110032184,1.37189110032184,0.0
0.2524999999999995,0.09747419526293052,0.09747419526293052,0.0
0.2575000000000003,0.0,0.0,0.0
0.26250000000000107,0.0,0.0,0.0
0.26750000000000007,0.1536128851862534,0.1536128851862534,0.0
0.27250000000000085,1.3173043571693905,1.3173043571693905,0.0
0.27749999999999986,0.02133926809950867,0.02133926809950867,0.0
0.28250000000000064,0.0,0.0,0.0
0.28749999999999964,0.0,0.0,0.0
0.2925000000000004,0.4146980842554868,0.4146980842554868,0.0
0.29749999999999943,1.0774092005486202,1.0774092005486202,0.0
0.3025000000000002,0.00014922565104551514,0.00014922565104551514,0.0
0.307500000000001,0.0,0.0,0.0
0.3125,0.0,0.0,0.0
0.3175000000000008,0.7954622554632237,0.7954622554632237,0.0
0.3224999999999998,0.696794254991929,0.696794254991929,0.0
0.32750000000000057,0.0,0.0,0.0
0.3324999999999996,0.0,0.0,0.0
0.33750000000000036,0.0,0.0,0.0
0.34249999999999936,1.139009549300209,1.139009549300209,0.0
0.34750000000000014,0.3532469611549437,0.3532469611549437,0.0
0.3525000000000009,0.0,0.0,0.0
0.35749999999999993,0.0,0.0,0.0
0.3625000000000007,0.0038798669271833948,0.0038798669271833948,0.0
0.3674999999999997,1.3719806357124675,1.3719806357124675,0.0
0.3725000000000005,0.11639600781550186,0.11639600781550186,0.0
0.3774999999999995,0.0,0.0,0.0
0.3825000000000003,0.0,0.0,0.0
0.38750000000000107,0.03247150166750411,0.03247150166750411,0.0
0.39250000000000007,1.4237917817554704,1.4237917817554704,0.0
0.39750000000000085,0.03599322703217826,0.03599322703217826,0.0
0.40249999999999986,0.0,0.0,0.0
0.40750000000000064,0.0,0.0,0.0
0.41249999999999964,0.1323034622169538,0.1323034622169538,0.0
0.4175000000000004,1.3541630929776332,1.3541630929776332,0.0
0.42249999999999943,0.005789955260565989,0.005789955260565989,0.0
0.4275000000000002,0.0,0.0,0.0
0.432500000000001,0.0,0.0,0.0
0.4375,0.34372636461823985,0.34372636461823985,0.0
0.4425000000000008,1.1485301458369126,1.1485301458369126,0.0
0.4474999999999998,0.0,0.0,0.0
0.45250000000000057,0.0,0.0,0.0
0.4574999999999996,0.0,0.0,0.0
0.46250000000000036,0.6686204520745357,0.6686204520745357,0.0
0.46749999999999936,0.8236360583806169,0.8236360583806169,0.0
0.47250000000000014,0.0,0.0,0.0
0.4775000000000009,0.0,0.0,0.0
0.48249999999999993,0.0,0.0,0.0
0.4875000000000007,0.9676985018999575,0.9676985018999575,0.0
0.4924999999999997,0.5245580085551953,0.5245580085551953,0.0
0.4975000000000005,0.0,0.0,0.0
0.5024999999999995,0.0,0.0,0.0
0.5075000000000003,0.0,0.0,0.0
0.5125000000000011,1.2810723690955397,1.2810723690955397,0.0
0.5175000000000001,0.21118414135961314,0.21118414135961314,0.0
0.5225000000000009,0.0,0.0,0.0
0.5274999999999999,0.0,0.0,0.0
0.5325000000000006,2.9845130209103034e-5,2.9845130209103034e-5,0.0
0.5374999999999996,1.4351329312349295,1.4351329312349295,0.0
0.5425000000000004,0.05709373409001411,0.05709373409001411,0.0
0.5474999999999994,0.0,0.0,0.0
0.5525000000000002,0.0,0.0,0.0
0.557500000000001,0.001999623724009903,0.001999623724009903,0.0
0.5625,1.4796320203767022,1.4796320203767022,0.0
0.5675000000000008,0.01062486635444068,0.01062486635444068,0.0
0.5724999999999998,0.0,0.0,0.0
0.5775000000000006,0.0,0.0,0.0
0.5824999999999996,0.013907830677442015,0.013907830677442015,0.0
0.5875000000000004,1.476975803788092,1.476975803788092,0.0
0.5924999999999994,0.0013728759896187396,0.0013728759896187396,0.0
0.5975000000000001,0.0,0.0,0.0
0.6025000000000009,0.0,0.0,0.0
0.6074999999999999,0.0783733119291046,0.0783733119291046,0.0
0.6125000000000007,1.413883198526048,1.413883198526048,0.0
0.6174999999999997,0.0,0.0,0.0
0.6225000000000005,0.0,0.0,0.0
0.6274999999999995,0.0,0.0,0.0
0.6325000000000003,0.23407535622999523,0.23407535622999523,0.0
0.6375000000000011,1.2581811542251575,1.2581811542251575,0.0
0.6425000000000001,0.0,0.0,0.0
0.6475000000000009,0.0,0.0,0.0
0.6524999999999999,0.0,0.0,0.0
0.6575000000000006,0.47382128719971994,0.47382128719971994,0.0
0.6624999999999996,1.0184352232554323,1.0184352232554323,0.0
0.6675000000000004,0.0,0.0,0.0
0.6724999999999994,0.0,0.0,0.0
0.6775000000000002,0.0,0.0,0.0
0.682500000000001,0.7380999152013276,0.7380999152013276,0.0
0.6875,0.7541565952538248,0.7541565952538248,0.0
0.6925000000000008,0.0,0.0,0.0
0.6974999999999998,0.0,0.0,0.0
0.7025000000000006,0.0,0.0,0.0
0.7074999999999996,1.0147941173699213,1.0147941173699213,0.0
0.7125000000000004,0.4774623930852307,0.4774623930852307,0.0
0.7174999999999994,0.0,0.0,0.0
0.7225000000000001,0.0,0.0,0.0
0.7275000000000009,0.0,0.0,0.0
0.7324999999999999,1.2284852496670986,1.2284852496670986,0.0
0.7375000000000007,0.26377126078805274,0.26377126078805274,0.0
0.7424999999999997,0.0,0.0,0.0
0.7475000000000005,0.0,0.0,0.0
0.7524999999999995,0.0,0.0,0.0
0.7575000000000003,1.3727864542281119,1.3727864542281119,0.0
0.7625000000000011,0.1194700562270395,0.1194700562270395,0.0
0.7675000000000001,0.0,0.0,0.0
0.7725000000000009,0.0,0.0,0.0
0.7774999999999999,0.0,0.0,0.0
0.7825000000000006,1.4553679295166997,1.4553679295166997,0.0
0.7874999999999996,0.03688858093845136,0.03688858093845136,0.0
0.7925000000000004,0.0,0.0,0.0
0.7974999999999994,0.0,0.0,0.0
0.8025000000000002,5.969026041820607e-5,5.969026041820607e-5,0.0
0.807500000000001,1.4830045200903292,1.4830045200903292,0.0
0.8125,0.009192300104403736,0.009192300104403736,0.0
0.8175000000000008,0.0,0.0,0.0
0.8224999999999998,0.0,0.0,0.0
0.8275000000000006,0.0005670574739729576,0.0005670574739729576,0.0
0.8324999999999996,1.4908537893353235,1.4908537893353235,0.0
0.8375000000000004,0.000835663645854885,0.000835663645854885,0.0
0.8424999999999994,0.0,0.0,0.0
0.8475000000000001,0.0,0.0,0.0
0.8525000000000009,0.0031337386719558187,0.0031337386719558187,0.0
0.8574999999999999,1.4891227717831956,1.4891227717831956,0.0
0.8625000000000007,0.0,0.0,0.0
0.8674999999999997,0.0,0.0,0.0
0.8725000000000005,0.0,0.0,0.0
0.8774999999999995,0.008923693932521808,0.008923693932521808,0.0
0.8825000000000003,1.4833328165226298,1.4833328165226298,0.0
0.8875000000000011,0.0,0.0,0.0
0.8925000000000001,0.0,0.0,0.0
0.8975000000000009,0.0,0.0,0.0
0.9024999999999999,0.021249732708881364,0.021249732708881364,0.0
0.9075000000000006,1.4710067777462705,1.4710067777462705,0.0
0.9124999999999996,0.0,0.0,0.0
0.9175000000000004,0.0,0.0,0.0
0.9224999999999994,0.0,0.0,0.0
0.9275000000000002,0.040947518646889364,0.040947518646889364,0.0
0.932500000000001,1.4513089918082631,1.4513089918082631,0.0
0.9375,0.0,0.0,0.0
0.9425000000000008,0.0,0.0,0.0
0.9474999999999998,0.0,0.0,0.0
0.9525000000000006,0.06873333487156431,0.06873333487156431,0.0
0.9574999999999996,1.4235231755835882,1.4235231755835882,0.0
0.9625000000000004,0.0,0.0,0.0
0.9674999999999994,0.0,0.0,0.0
0.9725000000000001,0.0,0.0,0.0
0.9775000000000009,0.108904880133017,0.108904880133017,0.0
0.9824999999999999,1.3833516303221354,1.3833516303221354,0.0
0.9875000000000007,0.0,0.0,0.0
0.9924999999999997,0.0,0.0,0.0
0.9975000000000005,0.0,0.0,0.0
1.0024999999999995,0.16080556156664721,0.16080556156664721,0.0
1.0075000000000003,1.3314509488885056,1.3314509488885056,0.0
1.012500000000001,0.0,0.0,0.0
1.0175,0.0,0.0,0.0
1.0225000000000009,0.0,0.0,0.0
1.0274999999999999,0.21509385341700574,0.21509385341700574,0.0
1.0325000000000006,1.2771626570381471,1.2771626570381471,0.0
1.0374999999999996,0.0,0.0,0.0
1.0425000000000004,0.0,0.0,0.0
1.0474999999999994,0.0,0.0,0.0
1.0525000000000002,0.2601301549025422,0.2601301549025422,0.0
1.057500000000001,1.2321263555526105,1.2321263555526105,0.0
1.0625,0.0,0.0,0.0
1.0675000000000008,0.0,0.0,0.0
1.0724999999999998,0.0,0.0,0.0
1.0775000000000006,0.285856657142789,0.285856657142789,0.0
1.0824999999999996,1.2063998533123637,1.2063998533123637,0.0
1.0875000000000004,0.0,0.0,0.0
1.0924999999999994,0.0,0.0,0.0
1.0975000000000001,0.0,0.0,0.0
1.102500000000001,0.29937650112751274,0.29937650112751274,0.0
1.1075,1.19288000932764,1.19288000932764,0.0
1.1125000000000007,0.0,0.0,0.0
1.1174999999999997,0.0,0.0,0.0
1.1225000000000005,0.0,0.0,0.0
1.1274999999999995,0.2961830721951387,0.2961830721951387,0.0
1.1325000000000003,1.196073438260014,1.196073438260014,0.0
1.137500000000001,0.0,0.0,0.0
1.1425,0.0,0.0,0.0
1.1475000000000009,0.0,0.0,0.0
1.1524999999999999,0.2817678743041419,0.2817678743041419,0.0
1.1575000000000006,1.2104886361510108,1.2104886361510108,0.0
1.1624999999999996,0.0,0.0,0.0
1.1675000000000004,0.0,0.0,0.0
1.1724999999999994,0.0,0.0,0.0
1.1775000000000002,0.25914526560564183,0.25914526560564183,0.0
1.182500000000001,1.2328724838078382,1.2328724838078382,0.0
1.1875,0.00023876104167282428,0.00023876104167282428,0.0
1.1925000000000008,0.0,0.0,0.0
1.1974999999999998,0.0,0.0,0.0
1.2025000000000006,0.22550980385998265,0.22550980385998265,0.0
1.2074999999999996,1.2627176140169412,1.2627176140169412,0.0
1.2125000000000004,0.00402909257822891,0.00402909257822891,0.0
1.2174999999999994,0.0,0.0,0.0
1.2225000000000001,0.0,0.0,0.0
1.227500000000001,0.18769602388504905,0.18769602388504905,0.0
1.2325,1.2909809523249616,1.2909809523249616,0.0
1.2375000000000007,0.01357953424514188,0.01357953424514188,0.0
1.2424999999999997,0.0,0.0,0.0
1.2475000000000005,0.0,0.0,0.0
1.2524999999999995,0.14982255364969727,0.14982255364969727,0.0
1.2575000000000003,1.3107085833931789,1.3107085833931789,0.0
1.262500000000001,0.03172537341227653,0.03172537341227653,0.0
1.2675,0.0,0.0,0.0
1.2725000000000009,0.0,0.0,0.0
1.2774999999999999,0.11842547666972088,0.11842547666972088,0.0
1.2825000000000006,1.2998748011272745,1.2998748011272745,0.0
1.2874999999999996,0.07395623265815734,0.07395623265815734,0.0
1.2925000000000004,0.0,0.0,0.0
1.2974999999999994,0.0,0.0,0.0
1.3025000000000002,0.09201253643466466,0.09201253643466466,0.0
1.307500000000001,1.2504512655009998,1.2504512655009998,0.0
1.3125,0.14979270851948817,0.14979270851948817,0.0
1.3175000000000008,0.0,0.0,0.0
1.3224999999999998,0.0,0.0,0.0
1.3275000000000006,0.07028528164243765,0.07028528164243765,0.0
1.3324999999999996,1.1559317381287701,1.1559317381287701,0.0
1.3375000000000004,0.26603949068394456,0.26603949068394456,0.0
1.3424999999999994,0.0,0.0,0.0
1.3475000000000001,0.0,0.0,0.0
1.352500000000001,0.051482849610702736,0.051482849610702736,0.0
1.3575,0.9943203580464774,0.9943203580464774,0.0
1.3625000000000007,0.4464533027979726,0.4464533027979726,0.0
1.3674999999999997,0.0,0.0,0.0
1.3725000000000005,0.0,0.0,0.0
1.3774999999999995,0.03274010783938602,0.03274010783938602,0.0
1.3825000000000003,0.7620058644988191,0.7620058644988191,0.0
1.387500000000001,0.6937202065803914,0.6937202065803914,0.0
1.3925,0.003790331536556085,0.003790331536556085,0.0
1.3975000000000009,0.0,0.0,0.0
1.4024999999999999,0.017429556042116174,0.017429556042116174,0.0
1.4075000000000006,0.5055466606119965,0.5055466606119965,0.0
1.4124999999999996,0.9541189676548153,0.9541189676548153,0.0
1.4175000000000004,0.015161326146224341,0.015161326146224341,0.0
1.4224999999999994,0.0,0.0,0.0
1.4275000000000002,0.006267477343911638,0.006267477343911638,0.0
1.432500000000001,0.35530627513937174,0.35530627513937174,0.0
1.4375,1.0949581371115726,1.0949581371115726,0.0
1.4425000000000008,0.03572462086029633,0.03572462086029633,0.0
1.4474999999999998,0.0,0.0,0.0
1.4525000000000006,0.0014027211198278425,0.0014027211198278425,0.0
1.4574999999999996,0.2283152460996382,0.2283152460996382,0.0
1.4625000000000004,1.1215203029976746,1.1215203029976746,0.0
1.4674999999999994,0.14101824023801185,0.14101824023801185,0.0
1.4725000000000001,0.0,0.0,0.0
1.477500000000001,0.0,0.0,0.0
1.4825,0.1484496776600785,0.1484496776600785,0.0
1.4875000000000007,0.9027853436951583,0.9027853436951583,0.0
1.4924999999999997,0.43406757376119465,0.43406757376119465,0.0
1.4975000000000005,0.006953915338721008,0.006953915338721008,0.0
1.5024999999999995,0.0,0.0,0.0
1.5075000000000003,0.04891616841271987,0.04891616841271987,0.0
1.512500000000001,0.5294526099094881,0.5294526099094881,0.0
1.5175,0.8825205002831772,0.8825205002831772,0.0
1.5225000000000009,0.031367231849767294,0.031367231849767294,0.0
1.5274999999999999,0.0,0.0,0.0
1.5325000000000006,0.0021786945052645213,0.0021786945052645213,0.0
1.5374999999999996,0.2613836503713244,0.2613836503713244,0.0
1.5425000000000004,1.0077506666405733,1.0077506666405733,0.0
1.5474999999999994,0.22028690607338955,0.22028690607338955,0.0
1.5525000000000002,0.0006565928646002668,0.0006565928646002668,0.0
1.557500000000001,0.0,0.0,0.0
1.5625,0.11311304349250052,0.11311304349250052,0.0
1.5675000000000008,0.5549105059778529,0.5549105059778529,0.0
1.5724999999999998,0.7377716187690274,0.7377716187690274,0.0
1.5775000000000006,0.08646134221577151,0.08646134221577151,0.0
1.5824999999999996,0.0,0.0,0.0
1.5875000000000004,0.002477145807355552,0.002477145807355552,0.0
1.5924999999999994,0.1799064449004731,0.1799064449004731,0.0
1.5975000000000001,0.6586521785846953,0.6586521785846953,0.0
1.602500000000001,0.530586724857434,0.530586724857434,0.0
1.6075,0.12063401630519448,0.12063401630519448,0.0
