omega,S,S_edge,S_cont
0.7925,0,0,0
0.7975,0.0,0.0,0.0
0.8025,0.024211358406451132,0.024211358406451132,0.0
0.8075,0.22348764167362473,0.22348764167362473,0.0
0.8125,0.3518812089805626,0.3518812089805626,0.0
0.8175,0.1180037468373073,0.1180037468373073,0.0
0.8225,0.1578116694567118,0.1578116694567118,0.0
0.8275,0.26895198135963905,0.26895198135963905,0.0
0.8325,0.35043752094264125,0.35043752094264125,0.0
0.8375,0.4830201502612524,0.4830201502612524,0.0
0.8425,0.18902846489963368,0.18902846489963368,0.0
0.8475,0.25105971649622066,0.25105971649622066,0.0
0.8525,0.42252725477064706,0.42252725477064706,0.0
0.8575,0.36721743600634993,0.36721743600634993,0.0
0.8625,0.6001245504519856,0.6001245504519856,0.0
0.8675,0.26641961053902297,0.26641961053902297,0.0
0.8725,0.40141627559317483,0.40141627559317483,0.0
0.8775000000000001,0.5296205067639915,0.5296205067639915,0.0
0.8825000000000001,0.3688267931633768,0.3688267931633768,0.0
0.8875000000000001,0.6355777419406109,0.6355777419406109,0.0
0.8925000000000001,0.365655412883353,0.365655412883353,0.0
0.8975,0.5103082208796671,0.5103082208796671,0.0
0.9025,0.5649553631675414,0.5649553631675414,0.0
0.9075,0.30106812344913486,0.30106812344913486,0.0
0.9125,0.6200995128127333,0.6200995128127333,0.0
0.9175,0.48299648324423744,0.48299648324423744,0.0
0.9225,0.4293433556709972,0.4293433556709972,0.0
0.9275,0.5600326236283998,0.5600326236283998,0.0
0.9325,0.3255871530767824,0.3255871530767824,0.0
0.9375,0.5001314035631725,0.5001314035631725,0.0
0.9425,0.6620137999464817,0.6620137999464817,0.0
0.9475,0.41209010026698656,0.41209010026698656,0.0
0.9525,0.5023797701796072,0.5023797701796072,0.0
0.9575,0.30838123170680193,0.30838123170680193,0.0
0.9625,0.5084858605695041,0.5084858605695041,0.0
0.9675,0.6636704911375388,0.6636704911375388,0.0
0.9725,0.42257458880467763,0.42257458880467763,0.0
0.9775,0.5535715279832765,0.5535715279832765,0.0
0.9825,0.2767857639916383,0.2767857639916383,0.0
0.9875,0.4599921427055565,0.4599921427055565,0.0
0.9925,0.6998100261196024,0.6998100261196024,0.0
0.9975,0.41966354571181974,0.41966354571181974,0.0
1.0025,0.5508734880435546,0.5508734880435546,0.0
1.0075,0.3415623895619774,0.3415623895619774,0.0
1.0125,0.3215874272012298,0.3215874272012298,0.0
1.0175,0.7744557977852397,0.7744557977852397,0.0
1.0225,0.4232372652811003,0.4232372652811003,0.0
1.0275,0.544578061517537,0.544578061517537,0.0
1.0325,0.36877945912934673,0.36877945912934673,0.0
1.0375,0.2896606212478548,0.2896606212478548,0.0
1.0425,0.7113831974399879,0.7113831974399879,0.0
1.0475,0.4773400661776275,0.4773400661776275,0.0
1.0525,0.5655707056099343,0.5655707056099343,0.0
1.0575,0.4269766539694867,0.4269766539694867,0.0
1.0625,0.20727573501827856,0.20727573501827856,0.0
1.0675000000000001,0.6024202511024505,0.6024202511024505,0.0
1.0725,0.6441688691170936,0.6441688691170936,0.0
1.0775000000000001,0.49170594550579544,0.49170594550579544,0.0
1.0825,0.4785470840453977,0.4785470840453977,0.0
1.0875000000000001,0.20493270033378336,0.20493270033378336,0.0
1.0925,0.4884162301406959,0.4884162301406959,0.0
1.0975,0.7380795926330248,0.7380795926330248,0.0
1.1025,0.48380116182275085,0.48380116182275085,0.0
1.1075,0.5063558290381445,0.5063558290381445,0.0
1.1125,0.23529748316416146,0.23529748316416146,0.0
1.1175,0.38920409481338125,0.38920409481338125,0.0
1.1225,0.7321865053962642,0.7321865053962642,0.0
1.1275,0.5758658580115044,0.5758658580115044,0.0
1.1325,0.4788310882495787,0.4788310882495787,0.0
1.1375,0.24135623952002805,0.24135623952002805,0.0
1.1425,0.31119760673159924,0.31119760673159924,0.0
1.1475,0.7708110771649135,0.7708110771649135,0.0
1.1525,0.5880307047572678,0.5880307047572678,0.0
1.1575,0.5286738260833872,0.5286738260833872,0.0
1.1625,0.25917750333240114,0.25917750333240114,0.0
1.1675,0.26895198135963894,0.26895198135963894,0.0
1.1725,0.7964187895752555,0.7964187895752555,0.0
1.1775,0.5184970087668931,0.5184970087668931,0.0
1.1825,0.5744221699735825,0.5744221699735825,0.0
1.1875,0.26322456324198396,0.26322456324198396,0.0
1.1925000000000001,0.26066852540435276,0.26066852540435276,0.0
1.1975,0.607153654505471,0.607153654505471,0.0
1.2025000000000001,0.7167319432854018,0.7167319432854018,0.0
1.2075,0.5853089978005304,0.5853089978005304,0.0
1.2125000000000001,0.2706796736017417,0.2706796736017417,0.0
1.2175,0.21598519727983692,0.21598519727983692,0.0
1.2225,0.32996555122457666,0.32996555122457666,0.0
1.2275,0.9629635883105414,0.9629635883105414,0.0
1.2325,0.5890957205229466,0.5890957205229466,0.0
1.2375,0.34553844842051484,0.34553844842051484,0.0
1.2425,0.2895896201968095,0.2895896201968095,0.0
1.2475,0.22341664062257943,0.22341664062257943,0.0
1.2525,0.9004589963736523,0.9004589963736523,0.0
1.2575,0.6165494602604668,0.6165494602604668,0.0
1.2625,0.38447069141036044,0.38447069141036044,0.0
1.2675,0.3641643908114013,0.3641643908114013,0.0
1.2725,0.20337067721078664,0.20337067721078664,0.0
1.2775,0.7515224582976037,0.7515224582976037,0.0
1.2825,0.6904852214156508,0.6904852214156508,0.0
1.2875,0.42524896172738413,0.42524896172738413,0.0
1.2925,0.3976295528707579,0.3976295528707579,0.0
1.2975,0.10325919523689768,0.10325919523689768,0.0
1.3025,0.6824621026475313,0.6824621026475313,0.0
1.3075,0.7982648169024337,0.7982648169024337,0.0
1.3125,0.6116267207213256,0.6116267207213256,0.0
1.3175000000000001,0.2743480612390827,0.2743480612390827,0.0
1.3225,0.0,0.0,0.0
1.3275000000000001,0.2807618228501758,0.2807618228501758,0.0
1.3325,1.2466837882876052,1.2466837882876052,0.0
1.3375000000000001,0.7324231755664147,0.7324231755664147,0.0
1.3425,0.10683291480617835,0.10683291480617835,0.0
1.3475,0.0,0.0,0.0
1.3525,0.0022483666164348558,0.0022483666164348558,0.0
1.3575,1.7400464249844558,1.7400464249844558,0.0
1.3625,0.6244069099094817,0.6244069099094817,0.0
1.3675,0.0,0.0,0.0
1.3725,0.0,0.0,0.0
1.3775,0.0,0.0,0.0
1.3825,2.2117537411124846,2.2117537411124846,0.0
1.3875,0.1549479603978842,0.1549479603978842,0.0
1.3925,0.0,0.0,0.0
1.3975,0.0,0.0,0.0
1.4025,0.0,0.0,0.0
1.4075,2.366701701510368,2.366701701510368,0.0
1.4125,0.0,0.0,0.0
1.4175,0.0,0.0,0.0
1.4225,0.0,0.0,0.0
1.4275,0.07530844814206004,0.07530844814206004,0.0
1.4325,2.144847084010789,2.144847084010789,0.0
1.4375,0.14654616935752215,0.14654616935752215,0.0
1.4425000000000001,0.0,0.0,0.0
1.4475,0.0,0.0,0.0
1.4525000000000001,0.41405446267923984,0.41405446267923984,0.0
1.4575,1.569336231254514,1.569336231254514,0.0
1.4625000000000001,0.3833110075766198,0.3833110075766198,0.0
1.4675,0.0,0.0,0.0
1.4725,0.07992351646000538,0.07992351646000538,0.0
1.4775,0.5727654787825258,0.5727654787825258,0.0
1.4825,1.1728900292345106,1.1728900292345106,0.0
1.4875,0.5411226770333317,0.5411226770333317,0.0
1.4925,0.0,0.0,0.0
1.4975,0.2983700835094131,0.2983700835094131,0.0
1.5025,0.4429045564206517,0.4429045564206517,0.0
1.5075,0.8159677456297315,0.8159677456297315,0.0
1.5125,0.8094593159505781,0.8094593159505781,0.0
1.5175,0.09163868988248175,0.09163868988248175,0.0
1.5225,0.3084522327578472,0.3084522327578472,0.0
1.5275,0.42692931993545663,0.42692931993545663,0.0
1.5325,0.6611617873339385,0.6611617873339385,0.0
1.5375,0.7531791494886614,0.7531791494886614,0.0
1.5425,0.3545082478692391,0.3545082478692391,0.0
1.5475,0.2731173763542973,0.2731173763542973,0.0
1.5525,0.3964698690370181,0.3964698690370181,0.0
1.5575,0.5428503692754348,0.5428503692754348,0.0
1.5625,0.7468363889286138,0.7468363889286138,0.0
1.5675000000000001,0.4985220464061453,0.4985220464061453,0.0
1.5725,0.2572368079371627,0.2572368079371627,0.0
1.5775000000000001,0.35973865862957705,0.35973865862957705,0.0
1.5825,0.46441787488738095,0.46441787488738095,0.0
1.5875000000000001,0.7688703817696755,0.7688703817696755,0.0
1.5925,0.5886933812336906,0.5886933812336906,0.0
1.5975000000000001,0.24291826264302485,0.24291826264302485,0.0
1.6025,0.3362609777505941,0.3362609777505941,0.0
1.6075,0.49258162513535453,0.49258162513535453,0.0
1.6125,0.6791960542994476,0.6791960542994476,0.0
1.6175,0.6813734198648371,0.6813734198648371,0.0
1.6225,0.22661168791961836,0.22661168791961836,0.0
1.6275,0.32622616253619025,0.32622616253619025,0.0
1.6325,0.5126749225811777,0.5126749225811777,0.0
1.6375,0.6079346660669702,0.6079346660669702,0.0
1.6425,0.6270576158151739,0.6270576158151739,0.0
1.6475,0.33760999772045514,0.33760999772045514,0.0
1.6525,0.36482706728782444,0.36482706728782444,0.0
1.6575,0.46664257448680074,0.46664257448680074,0.0
1.6625,0.5580682612161465,0.5580682612161465,0.0
1.6675,0.5980181859376416,0.5980181859376416,0.0
1.6725,0.44688061527918915,0.44688061527918915,0.0
1.6775,0.36823511773799933,0.36823511773799933,0.0
1.6825,0.41687083770403754,0.41687083770403754,0.0
1.6875,0.5336202326395445,0.5336202326395445,0.0
1.6925000000000001,0.5335728986055143,0.5335728986055143,0.0
1.6975,0.6080293341350307,0.6080293341350307,0.0
1.7025000000000001,0.3337522739469931,0.3337522739469931,0.0
1.7075,0.39673020622418415,0.39673020622418415,0.0
1.7125000000000001,0.48129245801914994,0.48129245801914994,0.0
1.7175,0.5380459648213688,0.5380459648213688,0.0
1.7225000000000001,0.6709125983441614,0.6709125983441614,0.0
1.7275,0.32769351759112664,0.32769351759112664,0.0
1.7325,0.384825696665587,0.384825696665587,0.0
1.7375,0.44314122659080274,0.44314122659080274,0.0
1.7425,0.5528141834387937,0.5528141834387937,0.0
1.7475,0.637092431029578,0.637092431029578,0.0
1.7525,0.39412683435252305,0.39412683435252305,0.0
1.7575,0.37197450642638563,0.37197450642638563,0.0
1.7625,0.46006314375660196,0.46006314375660196,0.0
1.7675,0.5222837314893097,0.5222837314893097,0.0
1.7725,0.6095676902410124,0.6095676902410124,0.0
1.7775,0.4536730491625239,0.4536730491625239,0.0
1.7825,0.3504848549766714,0.3504848549766714,0.0
1.7875,0.4773874002116579,0.4773874002116579,0.0
1.7925,0.4941909822923816,0.4941909822923816,0.0
1.7975,0.5688367539580189,0.5688367539580189,0.0
1.8025,0.5254077777353033,0.5254077777353033,0.0
1.8075,0.3684244538741201,0.3684244538741201,0.0
1.8125,0.4498863264401072,0.4498863264401072,0.0
1.8175000000000001,0.46553022468709093,0.46553022468709093,0.0
1.8225,0.535347924881647,0.535347924881647,0.0
1.8275000000000001,0.5682924125666713,0.5682924125666713,0.0
1.8325,0.3952155171352176,0.3952155171352176,0.0
1.8375000000000001,0.43701146918389083,0.43701146918389083,0.0
1.8425,0.45417005651984116,0.45417005651984116,0.0
1.8475000000000001,0.480156441202425,0.480156441202425,0.0
1.8525,0.6020652458472245,0.6020652458472245,0.0
1.8575,0.43376908785282164,0.43376908785282164,0.0
1.8625,0.4257223020676864,0.4257223020676864,0.0
1.8675,0.4381711530176308,0.4381711530176308,0.0
1.8725,0.5017170937031846,0.5017170937031846,0.0
1.8775,0.5766705365900181,0.5766705365900181,0.0
1.8825,0.48417983409499266,0.48417983409499266,0.0
1.8875,0.40032759281048,0.40032759281048,0.0
1.8925,0.4256039669826108,0.4256039669826108,0.0
1.8975,0.5197040266346634,0.5197040266346634,0.0
1.9025,0.5328155540610308,0.5328155540610308,0.0
1.9075,0.5182130045627118,0.5182130045627118,0.0
1.9125,0.40799570632337373,0.40799570632337373,0.0
1.9175,0.44728295456844586,0.44728295456844586,0.0
1.9225,0.4745236911528304,0.4745236911528304,0.0
1.9275,0.4987350495592814,0.4987350495592814,0.0
1.9325,0.5232067451528988,0.5232067451528988,0.0
1.9375,0.4544067266899921,0.4544067266899921,0.0
1.9425000000000001,0.4777660724838996,0.4777660724838996,0.0
1.9475,0.4336034187337159,0.4336034187337159,0.0
1.9525000000000001,0.4816237962573613,0.4816237962573613,0.0
1.9575,0.4783814149262922,0.4783814149262922,0.0
1.9625000000000001,0.5877467005530868,0.5877467005530868,0.0
1.9675,0.44004084736182414,0.44004084736182414,0.0
1.9725000000000001,0.4036173081755795,0.4036173081755795,0.0
1.9775,0.4182908587249438,0.4182908587249438,0.0
1.9825000000000002,0.5120359131217698,0.5120359131217698,0.0
1.9875,0.6468905760738308,0.6468905760738308,0.0
1.9925,0.4292013535689066,0.4292013535689066,0.0
1.9975,0.3936534940122208,0.3936534940122208,0.0
2.0025,0.39999625457226856,0.39999625457226856,0.0
2.0075,0.5284134888962216,0.5284134888962216,0.0
2.0125,0.6604754438405005,0.6604754438405005,0.0
2.0175,0.42404194385961397,0.42404194385961397,0.0
2.0225,0.3661997542747004,0.3661997542747004,0.0
2.0275,0.4007299320997368,0.4007299320997368,0.0
2.0325,0.5326025509078949,0.5326025509078949,0.0
2.0375,0.6364534215701702,0.6364534215701702,0.0
2.0425,0.468062595507707,0.468062595507707,0.0
2.0475,0.3392903559285274,0.3392903559285274,0.0
2.0525,0.4188352001162911,0.4188352001162911,0.0
2.0575,0.5161303070653828,0.5161303070653828,0.0
2.0625,0.6247855821817241,0.6247855821817241,0.0
2.0675,0.4952323310410461,0.4952323310410461,0.0
2.0725000000000002,0.34002403345599563,0.34002403345599563,0.0
2.0775,0.396446202020003,0.396446202020003,0.0
2.0825,0.5345195792861183,0.5345195792861183,0.0
2.0875,0.6223005453951382,0.6223005453951382,0.0
2.0925000000000002,0.4827361460570713,0.4827361460570713,0.0
2.0975,0.3871450643330672,0.3871450643330672,0.0
2.1025,0.3773232522717992,0.3773232522717992,0.0
2.1075,0.4726539968086371,0.4726539968086371,0.0
2.1125,0.6579430730198844,0.6579430730198844,0.0
2.1175,0.48836889610666606,0.48836889610666606,0.0
2.1225,0.40664668635351264,0.40664668635351264,0.0
2.1275,0.3681877837039692,0.3681877837039692,0.0
2.1325,0.5064268300891901,0.5064268300891901,0.0
2.1375,0.5815932761291598,0.5815932761291598,0.0
2.1425,0.5070421725315829,0.5070421725315829,0.0
2.1475,0.45002832854219776,0.45002832854219776,0.0
2.1525,0.3844706914103605,0.3844706914103605,0.0
2.1575,0.44477425076484484,0.44477425076484484,0.0
2.1625,0.5663043831374026,0.5663043831374026,0.0
2.1675,0.5075865139229301,0.5075865139229301,0.0
2.1725,0.5015514245840788,0.5015514245840788,0.0
2.1775,0.38279033320228817,0.38279033320228817,0.0
2.1825,0.4273789932587436,0.4273789932587436,0.0
2.1875,0.5705881132171363,0.5705881132171363,0.0
2.1925,0.5109945643731051,0.5109945643731051,0.0
2.1975000000000002,0.48673587193262385,0.48673587193262385,0.0
2.2025,0.4183145257419588,0.4183145257419588,0.0
2.2075,0.3970378774453805,0.3970378774453805,0.0
2.2125,0.5433000425987218,0.5433000425987218,0.0
2.2175000000000002,0.5311351958529587,0.5311351958529587,0.0
2.2225,0.5028531105199096,0.5028531105199096,0.0
2.2275,0.4304557054707071,0.4304557054707071,0.0
2.2325,0.3871450643330672,0.3871450643330672,0.0
2.2375000000000003,0.4916822784887806,0.4916822784887806,0.0
2.2425,0.5677717381923392,0.5677717381923392,0.0
2.2475,0.48429816918006824,0.48429816918006824,0.0
2.2525,0.476724723735235,0.476724723735235,0.0
2.2575,0.3691344643845732,0.3691344643845732,0.0
2.2625,0.4787600871985339,0.4787600871985339,0.0
2.2675,0.567109061715916,0.567109061715916,0.0
2.2725,0.46425220576827514,0.46425220576827514,0.0
2.2775,0.5220470613191587,0.5220470613191587,0.0
2.2825,0.38011596027958144,0.38011596027958144,0.0
2.2875,0.4341240931080481,0.4341240931080481,0.0
2.2925,0.5787532340873472,0.5787532340873472,0.0
2.2975,0.49066459675713114,0.49066459675713114,0.0
2.3025,0.5144972828913406,0.5144972828913406,0.0
2.3075,0.3838316819509528,0.3838316819509528,0.0
2.3125,0.4213912379539223,0.4213912379539223,0.0
2.3175,0.5674403999541279,0.5674403999541279,0.0
2.3225000000000002,0.4884162301406963,0.4884162301406963,0.0
2.3275,0.49802503904882844,0.49802503904882844,0.0
2.3325,0.4169181717380677,0.4169181717380677,0.0
2.3375,0.40051692894660085,0.40051692894660085,0.0
2.3425000000000002,0.5419273556118457,0.5419273556118457,0.0
2.3475,0.5082018563653228,0.5082018563653228,0.0
2.3525,0.496605018027922,0.496605018027922,0.0
2.3575,0.444608581645739,0.444608581645739,0.0
2.3625000000000003,0.41171142799474497,0.41171142799474497,0.0
2.3675,0.5411700110673624,0.5411700110673624,0.0
2.3725,0.48484251057141553,0.48484251057141553,0.0
2.3775,0.46198017213482534,0.46198017213482534,0.0
2.3825,0.47951743174301714,0.47951743174301714,0.0
2.3875,0.43152072123638674,0.43152072123638674,0.0
2.3925,0.5169586526609115,0.5169586526609115,0.0
2.3975,0.45182702183534573,0.45182702183534573,0.0
2.4025,0.48195513449557287,0.48195513449557287,0.0
2.4075,0.4999657344440669,0.4999657344440669,0.0
2.4125,0.3929434835017677,0.3929434835017677,0.0
2.4175,0.45715210066374407,0.45715210066374407,0.0
2.4225,0.437271806371057,0.437271806371057,0.0
2.4275,0.4359937874522414,0.4359937874522414,0.0
2.4325,0.4618855040667649,0.4618855040667649,0.0
2.4375,0.3942688364546134,0.3942688364546134,0.0
2.4425,0.42801800271815155,0.42801800271815155,0.0
2.4475000000000002,0.3794059497691284,0.3794059497691284,0.0
2.4525,0.38785507484352033,0.38785507484352033,0.0
2.4575,0.47906775841973026,0.47906775841973026,0.0
2.4625,0.4270713220375473,0.4270713220375473,0.0
2.4675000000000002,0.4021972871546733,0.4021972871546733,0.0
2.4725,0.36156101893974013,0.36156101893974013,0.0
2.4775,0.43095271282802416,0.43095271282802416,0.0
2.4825,0.38944076498353236,0.38944076498353236,0.0
2.4875000000000003,0.3827429991682579,0.3827429991682579,0.0
2.4925,0.35801096638747454,0.35801096638747454,0.0
2.4975,0.34923050307487097,0.34923050307487097,0.0
2.5025,0.3620343592800422,0.3620343592800422,0.0
2.5075,0.3514078686402606,0.3514078686402606,0.0
2.5125,0.3346989546275973,0.3346989546275973,0.0
2.5175,0.328474529152625,0.328474529152625,0.0
2.5225,0.338722347520165,0.338722347520165,0.0
2.5275,0.3776782575270257,0.3776782575270257,0.0
2.5325,0.3689687952654676,0.3689687952654676,0.0
2.5375,0.33027322244577284,0.33027322244577284,0.0
2.5425,0.33962169416673893,0.33962169416673893,0.0
2.5475,0.27901046359105813,0.27901046359105813,0.0
2.5525,0.32118508791197303,0.32118508791197303,0.0
2.5575,0.29915109507091153,0.29915109507091153,0.0
2.5625,0.2416639107412243,0.2416639107412243,0.0
2.5675,0.33701832229507755,0.33701832229507755,0.0
2.5725000000000002,0.25423109677624445,0.25423109677624445,0.0
2.5775,0.20079097235614018,0.20079097235614018,0.0
2.5825,0.2854715592361815,0.2854715592361815,0.0
2.5875,0.20095664147524592,0.20095664147524592,0.0
2.5925000000000002,0.33237958696011705,0.33237958696011705,0.0
2.5975,0.25846749282194803,0.25846749282194803,0.0
2.6025,0.22509699883065176,0.22509699883065176,0.0
2.6075,0.24244492230272277,0.24244492230272277,0.0
2.6125000000000003,0.21669520779028995,0.21669520779028995,0.0
2.6175,0.2264223517834975,0.2264223517834975,0.0
2.6225,0.14375346134974018,0.14375346134974018,0.0
2.6275,0.14668817145961308,0.14668817145961308,0.0
2.6325,0.1783309732088068,0.1783309732088068,0.0
2.6375,0.1442504687070574,0.1442504687070574,0.0
2.6425,0.11327034343428652,0.11327034343428652,0.0
2.6475,0.11909242962000215,0.11909242962000215,0.0
2.6525,0.044351989886304434,0.044351989886304434,0.0
2.6575,0.10716425304438978,0.10716425304438978,0.0
2.6625,0.1676334815179799,0.1676334815179799,0.0
2.6675,0.1198497741644854,0.1198497741644854,0.0
2.6725,0.1526285927304041,0.1526285927304041,0.0
2.6775,0.09907013322522436,0.09907013322522436,0.0
2.6825,0.020495636735079845,0.020495636735079845,0.0
2.6875,0.040517933129857624,0.040517933129857624,0.0
2.6925,0.03275515154890359,0.03275515154890359,0.0
2.6975000000000002,0.06515529784258063,0.06515529784258063,0.0
2.7025,0.048706721017083524,0.048706721017083524,0.0
2.7075,0.03793822827521132,0.03793822827521132,0.0
2.7125,0.02234166406225794,0.02234166406225794,0.0
2.7175000000000002,0.03618686901609362,0.03618686901609362,0.0
2.7225,0.02731173763542972,0.02731173763542972,0.0
2.7275,0.08621894298602296,0.08621894298602296,0.0
2.7325,0.04108594153822012,0.04108594153822012,0.0
2.7375000000000003,0.0353111893865348,0.0353111893865348,0.0
2.7425,0.05138109393979024,0.05138109393979024,0.0
2.7475,0.036612875322365505,0.036612875322365505,0.0
2.7525,0.04283730079733778,0.04283730079733778,0.0
2.7575,0.043476310256745594,0.043476310256745594,0.0
2.7625,0.03952391841522326,0.03952391841522326,0.0
2.7675,0.03871923983670973,0.03871923983670973,0.0
2.7725,0.03632887111818425,0.03632887111818425,0.0
2.7775,0.04271896571226227,0.04271896571226227,0.0
2.7825,0.03862457176864932,0.03862457176864932,0.0
2.7875,0.03867190580267952,0.03867190580267952,0.0
2.7925,0.03770155810506027,0.03770155810506027,0.0
2.7975,0.035027185182353544,0.035027185182353544,0.0
2.8025,0.04766537226841895,0.04766537226841895,0.0
2.8075,0.04075460330000866,0.04075460330000866,0.0
2.8125,0.03855357071760401,0.03855357071760401,0.0
2.8175,0.038529903700588904,0.038529903700588904,0.0
2.8225000000000002,0.056587837683113075,0.056587837683113075,0.0
2.8275,0.05916754253775937,0.05916754253775937,0.0
2.8325,0.036778544441471224,0.036778544441471224,0.0
2.8375,0.04058893418090294,0.04058893418090294,0.0
2.8425000000000002,0.04205628923583936,0.04205628923583936,0.0
2.8475,0.052730113909651155,0.052730113909651155,0.0
2.8525,0.03531118938653479,0.03531118938653479,0.0
2.8575,0.04207995625285446,0.04207995625285446,0.0
2.8625000000000003,0.04210362326986957,0.04210362326986957,0.0
2.8675,0.03337049399129629,0.03337049399129629,0.0
2.8725,0.04719203192811688,0.04719203192811688,0.0
2.8775,0.04435198988630442,0.04435198988630442,0.0
2.8825,0.04456499303944036,0.04456499303944036,0.0
2.8875,0.04122794364031073,0.04122794364031073,0.0
2.8925,0.03434084168891554,0.03434084168891554,0.0
2.8975,0.04120427662329563,0.04120427662329563,0.0
2.9025,0.04541700565198409,0.04541700565198409,0.0
2.9075,0.04697902877498095,0.04697902877498095,0.0
2.9125,0.045985014060346587,0.045985014060346587,0.0
2.9175,0.04376031446092683,0.04376031446092683,0.0
2.9225,0.046079682128407,0.046079682128407,0.0
2.9275,0.03881390790477014,0.03881390790477014,0.0
2.9325,0.04122794364031073,0.04122794364031073,0.0
2.9375,0.04207995625285446,0.04207995625285446,0.0
2.9425,0.040612601197918034,0.040612601197918034,0.0
2.9475000000000002,0.048919724170219454,0.048919724170219454,0.0
2.9525,0.042198291337929975,0.042198291337929975,0.0
2.9575,0.040328596993736796,0.040328596993736796,0.0
2.9625,0.03803289634327172,0.03803289634327172,0.0
2.9675000000000002,0.04276629974629246,0.04276629974629246,0.0
2.9725,0.04141727977643156,0.04141727977643156,0.0
2.9775,0.04873038803409862,0.04873038803409862,0.0
2.9825,0.04373664744391172,0.04373664744391172,0.0
2.9875000000000003,0.05237510865442459,0.05237510865442459,0.0
2.9925,0.043547311307790895,0.043547311307790895,0.0
2.9975,0.04624535124751272,0.04624535124751272,0.0
3.0025,0.053984465811451644,0.053984465811451644,0.0
3.0075000000000003,0.0461033491454221,0.0461033491454221,0.0
3.0125,0.04681335965587521,0.04681335965587521,0.0
3.0175,0.03919258017701181,0.03919258017701181,0.0
3.0225,0.043286974120624766,0.043286974120624766,0.0
3.0275,0.044422990937349735,0.044422990937349735,0.0
3.0325,0.047215698945131994,0.047215698945131994,0.0
3.0375,0.04458866005645546,0.04458866005645546,0.0
3.0425,0.043996984631077866,0.043996984631077866,0.0
3.0475,0.051357426922775146,0.051357426922775146,0.0
3.0525,0.04728669999617729,0.04728669999617729,0.0
3.0575,0.045251336532878376,0.045251336532878376,0.0
3.0625,0.028495088486184917,0.028495088486184917,0.0
3.0675,0.04151194784449198,0.04151194784449198,0.0
3.0725000000000002,0.03249481436173744,0.03249481436173744,0.0
3.0775,0.03644720620325977,0.03644720620325977,0.0
3.0825,0.0341278385357796,0.0341278385357796,0.0
3.0875,0.02920509899663802,0.02920509899663802,0.0
3.0925000000000002,0.031240462459936946,0.031240462459936946,0.0
3.0975,0.03169013578322392,0.03169013578322392,0.0
3.1025,0.03784356020715089,0.03784356020715089,0.0
3.1075,0.029607438285894783,0.029607438285894783,0.0
3.1125000000000003,0.031429798596057774,0.031429798596057774,0.0
3.1175,0.03242381331069214,0.03242381331069214,0.0
3.1225,0.03391483538264367,0.03391483538264367,0.0
3.1275,0.03180847086829944,0.03180847086829944,0.0
3.1325000000000003,0.03805656336028683,0.03805656336028683,0.0
3.1375,0.03185580490232964,0.03185580490232964,0.0
3.1425,0.02806908217991304,0.02806908217991304,0.0
3.1475,0.030648787034559352,0.030648787034559352,0.0
3.1525,0.03294448768502442,0.03294448768502442,0.0
3.1575,0.03303915575308483,0.03303915575308483,0.0
3.1625,0.04491999829466691,0.04491999829466691,0.0
3.1675,0.047286699996177295,0.047286699996177295,0.0
3.1725,0.044848997243621604,0.044848997243621604,0.0
3.1775,0.04508566741377264,0.04508566741377264,0.0
3.1825,0.04676602562184501,0.04676602562184501,0.0
3.1875,0.05202010339919804,0.05202010339919804,0.0
3.1925,0.04958240064664235,0.04958240064664235,0.0
3.1975000000000002,0.04965340169768768,0.04965340169768768,0.0
3.2025,0.044304655852274215,0.044304655852274215,0.0
3.2075,0.04705002982602625,0.04705002982602625,0.0
3.2125,0.045440672668999205,0.045440672668999205,0.0
3.2175000000000002,0.04655302246870907,0.04655302246870907,0.0
3.2225,0.04572467687318044,0.04572467687318044,0.0
3.2275,0.05431580404966311,0.05431580404966311,0.0
3.2325,0.05273011390965116,0.05273011390965116,0.0
3.2375000000000003,0.04820971365976634,0.04820971365976634,0.0
3.2425,0.04882505610215903,0.04882505610215903,0.0
3.2475,0.0530377851308475,0.0530377851308475,0.0
3.2525,0.052706446892636045,0.052706446892636045,0.0
3.2575000000000003,0.04686069368990542,0.04686069368990542,0.0
3.2625,0.051878101297107425,0.051878101297107425,0.0
3.2675,0.05294311706278708,0.05294311706278708,0.0
3.2725,0.05216210550128866,0.05216210550128866,0.0
3.2775,0.04667135755378459,0.04667135755378459,0.0
3.2825,0.04449399198839504,0.04449399198839504,0.0
3.2875,0.041961621167778934,0.041961621167778934,0.0
3.2925,0.03900324404089097,0.03900324404089097,0.0
3.2975,0.037677891088045166,0.037677891088045166,0.0
3.3025,0.03841156861551339,0.03841156861551339,0.0
3.3075,0.03829323353043786,0.03829323353043786,0.0
3.3125,0.04243496150808102,0.04243496150808102,0.0
3.3175,0.040612601197918034,0.040612601197918034,0.0
3.3225000000000002,0.04342897622271538,0.04342897622271538,0.0
3.3275,0.03845890264954359,0.03845890264954359,0.0
3.3325,0.04013926085761596,0.04013926085761596,0.0
3.3375,0.04217462432091488,0.04217462432091488,0.0
3.3425000000000002,0.03999725875552533,0.03999725875552533,0.0
3.3475,0.039949924721495125,0.039949924721495125,0.0
3.3525,0.03947658438119305,0.03947658438119305,0.0
3.3575,0.04120427662329562,0.04120427662329562,0.0
3.3625000000000003,0.04167761696359771,0.04167761696359771,0.0
3.3675,0.03950025139820816,0.03950025139820816,0.0
3.3725,0.03980792261940451,0.03980792261940451,0.0
3.3775,0.0392162471940269,0.0392162471940269,0.0
3.3825000000000003,0.03881390790477014,0.03881390790477014,0.0
3.3875,0.03263681646382808,0.03263681646382808,0.0
3.3925,0.03767789108804517,0.03767789108804517,0.0
3.3975,0.04217462432091488,0.04217462432091488,0.0
3.4025,0.03819856546237745,0.03819856546237745,0.0
3.4075,0.037015214611622264,0.037015214611622264,0.0
3.4125,0.038009229326256624,0.038009229326256624,0.0
3.4175,0.033749166263537946,0.033749166263537946,0.0
3.4225,0.03921624719402691,0.03921624719402691,0.0
3.4275,0.041701283980612805,0.041701283980612805,0.0
3.4325,0.03803289634327173,0.03803289634327173,0.0
3.4375,0.034530177825036375,0.034530177825036375,0.0
3.4425,0.03680221145848632,0.03680221145848632,0.0
3.4475000000000002,0.03881390790477014,0.03881390790477014,0.0
3.4525,0.03748855495192433,0.03748855495192433,0.0
3.4575,0.03542952447161031,0.03542952447161031,0.0
3.4625,0.037086215662667565,0.037086215662667565,0.0
3.4675000000000002,0.03587919779489728,0.03587919779489728,0.0
3.4725,0.042576963610171645,0.042576963610171645,0.0
3.4775,0.034790515012202504,0.034790515012202504,0.0
3.4825,0.03715721671371288,0.03715721671371288,0.0
3.4875000000000003,0.039476584381193044,0.039476584381193044,0.0
3.4925,0.034151505552794705,0.034151505552794705,0.0
3.4975,0.03573719569280666,0.03573719569280666,0.0
3.5025,0.04155928187852218,0.04155928187852218,0.0
3.5075000000000003,0.058220861857155234,0.058220861857155234,0.0
3.5125,0.05431580404966311,0.05431580404966311,0.0
3.5175,0.05275378092666626,0.05275378092666626,0.0
3.5225,0.039618586483283674,0.039618586483283674,0.0
3.5275,0.041937954150763845,0.041937954150763845,0.0
3.5325,0.041795952048673216,0.041795952048673216,0.0
3.5375,0.03968958753432899,0.03968958753432899,0.0
3.5425,0.043121305001519034,0.043121305001519034,0.0
3.5475,0.041937954150763845,0.041937954150763845,0.0
3.5525,0.03642353918624467,0.03642353918624467,0.0
3.5575,0.03893224298984567,0.03893224298984567,0.0
3.5625,0.04016292787463106,0.04016292787463106,0.0
3.5675,0.04584301195825596,0.04584301195825596,0.0
3.5725000000000002,0.04610334914542211,0.04610334914542211,0.0
3.5775,0.045298670566908575,0.045298670566908575,0.0
3.5825,0.04219829133792999,0.04219829133792999,0.0
3.5875,0.04354731130779091,0.04354731130779091,0.0
3.5925000000000002,0.048280714710811655,0.048280714710811655,0.0
3.5975,0.043689313409881525,0.043689313409881525,0.0
3.6025,0.03959491946626857,0.03959491946626857,0.0
3.6075,0.04196162116777894,0.04196162116777894,0.0
3.6125000000000003,0.049487732578581946,0.049487732578581946,0.0
3.6175,0.04615068317945231,0.04615068317945231,0.0
3.6225,0.04338164218868518,0.04338164218868518,0.0
3.6275,0.050978754650533475,0.050978754650533475,0.0
3.6325000000000003,0.050316078174110566,0.050316078174110566,0.0
3.6375,0.051357426922775146,0.051357426922775146,0.0
3.6425,0.043760314460926826,0.043760314460926826,0.0
3.6475,0.05041074624217098,0.05041074624217098,0.0
3.6525,0.044659661107500775,0.044659661107500775,0.0
3.6575,0.04394965059704767,0.04394965059704767,0.0
3.6625,0.05114442376963921,0.05114442376963921,0.0
3.6675,0.048635719966038195,0.048635719966038195,0.0
3.6725,0.050836752548442846,0.050836752548442846,0.0
3.6775,0.0467186915878148,0.0467186915878148,0.0
3.6825,0.048138712608721025,0.048138712608721025,0.0
3.6875,0.03857723773461911,0.03857723773461911,0.0
3.6925,0.046505688434678866,0.046505688434678866,0.0
3.6975000000000002,0.05088408658247306,0.05088408658247306,0.0
3.7025,0.05007940800395953,0.05007940800395953,0.0
3.7075,0.048470050846932476,0.048470050846932476,0.0
3.7125,0.04447032497137995,0.04447032497137995,0.0
3.7175000000000002,0.04951139959559704,0.04951139959559704,0.0
3.7225,0.04536967161795388,0.04536967161795388,0.0
3.7275,0.04534600460093879,0.04534600460093879,0.0
3.7325,0.047263032979162185,0.047263032979162185,0.0
3.7375000000000003,0.047168364911101775,0.047168364911101775,0.0
3.7425,0.04491999829466692,0.04491999829466692,0.0
3.7475,0.0302937817793328,0.0302937817793328,0.0
3.7525,0.025584045393327152,0.025584045393327152,0.0
3.7575000000000003,0.0284714214691698,0.0284714214691698,0.0
3.7625,0.027004066414233377,0.027004066414233377,0.0
3.7675,0.02880275970738125,0.02880275970738125,0.0
3.7725,0.020826974973291296,0.020826974973291296,0.0
3.7775,0.026649061159006813,0.026649061159006813,0.0
3.7825,0.028258418316033873,0.028258418316033873,0.0
3.7875,0.0233593457939074,0.0233593457939074,0.0
3.7925,0.0265780601079615,0.0265780601079615,0.0
3.7975,0.02806908217991305,0.02806908217991305,0.0
3.8025,0.0227676703685298,0.0227676703685298,0.0
3.8075,0.02683839729512764,0.02683839729512764,0.0
3.8125,0.028045415162897935,0.028045415162897935,0.0
3.8175,0.02364334999808864,0.02364334999808864,0.0
3.8225000000000002,0.020637638837170468,0.020637638837170468,0.0
3.8275,0.023477680878982915,0.023477680878982915,0.0
3.8325,0.023525014913013124,0.023525014913013124,0.0
3.8375,0.026033718716614116,0.026033718716614116,0.0
3.8425000000000002,0.02397468823630009,0.02397468823630009,0.0
3.8475,0.03509818623339885,0.03509818623339885,0.0
3.8525,0.05786585660192868,0.05786585660192868,0.0
3.8575,0.05467080930488965,0.05467080930488965,0.0
3.8625000000000003,0.05171243217800169,0.05171243217800169,0.0
3.8675,0.04951139959559704,0.04951139959559704,0.0
3.8725,0.047925709455585094,0.047925709455585094,0.0
3.8775,0.05029241115709547,0.05029241115709547,0.0
3.8825000000000003,0.05403179984548185,0.05403179984548185,0.0
3.8875,0.05043441325918609,0.05043441325918609,0.0
3.8925,0.0525171107565152,0.0525171107565152,0.0
3.8975,0.05616183137684119,0.05616183137684119,0.0
3.9025000000000003,0.05694284293833963,0.05694284293833963,0.0
3.9075,0.050197743089035046,0.050197743089035046,0.0
3.9125,0.055688491036539126,0.055688491036539126,0.0
3.9175,0.05164143112695639,0.05164143112695639,0.0
3.9225,0.05126275885471471,0.05126275885471471,0.0
3.9275,0.05507314859414643,0.05507314859414643,0.0
3.9325,0.06155791125628487,0.06155791125628487,0.0
3.9375,0.05604349629176569,0.05604349629176569,0.0
3.9425,0.07208973382800601,0.07208973382800601,0.0
3.9475000000000002,0.06259926000494942,0.06259926000494942,0.0
3.9525,0.056777173819233896,0.056777173819233896,0.0
3.9575,0.06387727892376503,0.06387727892376503,0.0
3.9625,0.058907205350593246,0.058907205350593246,0.0
3.9675000000000002,0.0668119890336379,0.0668119890336379,0.0
3.9725,0.06338027156644785,0.06338027156644785,0.0
3.9775,0.04951139959559704,0.04951139959559704,0.0
3.9825,0.03481418202921762,0.03481418202921762,0.0
3.9875000000000003,0.03183213788531454,0.03183213788531454,0.0
3.9925,0.04089660540209928,0.04089660540209928,0.0
3.9975,0.03483784904623272,0.03483784904623272,0.0
4.0025,0.038411568615513376,0.038411568615513376,0.0
4.0075,0.03734655284983371,0.03734655284983371,0.0
4.0125,0.03741755390087903,0.03741755390087903,0.0
4.0175,0.03488518308026292,0.03488518308026292,0.0
4.0225,0.035192854301459284,0.035192854301459284,0.0
4.0275,0.03765422407103007,0.03765422407103007,0.0
4.0325,0.03008077862619686,0.03008077862619686,0.0
4.0375,0.035997532879972795,0.035997532879972795,0.0
4.0425,0.03741755390087902,0.03741755390087902,0.0
4.0475,0.03502718518235355,0.03502718518235355,0.0
4.0525,0.029418102149773966,0.029418102149773966,0.0
4.0575,0.03542952447161031,0.03542952447161031,0.0
4.0625,0.03339416100831139,0.03339416100831139,0.0
4.0675,0.03422250660384002,0.03422250660384002,0.0
4.0725,0.03332315995726608,0.03332315995726608,0.0
4.0775,0.03417517256980981,0.03417517256980981,0.0
4.0825000000000005,0.0384589026495436,0.0384589026495436,0.0
4.0875,0.027169735533339102,0.027169735533339102,0.0
4.0925,0.03147713263008799,0.03147713263008799,0.0
4.0975,0.03128779649396715,0.03128779649396715,0.0
4.1025,0.03455384484205148,0.03455384484205148,0.0
4.1075,0.031240462459936946,0.031240462459936946,0.0
4.1125,0.036683876373410806,0.036683876373410806,0.0
4.1175,0.035050852199368654,0.035050852199368654,0.0
4.1225000000000005,0.030270114762317692,0.030270114762317692,0.0
4.1275,0.02911043092857761,0.02911043092857761,0.0
4.1325,0.030909124221725492,0.030909124221725492,0.0
4.1375,0.03441184273996085,0.03441184273996085,0.0
4.1425,0.028187417264988565,0.028187417264988565,0.0
4.1475,0.032423813310692134,0.032423813310692134,0.0
4.1525,0.02806908217991304,0.02806908217991304,0.0
4.1575,0.027666742890656286,0.027666742890656286,0.0
4.1625,0.033536163110402015,0.033536163110402015,0.0
4.1675,0.029465436183804167,0.029465436183804167,0.0
4.1725,0.029299767064698442,0.029299767064698442,0.0
4.1775,0.03592653182892749,0.03592653182892749,0.0
4.1825,0.03138246456202757,0.03138246456202757,0.0
4.1875,0.029039429877532302,0.029039429877532302,0.0
4.1925,0.06153424423926975,0.06153424423926975,0.0
4.1975,0.07509544498892419,0.07509544498892419,0.0
4.2025,0.0687763514458915,0.0687763514458915,0.0
4.2075000000000005,0.04560634178810493,0.04560634178810493,0.0
4.2125,0.03978425560238941,0.03978425560238941,0.0
4.2175,0.04030492997672168,0.04030492997672168,0.0
4.2225,0.04558267477108983,0.04558267477108983,0.0
4.2275,0.04837538277887205,0.04837538277887205,0.0
4.2325,0.04378398147794194,0.04378398147794194,0.0
4.2375,0.04380764849495704,0.04380764849495704,0.0
4.2425,0.040967606453144595,0.040967606453144595,0.0
4.2475000000000005,0.052375108654424594,0.052375108654424594,0.0
4.2525,0.0492037283744007,0.0492037283744007,0.0
4.2575,0.062338922817783284,0.062338922817783284,0.0
4.2625,0.05299045109681729,0.05299045109681729,0.0
4.2675,0.053298122318013647,0.053298122318013647,0.0
4.2725,0.06162891230733016,0.06162891230733016,0.0
4.2775,0.05722684714252087,0.05722684714252087,0.0
4.2825,0.05623283242788652,0.05623283242788652,0.0
4.2875000000000005,0.048186046642751224,0.048186046642751224,0.0
4.2925,0.05909654148671408,0.05909654148671408,0.0
4.2975,0.05282478197771158,0.05282478197771158,0.0
4.3025,0.05620916541087141,0.05620916541087141,0.0
4.3075,0.050316078174110566,0.050316078174110566,0.0
4.3125,0.05353479248816468,0.05353479248816468,0.0
4.3175,0.04598501406034659,0.04598501406034659,0.0
4.3225,0.052446109705469916,0.052446109705469916,0.0
4.3275,0.054292137032648013,0.054292137032648013,0.0
4.3325000000000005,0.045843011958255964,0.045843011958255964,0.0
4.3375,0.0510734227185939,0.0510734227185939,0.0
4.3425,0.05277744794368137,0.05277744794368137,0.0
4.3475,0.04783104138752468,0.04783104138752468,0.0
4.3525,0.0523041076033793,0.0523041076033793,0.0
4.3575,0.042553296593156535,0.042553296593156535,0.0
4.3625,0.04574834389019555,0.04574834389019555,0.0
4.3675,0.04858838593200801,0.04858838593200801,0.0
4.3725000000000005,0.05377146265831572,0.05377146265831572,0.0
4.3775,0.045085667413772644,0.045085667413772644,0.0
4.3825,0.04636368633258825,0.04636368633258825,0.0
4.3875,0.04548800670302941,0.04548800670302941,0.0
4.3925,0.046884360706920536,0.046884360706920536,0.0
4.3975,0.044990999345712226,0.044990999345712226,0.0
4.4025,0.04099127347015969,0.04099127347015969,0.0
4.4075,0.04809137857469083,0.04809137857469083,0.0
4.4125000000000005,0.042671631678232055,0.042671631678232055,0.0
4.4175,0.05164143112695639,0.05164143112695639,0.0
4.4225,0.04371298042689662,0.04371298042689662,0.0
4.4275,0.04887239013618925,0.04887239013618925,0.0
4.4325,0.04439932392033464,0.04439932392033464,0.0
4.4375,0.008070452802150376,0.008070452802150376,0.0
4.4425,0.0,0.0,0.0
4.4475,0.0,0.0,0.0
4.4525,0.0,0.0,0.0
4.4575000000000005,0.0,0.0,0.0
4.4625,0.0,0.0,0.0
4.4675,0.0,0.0,0.0
4.4725,0.0,0.0,0.0
4.4775,0.0,0.0,0.0
4.4825,0.0,0.0,0.0
4.4875,0.0,0.0,0.0
4.4925,0.0,0.0,0.0
4.4975000000000005,0.0,0.0,0.0
4.5025,0.0,0.0,0.0
4.5075,0.0,0.0,0.0
4.5125,0.0,0.0,0.0
4.5175,0.0,0.0,0.0
4.5225,0.0,0.0,0.0
4.5275,0.0,0.0,0.0
4.5325,0.00265070590569162,0.00265070590569162,0.0
4.5375000000000005,0.07590012356743774,0.07590012356743774,0.0
4.5425,0.06974669914351075,0.06974669914351075,0.0
4.5475,0.07388842712115391,0.07388842712115391,0.0
4.5525,0.08714195664961202,0.08714195664961202,0.0
4.5575,0.08169854273613816,0.08169854273613816,0.0
4.5625,0.07353342186592736,0.07353342186592736,0.0
4.5675,0.09495207226459625,0.09495207226459625,0.0
4.5725,0.10619390534677055,0.10619390534677055,0.0
4.5775,0.10380353662824508,0.10380353662824508,0.0
4.5825000000000005,0.10775592846976739,0.10775592846976739,0.0
4.5875,0.10195750930106695,0.10195750930106695,0.0
4.5925,0.09807611851058996,0.09807611851058996,0.0
4.5975,0.09817078657865037,0.09817078657865037,0.0
4.6025,0.09499940629862648,0.09499940629862648,0.0
4.6075,0.09949613953149616,0.09949613953149616,0.0
4.6125,0.09357938527772024,0.09357938527772024,0.0
4.6175,0.09575675084310979,0.09575675084310979,0.0
4.6225000000000005,0.09059734113381719,0.09059734113381719,0.0
4.6275,0.0888933159087297,0.0888933159087297,0.0
4.6325,0.09776844728939361,0.09776844728939361,0.0
4.6375,0.0847042538970563,0.0847042538970563,0.0
4.6425,0.08610060790094747,0.08610060790094747,0.0
4.6475,0.08337890094421053,0.08337890094421053,0.0
4.6525,0.08593493878184172,0.08593493878184172,0.0
4.6575,0.091922694086663,0.091922694086663,0.0
4.6625000000000005,0.09019500184456039,0.09019500184456039,0.0
4.6675,0.007904783683044652,0.007904783683044652,0.0
4.6725,0.0,0.0,0.0
4.6775,0.0,0.0,0.0
4.6825,0.0,0.0,0.0
4.6875,0.0,0.0,0.0
4.6925,0.0,0.0,0.0
4.6975,0.0,0.0,0.0
4.7025,0.0,0.0,0.0
4.7075000000000005,0.0,0.0,0.0
4.7125,0.0,0.0,0.0
4.7175,0.0,0.0,0.0
4.7225,0.0,0.0,0.0
4.7275,0.0,0.0,0.0
4.7325,0.0,0.0,0.0
4.7375,0.0,0.0,0.0
4.7425,0.0,0.0,0.0
4.7475000000000005,0.0,0.0,0.0
4.7525,0.0,0.0,0.0
4.7575,0.0,0.0,0.0
4.7625,0.0,0.0,0.0
4.7675,0.0,0.0,0.0
4.7725,0.0,0.0,0.0
4.7775,0.0,0.0,0.0
4.7825,0.0,0.0,0.0
4.7875000000000005,0.0,0.0,0.0
4.7925,0.0,0.0,0.0
4.7975,0.0,0.0,0.0
4.8025,0.0,0.0,0.0
4.8075,0.0,0.0,0.0
4.8125,0.0,0.0,0.0
4.8175,0.0,0.0,0.0
4.8225,0.0,0.0,0.0
4.8275,0.0,0.0,0.0
4.8325000000000005,0.0,0.0,0.0
4.8375,0.0,0.0,0.0
4.8425,0.0,0.0,0.0
4.8475,0.0,0.0,0.0
4.8525,0.0,0.0,0.0
4.8575,0.0,0.0,0.0
4.8625,0.0,0.0,0.0
4.8675,0.0,0.0,0.0
4.8725000000000005,0.0,0.0,0.0
4.8775,0.15414328181937065,0.15414328181937065,0.0
4.8825,0.49137460726758386,0.49137460726758386,0.0
4.8875,0.7397836178581125,0.7397836178581125,0.0
4.8925,0.9795068332040978,0.9795068332040978,0.0
4.8975,0.0018933613612082986,0.0018933613612082986,0.0
4.9025,0.0,0.0,0.0
4.9075,0.0,0.0,0.0
4.9125000000000005,0.0,0.0,0.0
4.9175,0.0,0.0,0.0
4.9225,0.0,0.0,0.0
4.9275,0.0,0.0,0.0
4.9325,0.0,0.0,0.0
4.9375,0.0,0.0,0.0
4.9425,0.0,0.0,0.0
4.9475,0.0,0.0,0.0
4.9525,0.0,0.0,0.0
4.9575000000000005,0.0,0.0,0.0
4.9625,0.0,0.0,0.0
4.9675,0.0,0.0,0.0
4.9725,0.0,0.0,0.0
4.9775,0.0,0.0,0.0
4.9825,0.0,0.0,0.0
4.9875,0.0,0.0,0.0
4.9925,0.0,0.0,0.0
4.9975000000000005,0.0,0.0,0.0
5.0025,0.0,0.0,0.0
5.0075,0.0,0.0,0.0
5.0125,0.0,0.0,0.0
5.0175,0.0,0.0,0.0
5.0225,0.0,0.0,0.0
5.0275,0.0,0.0,0.0
5.0325,0.0,0.0,0.0
5.0375000000000005,0.0,0.0,0.0
5.0425,0.0,0.0,0.0
5.0475,0.0,0.0,0.0
5.0525,0.0,0.0,0.0
5.0575,0.0,0.0,0.0
5.0625,0.0,0.0,0.0
5.0675,0.0,0.0,0.0
5.0725,0.0,0.0,0.0
5.0775,0.0,0.0,0.0
5.0825000000000005,0.0,0.0,0.0
5.0875,0.0,0.0,0.0
5.0925,0.0,0.0,0.0
5.0975,0.0,0.0,0.0
5.1025,0.0,0.0,0.0
5.1075,0.0,0.0,0.0
5.1125,0.0,0.0,0.0
5.1175,0.0,0.0,0.0
5.1225000000000005,0.008259788938271208,0.008259788938271208,0.0
5.1275,0.10669091270408772,0.10669091270408772,0.0
5.1325,0.1051288895810909,0.1051288895810909,0.0
5.1375,0.10368520154316954,0.10368520154316954,0.0
5.1425,0.10697491690826892,0.10697491690826892,0.0
5.1475,0.11028829929038347,0.11028829929038347,0.0
5.1525,0.11871375734776043,0.11871375734776043,0.0
5.1575,0.10867894213335642,0.10867894213335642,0.0
5.1625000000000005,0.12089112291314998,0.12089112291314998,0.0
5.1675,0.11416969008086054,0.11416969008086054,0.0
5.1725,0.1299082563959045,0.1299082563959045,0.0
5.1775,0.1259558645543822,0.1259558645543822,0.0
5.1825,0.1463568332214016,0.1463568332214016,0.0
5.1875,0.13464165979892528,0.13464165979892528,0.0
5.1925,0.15310193307070621,0.15310193307070621,0.0
5.1975,0.14434513677511782,0.14434513677511782,0.0
5.2025,0.14060574808673146,0.14060574808673146,0.0
5.2075000000000005,0.13899639092970434,0.13899639092970434,0.0
5.2125,0.10209951140315758,0.10209951140315758,0.0
5.2175,0.10685658182319345,0.10685658182319345,0.0
5.2225,0.04035226401075189,0.04035226401075189,0.0
5.2275,0,0,0
