omega,S,S_edge,S_cont,Sr,Sr_edge,Sr_cont
-1.5075000000000003,0.0,0.0,0.0
-1.5024999999999995,0.0006496813607623692,0.0006496813607623692,0.0
-1.4975000000000005,0.04355629718643021,0.04355629718643021,0.0
-1.4924999999999997,0.0947981866406027,0.0947981866406027,0.0
-1.4875000000000007,0.21635771614154467,0.21635771614154467,0.0
-1.4825,0.42425575158550305,0.42425575158550305,0.0
-1.4774999999999991,0.8058122324604752,0.8058122324604752,0.0
-1.4725000000000001,1.1527144330922285,1.1527144330922285,0.0
-1.4674999999999994,1.4369292939142497,1.4369292939142497,0.0
-1.4625000000000004,1.5473474792284991,1.5473474792284991,0.0
-1.4574999999999996,1.5347132502128231,1.5347132502128231,0.0
-1.4525000000000006,1.4145360214794624,1.4145360214794624,0.0
-1.4474999999999998,1.268882989599611,1.268882989599611,0.0
-1.442499999999999,1.1171616573500838,1.1171616573500838,0.0
-1.4375,0.9977446940388901,0.9977446940388901,0.0
-1.4324999999999992,0.905130542611063,0.905130542611063,0.0
-1.4275000000000002,0.8443922468836194,0.8443922468836194,0.0
-1.4224999999999994,0.7937447467595061,0.7937447467595061,0.0
-1.4175000000000004,0.7533124493078054,0.7533124493078054,0.0
-1.4124999999999996,0.7222106820372665,0.7222106820372665,0.0
-1.4075000000000006,0.6908877466439147,0.6908877466439147,0.0
-1.4024999999999999,0.6656745806432645,0.6656745806432645,0.0
-1.397499999999999,0.6435024763312892,0.6435024763312892,0.0
-1.3925,0.6197130801212457,0.6197130801212457,0.0
-1.3874999999999993,0.6050606919849029,0.6050606919849029,0.0
-1.3825000000000003,0.5928273301918242,0.5928273301918242,0.0
-1.3774999999999995,0.5799857560610105,0.5799857560610105,0.0
-1.3725000000000005,0.5624443593204266,0.5624443593204266,0.0
-1.3674999999999997,0.547916378253166,0.547916378253166,0.0
-1.362499999999999,0.5405348921542914,0.5405348921542914,0.0
-1.3575,0.5322410875488144,0.5322410875488144,0.0
-1.3524999999999991,0.5192889293565942,0.5192889293565942,0.0
-1.3475000000000001,0.5092396027762912,0.5092396027762912,0.0
-1.3424999999999994,0.5023142759307179,0.5023142759307179,0.0
-1.3375000000000004,0.4951954269776835,0.4951954269776835,0.0
-1.3324999999999996,0.48433054294450856,0.48433054294450856,0.0
-1.3275000000000006,0.4816488794554043,0.4816488794554043,0.0
-1.3224999999999998,0.473299782819224,0.473299782819224,0.0
-1.317499999999999,0.4623657837476701,0.4623657837476701,0.0
-1.3125,0.4646604030218521,0.4646604030218521,0.0
-1.3074999999999992,0.45421020921895106,0.45421020921895106,0.0
-1.3025000000000002,0.4474092894424597,0.4474092894424597,0.0
-1.2974999999999994,0.44816955486462856,0.44816955486462856,0.0
-1.2925000000000004,0.43648911337858165,0.43648911337858165,0.0
-1.2874999999999996,0.4348303524574863,0.4348303524574863,0.0
-1.2825000000000006,0.4319966358839484,0.4319966358839484,0.0
-1.2774999999999999,0.419873858152276,0.419873858152276,0.0
-1.272499999999999,0.4284994149419721,0.4284994149419721,0.0
-1.2675,0.4130867613834605,0.4130867613834605,0.0
-1.2624999999999993,0.4149252214043413,0.4149252214043413,0.0
-1.2575000000000003,0.4096724784875391,0.4096724784875391,0.0
-1.2524999999999995,0.40095016064411243,0.40095016064411243,0.0
-1.2475000000000005,0.4124094340073466,0.4124094340073466,0.0
-1.2424999999999997,0.3892697191580657,0.3892697191580657,0.0
-1.237499999999999,0.4023186384040162,0.4023186384040162,0.0
-1.2325,0.39106671015591904,0.39106671015591904,0.0
-1.2274999999999991,0.3904723208258598,0.3904723208258598,0.0
-1.2225000000000001,0.39085936504078206,0.39085936504078206,0.0
-1.2174999999999994,0.37746487060293665,0.37746487060293665,0.0
-1.2125000000000004,0.39005763059558596,0.39005763059558596,0.0
-1.2074999999999996,0.3668902697309534,0.3668902697309534,0.0
-1.2025000000000006,0.38878591388941286,0.38878591388941286,0.0
-1.1974999999999998,0.36083579236895524,0.36083579236895524,0.0
-1.192499999999999,0.382026463135949,0.382026463135949,0.0
-1.1875,0.36094637643036154,0.36094637643036154,0.0
-1.1824999999999992,0.3752117203517821,0.3752117203517821,0.0
-1.1775000000000002,0.35744915548838535,0.35744915548838535,0.0
-1.1724999999999994,0.3673740749996063,0.3673740749996063,0.0
-1.1675000000000004,0.356799474127623,0.356799474127623,0.0
-1.1624999999999996,0.3597990667932705,0.3597990667932705,0.0
-1.1575000000000006,0.3568824121736777,0.3568824121736777,0.0
-1.1524999999999999,0.35142232414173874,0.35142232414173874,0.0
-1.147499999999999,0.35561069546750457,0.35561069546750457,0.0
-1.1425,0.3457687140023385,0.3457687140023385,0.0
-1.1374999999999993,0.35348195228543206,0.35348195228543206,0.0
-1.1325000000000003,0.34206414794522544,0.34206414794522544,0.0
-1.1274999999999995,0.3494594570517758,0.3494594570517758,0.0
-1.1225000000000005,0.3385254579802219,0.3385254579802219,0.0
-1.1174999999999997,0.34520197068763087,0.34520197068763087,0.0
-1.112499999999999,0.3374887324045372,0.3374887324045372,0.0
-1.1075,0.33949306851752753,0.33949306851752753,0.0
-1.1024999999999991,0.33759931646594354,0.33759931646594354,0.0
-1.0975000000000001,0.33392239642418203,0.33392239642418203,0.0
-1.0924999999999994,0.335885263514145,0.335885263514145,0.0
-1.0875000000000004,0.3300243082596079,0.3300243082596079,0.0
-1.0824999999999996,0.33374269732439676,0.33374269732439676,0.0
-1.0775000000000006,0.3254074236958923,0.3254074236958923,0.0
-1.0724999999999998,0.3345306087619171,0.3345306087619171,0.0
-1.067499999999999,0.32166138861575183,0.32166138861575183,0.0
-1.0625,0.32721823770142144,0.32721823770142144,0.0
-1.0574999999999992,0.32615386611038527,0.32615386611038527,0.0
-1.0525000000000002,0.3175144863130133,0.3175144863130133,0.0
-1.0474999999999994,0.3300243082596079,0.3300243082596079,0.0
-1.0425000000000004,0.3093174427612668,0.3093174427612668,0.0
-1.0374999999999996,0.3316968921883791,0.3316968921883791,0.0
-1.0325000000000006,0.3022815318542871,0.3022815318542871,0.0
-1.0274999999999999,0.33487618395381197,0.33487618395381197,0.0
-1.022499999999999,0.29625470050764047,0.29625470050764047,0.0
-1.0175,0.33288567084849746,0.33288567084849746,0.0
-1.0124999999999993,0.298646080835553,0.298646080835553,0.0
-1.0075000000000003,0.3264165032562254,0.3264165032562254,0.0
-1.0024999999999995,0.303774416683273,0.303774416683273,0.0
-0.9975000000000005,0.3126487876111334,0.3126487876111334,0.0
-0.9924999999999997,0.3140310883787129,0.3140310883787129,0.0
-0.9874999999999989,0.295881479300394,0.295881479300394,0.0
-0.9824999999999999,0.32369337074409377,0.32369337074409377,0.0
-0.9774999999999991,0.2857768606893878,0.2857768606893878,0.0
-0.9725000000000001,0.3258635829491936,0.3258635829491936,0.0
-0.9674999999999994,0.28674447122669344,0.28674447122669344,0.0
-0.9625000000000004,0.3217581496694824,0.3217581496694824,0.0
-0.9574999999999996,0.291900453089765,0.291900453089765,0.0
-0.9525000000000006,0.3060275669344276,0.3060275669344276,0.0
-0.9474999999999998,0.30031866476432423,0.30031866476432423,0.0
-0.942499999999999,0.29295100167312543,0.29295100167312543,0.0
-0.9375,0.3117088230891794,0.3117088230891794,0.0
-0.9324999999999992,0.28200317959389565,0.28200317959389565,0.0
-0.9275000000000002,0.31538574313094087,0.31538574313094087,0.0
-0.9224999999999994,0.2832610732923931,0.2832610732923931,0.0
-0.9175000000000004,0.30547464662739576,0.30547464662739576,0.0
-0.9124999999999996,0.28848617019384354,0.28848617019384354,0.0
-0.9075000000000006,0.2957294262159602,0.2957294262159602,0.0
-0.9024999999999999,0.29660027569953534,0.29660027569953534,0.0
-0.8974999999999991,0.28490601120581266,0.28490601120581266,0.0
-0.8925000000000001,0.3028068061459674,0.3028068061459674,0.0
-0.8874999999999993,0.2804411797265309,0.2804411797265309,0.0
-0.8825000000000003,0.2999869125801051,0.2999869125801051,0.0
-0.8774999999999995,0.2820031795938957,0.2820031795938957,0.0
-0.8725000000000005,0.29289570964242223,0.29289570964242223,0.0
-0.8674999999999997,0.28769825875632327,0.28769825875632327,0.0
-0.8624999999999989,0.28421486082202296,0.28421486082202296,0.0
-0.8574999999999999,0.2926607185119337,0.2926607185119337,0.0
-0.8524999999999991,0.2795150382122526,0.2795150382122526,0.0
-0.8475000000000001,0.29492769177076417,0.29492769177076417,0.0
-0.8424999999999994,0.273889074088204,0.273889074088204,0.0
-0.8375000000000004,0.2918728070744135,0.2918728070744135,0.0
-0.8324999999999996,0.2813120292101059,0.2813120292101059,0.0
-0.8275000000000006,0.2794044541508462,0.2794044541508462,0.0
-0.8224999999999998,0.289744063892341,0.289744063892341,0.0
-0.817499999999999,0.26941041960124634,0.26941041960124634,0.0
-0.8125,0.29642057659974996,0.29642057659974996,0.0
-0.8074999999999992,0.2672816764191739,0.2672816764191739,0.0
-0.8025000000000002,0.285693922643333,0.285693922643333,0.0
-0.7974999999999994,0.28037206468815185,0.28037206468815185,0.0
-0.7925000000000004,0.26771018965712357,0.26771018965712357,0.0
-0.7874999999999996,0.2964343996074258,0.2964343996074258,0.0
-0.7825000000000006,0.25629238531691684,0.25629238531691684,0.0
-0.7774999999999999,0.29362832904923936,0.29362832904923936,0.0
-0.7724999999999991,0.27036420713087617,0.27036420713087617,0.0
-0.7675000000000001,0.2654017473752658,0.2654017473752658,0.0
-0.7624999999999993,0.29549443508547174,0.29549443508547174,0.0
-0.7575000000000003,0.2486759080875537,0.2486759080875537,0.0
-0.7524999999999995,0.29807933752084537,0.29807933752084537,0.0
-0.7475000000000005,0.26277537591686473,0.26277537591686473,0.0
-0.7424999999999997,0.2631347741164354,0.2631347741164354,0.0
-0.7374999999999989,0.2947065236479514,0.2947065236479514,0.0
-0.7324999999999999,0.24311905900188413,0.24311905900188413,0.0
-0.7274999999999991,0.29911606309653,0.29911606309653,0.0
-0.7225000000000001,0.25757792503076576,0.25757792503076576,0.0
-0.7174999999999994,0.25813084533779757,0.25813084533779757,0.0
-0.7125000000000004,0.29841108970506447,0.29841108970506447,0.0
-0.7074999999999996,0.23569610387998213,0.23569610387998213,0.0
-0.7025000000000006,0.2936421520569152,0.2936421520569152,0.0
-0.6974999999999998,0.26354946434670923,0.26354946434670923,0.0
-0.692499999999999,0.24885560718733907,0.24885560718733907,0.0
-0.6875,0.3015074434244426,0.3015074434244426,0.0
-0.6824999999999992,0.23136950247745822,0.23136950247745822,0.0
-0.6775000000000002,0.28248698486254853,0.28248698486254853,0.0
-0.6724999999999994,0.2758381181704911,0.2758381181704911,0.0
-0.6675000000000004,0.23214359090730274,0.23214359090730274,0.0
-0.6624999999999996,0.30229535486196296,0.30229535486196296,0.0
-0.6575000000000006,0.23967713009061115,0.23967713009061115,0.0
-0.6524999999999999,0.26490411909893713,0.26490411909893713,0.0
-0.6474999999999991,0.28726974551837364,0.28726974551837364,0.0
-0.6425000000000001,0.21884585752318794,0.21884585752318794,0.0
-0.6374999999999993,0.29651733765348054,0.29651733765348054,0.0
-0.6325000000000003,0.2589464027906695,0.2589464027906695,0.0
-0.6274999999999995,0.23756220991621446,0.23756220991621446,0.0
-0.6225000000000005,0.2960611784001793,0.2960611784001793,0.0
-0.6174999999999997,0.2293098743337648,0.2293098743337648,0.0
-0.6124999999999989,0.2735711449116607,0.2735711449116607,0.0
-0.6074999999999999,0.27600399426260064,0.27600399426260064,0.0
-0.6024999999999991,0.21425661897482395,0.21425661897482395,0.0
-0.5975000000000001,0.2990331250504753,0.2990331250504753,0.0
-0.5924999999999994,0.25000291682443004,0.25000291682443004,0.0
-0.5875000000000004,0.23478378537337966,0.23478378537337966,0.0
-0.5824999999999996,0.29391861221043114,0.29391861221043114,0.0
-0.5775000000000006,0.22539796316151475,0.22539796316151475,0.0
-0.5724999999999998,0.26847045507929235,0.26847045507929235,0.0
-0.567499999999999,0.27355732190398496,0.27355732190398496,0.0
-0.5625,0.21233522090788845,0.21233522090788845,0.0
-0.5574999999999992,0.2936145060415636,0.2936145060415636,0.0
-0.5525000000000002,0.2517307927839044,0.2517307927839044,0.0
-0.5474999999999994,0.22134782191250685,0.22134782191250685,0.0
-0.5425000000000004,0.29639293058439836,0.29639293058439836,0.0
-0.5374999999999996,0.2288951841034909,0.2288951841034909,0.0
-0.5325000000000006,0.24632599678266862,0.24632599678266862,0.0
-0.5274999999999999,0.285693922643333,0.285693922643333,0.0
-0.5224999999999991,0.2108146900635509,0.2108146900635509,0.0
-0.5175000000000001,0.2760316402779522,0.2760316402779522,0.0
-0.5124999999999993,0.264848827068234,0.264848827068234,0.0
-0.5075000000000003,0.20865830086612686,0.20865830086612686,0.0
-0.5024999999999995,0.29162399293624913,0.29162399293624913,0.0
-0.4975000000000005,0.24233114756436372,0.24233114756436372,0.0
-0.4924999999999997,0.21989640610654837,0.21989640610654837,0.0
-0.48749999999999893,0.2961994084769372,0.2961994084769372,0.0
-0.48249999999999993,0.2190808486536764,0.2190808486536764,0.0
-0.47749999999999915,0.240630917620241,0.240630917620241,0.0
-0.47250000000000014,0.28892850643946905,0.28892850643946905,0.0
-0.46749999999999936,0.20440081450198203,0.20440081450198203,0.0
-0.46250000000000036,0.2628997829859469,0.2628997829859469,0.0
-0.4574999999999996,0.2712350566144513,0.2712350566144513,0.0
-0.45250000000000057,0.19871955834723024,0.19871955834723024,0.0
-0.4474999999999998,0.28440838292948406,0.28440838292948406,0.0
-0.442499999999999,0.24801240371911557,0.24801240371911557,0.0
-0.4375,0.2030185137344025,0.2030185137344025,0.0
-0.4324999999999992,0.29711172698353977,0.29711172698353977,0.0
-0.4275000000000002,0.22715348513634076,0.22715348513634076,0.0
-0.42249999999999943,0.21377281370617107,0.21377281370617107,0.0
-0.4175000000000004,0.3015903814704973,0.3015903814704973,0.0
-0.41249999999999964,0.2086859468814785,0.2086859468814785,0.0
-0.40750000000000064,0.23112068833929392,0.23112068833929392,0.0
-0.40249999999999986,0.29365597506459096,0.29365597506459096,0.0
-0.3974999999999991,0.19606554087347755,0.19606554087347755,0.0
-0.39250000000000007,0.2509843503694115,0.2509843503694115,0.0
-0.3874999999999993,0.277800985260454,0.277800985260454,0.0
-0.3825000000000003,0.18793761236011008,0.18793761236011008,0.0
-0.3774999999999995,0.2729767555816015,0.2729767555816015,0.0
-0.3725000000000005,0.2579096772149848,0.2579096772149848,0.0
-0.3674999999999997,0.18608532933155356,0.18608532933155356,0.0
-0.36249999999999893,0.28968877186163783,0.28968877186163783,0.0
-0.35749999999999993,0.23779720104670293,0.23779720104670293,0.0
-0.35249999999999915,0.1912413111946251,0.1912413111946251,0.0
-0.34750000000000014,0.3015627354551458,0.3015627354551458,0.0
-0.34249999999999936,0.21858322037734776,0.21858322037734776,0.0
-0.33750000000000036,0.19607936388115338,0.19607936388115338,0.0
-0.3324999999999996,0.31105914172841703,0.31105914172841703,0.0
-0.32750000000000057,0.20182973507428414,0.20182973507428414,0.0
-0.3224999999999998,0.20394465524868075,0.20394465524868075,0.0
-0.317499999999999,0.314431955601311,0.314431955601311,0.0
-0.3125,0.18674883369999168,0.18674883369999168,0.0
-0.3074999999999992,0.21468513221277363,0.21468513221277363,0.0
-0.3025000000000002,0.3142107874784983,0.3142107874784983,0.0
-0.29749999999999943,0.17363079941566215,0.17363079941566215,0.0
-0.2925000000000004,0.22684937896747326,0.22684937896747326,0.0
-0.28749999999999964,0.31107296473609286,0.31107296473609286,0.0
-0.28250000000000064,0.16203329597567004,0.16203329597567004,0.0
-0.27749999999999986,0.23991212122109962,0.23991212122109962,0.0
-0.2724999999999991,0.3045761511284691,0.3045761511284691,0.0
-0.26750000000000007,0.154347703707928,0.154347703707928,0.0
-0.2624999999999993,0.25037613803167647,0.25037613803167647,0.0
-0.2575000000000003,0.2979411074440874,0.2979411074440874,0.0
-0.2524999999999995,0.1481826422845234,0.1481826422845234,0.0
-0.2475000000000005,0.2605498716810617,0.2605498716810617,0.0
-0.24249999999999972,0.29133370977505735,0.29133370977505735,0.0
-0.23749999999999893,0.14283313831399067,0.14283313831399067,0.0
-0.23249999999999993,0.2687607382404839,0.2687607382404839,0.0
-0.22749999999999915,0.28521011737468016,0.28521011737468016,0.0
-0.22250000000000014,0.13867241300357636,0.13867241300357636,0.0
-0.21749999999999936,0.27489815364853704,0.27489815364853704,0.0
-0.21250000000000036,0.28135349823313327,0.28135349823313327,0.0
-0.20749999999999957,0.1342214045319703,0.1342214045319703,0.0
-0.20250000000000057,0.2786580117363533,0.2786580117363533,0.0
-0.1974999999999998,0.2797914983657685,0.2797914983657685,0.0
-0.192499999999999,0.13109740479724064,0.13109740479724064,0.0
-0.1875,0.2793353391124673,0.2793353391124673,0.0
-0.18249999999999922,0.2805102947649098,0.2805102947649098,0.0
-0.1775000000000002,0.12747577678618233,0.12747577678618233,0.0
-0.17249999999999943,0.27802215338326675,0.27802215338326675,0.0
-0.16750000000000043,0.2828049140390918,0.2828049140390918,0.0
-0.16249999999999964,0.12515351149664874,0.12515351149664874,0.0
-0.15750000000000064,0.27459404747966953,0.27459404747966953,0.0
-0.15249999999999986,0.2859565597891731,0.2859565597891731,0.0
-0.14749999999999908,0.12408913990561252,0.12408913990561252,0.0
-0.14250000000000007,0.2675857825880414,0.2675857825880414,0.0
-0.1374999999999993,0.2922045592586324,0.2922045592586324,0.0
-0.13250000000000028,0.12424119299004625,0.12424119299004625,0.0
-0.1274999999999995,0.25644443840135056,0.25644443840135056,0.0
-0.1225000000000005,0.3010512841711413,0.3010512841711413,0.0
-0.11749999999999972,0.12509821946594557,0.12509821946594557,0.0
-0.11249999999999893,0.2418473422957109,0.2418473422957109,0.0
-0.10749999999999993,0.3116397080508003,0.3116397080508003,0.0
-0.10249999999999915,0.12840191830046058,0.12840191830046058,0.0
-0.09750000000000014,0.2232553969717665,0.2232553969717665,0.0
-0.09249999999999936,0.32398365390528544,0.32398365390528544,0.0
-0.08750000000000036,0.1354654752227919,0.1354654752227919,0.0
-0.08249999999999957,0.2022720713199095,0.2022720713199095,0.0
-0.07750000000000057,0.33226363550308663,0.33226363550308663,0.0
-0.07249999999999979,0.1469800406167292,0.1469800406167292,0.0
-0.067499999999999,0.1796714537699846,0.1796714537699846,0.0
-0.0625,0.338110767749948,0.338110767749948,0.0
-0.05749999999999922,0.16347088877395277,0.16347088877395277,0.0
-0.05250000000000021,0.15691878313562588,0.15691878313562588,0.0
-0.04749999999999943,0.338649865049304,0.338649865049304,0.0
-0.042500000000000426,0.18397040915715687,0.18397040915715687,0.0
-0.037499999999999645,0.13897651917244383,0.13897651917244383,0.0
-0.03250000000000064,0.32977549412144364,0.32977549412144364,0.0
-0.027499999999999858,0.20817449559747406,0.20817449559747406,0.0
-0.022499999999999076,0.12382650275977239,0.12382650275977239,0.0
-0.01750000000000007,0.3119852832426953,0.3119852832426953,0.0
-0.01249999999999929,0.23958036903688057,0.23958036903688057,0.0
-0.007500000000000284,0.11326572489546494,0.11326572489546494,0.0
-0.0024999999999995026,0.2878226658254054,0.2878226658254054,0.0
0.0024999999999995026,0.26849810109464395,0.26849810109464395,0.0
0.007500000000000284,0.11134432682852943,0.11134432682852943,0.0
0.012500000000001066,0.2568038366009212,0.2568038366009212,0.0
0.01750000000000007,0.29391861221043103,0.29391861221043103,0.0
0.022500000000000853,0.11898845007324414,0.11898845007324414,0.0
0.027499999999999858,0.22209426432699977,0.22209426432699977,0.0
0.03250000000000064,0.310520044429061,0.310520044429061,0.0
0.037499999999999645,0.13723482020529368,0.13723482020529368,0.0
0.042500000000000426,0.19200157661679382,0.19200157661679382,0.0
0.04749999999999943,0.3089718675693719,0.3089718675693719,0.0
0.05250000000000021,0.17128088811077696,0.17128088811077696,0.0
0.057500000000000995,0.1587848891718582,0.1587848891718582,0.0
0.0625,0.30099599214043826,0.30099599214043826,0.0
0.06750000000000078,0.21067645998679296,0.21067645998679296,0.0
0.07249999999999979,0.12888572356911338,0.12888572356911338,0.0
0.07750000000000057,0.28631595798874376,0.28631595798874376,0.0
0.08249999999999957,0.25037613803167647,0.25037613803167647,0.0
0.08750000000000036,0.11380482219482096,0.11380482219482096,0.0
0.09249999999999936,0.25767468608449634,0.25767468608449634,0.0
0.09750000000000014,0.27965326828901055,0.27965326828901055,0.0
0.10250000000000092,0.11916814917302945,0.11916814917302945,0.0
0.10749999999999993,0.22592323745319495,0.22592323745319495,0.0
0.11250000000000071,0.28508571030559793,0.28508571030559793,0.0
0.11749999999999972,0.1518180933032575,0.1518180933032575,0.0
0.1225000000000005,0.18822789552130176,0.18822789552130176,0.0
0.1274999999999995,0.2805517637879372,0.2805517637879372,0.0
0.13250000000000028,0.19520851439757828,0.19520851439757828,0.0
0.13750000000000107,0.14789235912333168,0.14789235912333168,0.0
0.14250000000000007,0.27679190570012097,0.27679190570012097,0.0
0.14750000000000085,0.23275180324503777,0.23275180324503777,0.0
0.15249999999999986,0.1234809275678775,0.1234809275678775,0.0
0.15750000000000064,0.2604807566426827,0.2604807566426827,0.0
0.16249999999999964,0.252836633397968,0.252836633397968,0.0
0.16750000000000043,0.13388965234775121,0.13388965234775121,0.0
0.17249999999999943,0.2255638392536243,0.2255638392536243,0.0
0.1775000000000002,0.2613654291339337,0.2613654291339337,0.0
0.182500000000001,0.1678113131841524,0.1678113131841524,0.0
0.1875,0.17768094066467008,0.17768094066467008,0.0
0.19250000000000078,0.26888514530956614,0.26888514530956614,0.0
0.1974999999999998,0.20321203584186365,0.20321203584186365,0.0
0.20250000000000057,0.1427640232756117,0.1427640232756117,0.0
0.20749999999999957,0.26783459672620574,0.26783459672620574,0.0
0.21250000000000036,0.22553619323827273,0.22553619323827273,0.0
0.21749999999999936,0.13836830683470888,0.13836830683470888,0.0
0.22250000000000014,0.24089355476608107,0.24089355476608107,0.0
0.22750000000000092,0.24089355476608107,0.24089355476608107,0.0
0.23249999999999993,0.162171526052428,0.162171526052428,0.0
0.2375000000000007,0.188614939736224,0.188614939736224,0.0
0.24249999999999972,0.2617386503411801,0.2617386503411801,0.0
0.2475000000000005,0.18890522289741574,0.18890522289741574,0.0
0.2524999999999995,0.1512789960039015,0.1512789960039015,0.0
0.2575000000000003,0.26871926921745654,0.26871926921745654,0.0
0.26250000000000107,0.2070548319757347,0.2070548319757347,0.0
0.26750000000000007,0.14646858933272475,0.14646858933272475,0.0
0.27250000000000085,0.23828100631535581,0.23828100631535581,0.0
0.27749999999999986,0.23519847560365348,0.23519847560365348,0.0
0.28250000000000064,0.1618812428912363,0.1618812428912363,0.0
0.28749999999999964,0.18193842702881496,0.18193842702881496,0.0
0.2925000000000004,0.2642959067612022,0.2642959067612022,0.0
0.29749999999999943,0.18186931199043604,0.18186931199043604,0.0
0.3025000000000002,0.14967552711350926,0.14967552711350926,0.0
0.307500000000001,0.2626786148631341,0.2626786148631341,0.0
0.3125,0.20798097349001296,0.20798097349001296,0.0
0.3175000000000008,0.15285481887894212,0.15285481887894212,0.0
0.3224999999999998,0.21059352194073816,0.21059352194073816,0.0
0.32750000000000057,0.24949146554042564,0.24949146554042564,0.0
0.3324999999999996,0.16233740214453754,0.16233740214453754,0.0
0.33750000000000036,0.16407910111168772,0.16407910111168772,0.0
0.34249999999999936,0.2709585964609354,0.2709585964609354,0.0
0.34750000000000014,0.18540800195543952,0.18540800195543952,0.0
0.3525000000000009,0.14906731477577428,0.14906731477577428,0.0
0.35749999999999993,0.23074746713204752,0.23074746713204752,0.0
0.3625000000000007,0.2340511659665625,0.2340511659665625,0.0
0.3674999999999997,0.1520669074414218,0.1520669074414218,0.0
0.3725000000000005,0.17357550738495894,0.17357550738495894,0.0
0.3774999999999995,0.27169121586775263,0.27169121586775263,0.0
0.3825000000000003,0.17194439247921517,0.17194439247921517,0.0
0.38750000000000107,0.14880467762993416,0.14880467762993416,0.0
0.39250000000000007,0.23808748420789466,0.23808748420789466,0.0
0.39750000000000085,0.22556383925362433,0.22556383925362433,0.0
0.40249999999999986,0.14699386362440497,0.14699386362440497,0.0
0.40750000000000064,0.1745431179222646,0.1745431179222646,0.0
0.41249999999999964,0.27043332216925525,0.27043332216925525,0.0
0.4175000000000004,0.167838959199504,0.167838959199504,0.0
0.42249999999999943,0.14805823521544123,0.14805823521544123,0.0
0.4275000000000002,0.2317841927077321,0.2317841927077321,0.0
0.432500000000001,0.22973838757171441,0.22973838757171441,0.0
0.4375,0.1423769790606894,0.1423769790606894,0.0
0.4425000000000008,0.16980182628946688,0.16980182628946688,0.0
0.4474999999999998,0.2689127913249177,0.2689127913249177,0.0
0.45250000000000057,0.17009210945065859,0.17009210945065859,0.0
0.4574999999999996,0.14727032377792088,0.14727032377792088,0.0
0.46250000000000036,0.21344106152195205,0.21344106152195205,0.0
0.46749999999999936,0.24351992622448215,0.24351992622448215,0.0
0.47250000000000014,0.14171347469225126,0.14171347469225126,0.0
0.4775000000000009,0.16098274739230964,0.16098274739230964,0.0
0.48249999999999993,0.25679001359324544,0.25679001359324544,0.0
0.4875000000000007,0.18773026724497313,0.18773026724497313,0.0
0.4924999999999997,0.141934642815064,0.141934642815064,0.0
0.4975000000000005,0.18691470979210123,0.18691470979210123,0.0
0.5024999999999995,0.2574811639770352,0.2574811639770352,0.0
0.5075000000000003,0.1535597922704077,0.1535597922704077,0.0
0.5125000000000011,0.15009021734378308,0.15009021734378308,0.0
0.5175000000000001,0.22449946766258808,0.22449946766258808,0.0
0.5225000000000009,0.22378067126344667,0.22378067126344667,0.0
0.5274999999999999,0.13782920953535285,0.13782920953535285,0.0
0.5325000000000006,0.16380264095817182,0.16380264095817182,0.0
0.5374999999999996,0.24928412042528872,0.24928412042528872,0.0
0.5425000000000004,0.18175872792902964,0.18175872792902964,0.0
0.5474999999999994,0.1427916692909633,0.1427916692909633,0.0
0.5525000000000002,0.18196607304416657,0.18196607304416657,0.0
0.557500000000001,0.24940852749437084,0.24940852749437084,0.0
0.5625,0.15593734959064443,0.15593734959064443,0.0
0.5675000000000008,0.14845910243803928,0.14845910243803928,0.0
0.5724999999999998,0.20615633647680795,0.20615633647680795,0.0
0.5775000000000006,0.2264208657295236,0.2264208657295236,0.0
0.5824999999999996,0.14319253651356134,0.14319253651356134,0.0
0.5875000000000004,0.15845313698763913,0.15845313698763913,0.0
0.5924999999999994,0.2225227775649494,0.2225227775649494,0.0
0.5975000000000001,0.1997839299382665,0.1997839299382665,0.0
0.6025000000000009,0.14308195245215496,0.14308195245215496,0.0
0.6074999999999999,0.16282120741319037,0.16282120741319037,0.0
0.6125000000000007,0.2309686352548602,0.2309686352548602,0.0
0.6174999999999997,0.1817449049213539,0.1817449049213539,0.0
0.6225000000000005,0.14631653624829105,0.14631653624829105,0.0
0.6274999999999995,0.1686683396600517,0.1686683396600517,0.0
0.6325000000000003,0.22600617549924976,0.22600617549924976,0.0
0.6375000000000011,0.17379667550777167,0.17379667550777167,0.0
0.6425000000000001,0.15026991644356846,0.15026991644356846,0.0
0.6475000000000009,0.17416989671501815,0.17416989671501815,0.0
0.6524999999999999,0.21391104378292902,0.21391104378292902,0.0
0.6575000000000006,0.17201350751759412,0.17201350751759412,0.0
0.6624999999999996,0.1522051375181797,0.1522051375181797,0.0
0.6675000000000004,0.17797122382586178,0.17797122382586178,0.0
0.6724999999999994,0.2027420535808866,0.2027420535808866,0.0
0.6775000000000002,0.17226232165575844,0.17226232165575844,0.0
0.682500000000001,0.15248159767169564,0.15248159767169564,0.0
0.6875,0.17802651585656495,0.17802651585656495,0.0
0.6925000000000008,0.19491823123638657,0.19491823123638657,0.0
0.6974999999999998,0.17325757820841567,0.17325757820841567,0.0
0.7025000000000006,0.15286864188661792,0.15286864188661792,0.0
0.7074999999999996,0.17228996767111002,0.17228996767111002,0.0
0.7125000000000004,0.19086808998737861,0.19086808998737861,0.0
0.7174999999999994,0.17627099388173897,0.17627099388173897,0.0
0.7225000000000001,0.15339391617829812,0.15339391617829812,0.0
0.7275000000000009,0.16240651718291652,0.16240651718291652,0.0
0.7324999999999999,0.1883523025903839,0.1883523025903839,0.0
0.7375000000000007,0.181399329729459,0.181399329729459,0.0
0.7424999999999997,0.1539744825006815,0.1539744825006815,0.0
0.7475000000000005,0.15047726155870533,0.15047726155870533,0.0
0.7524999999999995,0.1851868338326268,0.1851868338326268,0.0
0.7575000000000003,0.18597474527014715,0.18597474527014715,0.0
0.7625000000000011,0.15955897760170273,0.15955897760170273,0.0
0.7675000000000001,0.13596310349912052,0.13596310349912052,0.0
0.7725000000000009,0.18008614400025844,0.18008614400025844,0.0
0.7774999999999999,0.18945814320444754,0.18945814320444754,0.0
0.7825000000000006,0.17078325983444834,0.17078325983444834,0.0
0.7874999999999996,0.1219051046928369,0.1219051046928369,0.0
0.7925000000000004,0.16933184402848986,0.16933184402848986,0.0
0.7974999999999994,0.1907160369029449,0.1907160369029449,0.0
0.8025000000000002,0.1850209577405173,0.1850209577405173,0.0
0.807500000000001,0.11531153003148263,0.11531153003148263,0.0
0.8125,0.1432754745596161,0.1432754745596161,0.0
0.8175000000000008,0.19079897494899964,0.19079897494899964,0.0
0.8224999999999998,0.20256235448110124,0.20256235448110124,0.0
0.8275000000000006,0.12200186574656746,0.12200186574656746,0.0
0.8324999999999996,0.11420568941741902,0.11420568941741902,0.0
0.8375000000000004,0.18133021469108002,0.18133021469108002,0.0
0.8424999999999994,0.2134134155066004,0.2134134155066004,0.0
0.8475000000000001,0.14706297866278398,0.14706297866278398,0.0
0.8525000000000009,0.0953925759706619,0.0953925759706619,0.0
0.8574999999999999,0.14624742120991208,0.14624742120991208,0.0
0.8625000000000007,0.2098194335108937,0.2098194335108937,0.0
0.8674999999999997,0.18936138215071696,0.18936138215071696,0.0
0.8725000000000005,0.10002328354205324,0.10002328354205324,0.0
0.8774999999999995,0.09799130141371137,0.09799130141371137,0.0
0.8825000000000003,0.18533888691706057,0.18533888691706057,0.0
0.8875000000000011,0.22132017589715525,0.22132017589715525,0.0
0.8925000000000001,0.14254285515279896,0.14254285515279896,0.0
0.8975000000000009,0.06980618876276519,0.06980618876276519,0.0
0.9024999999999999,0.12443471509750738,0.12443471509750738,0.0
0.9075000000000006,0.20766304431346969,0.20766304431346969,0.0
0.9124999999999996,0.21356546859103417,0.21356546859103417,0.0
0.9175000000000004,0.09792218637533243,0.09792218637533243,0.0
0.9224999999999994,0.05870631359910172,0.05870631359910172,0.0
0.9275000000000002,0.1500211023054041,0.1500211023054041,0.0
0.932500000000001,0.21443631807460922,0.21443631807460922,0.0
0.9375,0.20946003531132304,0.20946003531132304,0.0
0.9425000000000008,0.06105622490398689,0.06105622490398689,0.0
0.9474999999999998,0.04594767751434286,0.04594767751434286,0.0
0.9525000000000006,0.15575765049085907,0.15575765049085907,0.0
0.9574999999999996,0.21497541537396528,0.21497541537396528,0.0
0.9625000000000004,0.22344891907922762,0.22344891907922762,0.0
0.9674999999999994,0.04412304050113791,0.04412304050113791,0.0
0.9725000000000001,0.02565550224627568,0.02565550224627568,0.0
0.9775000000000009,0.11040436230657538,0.11040436230657538,0.0
0.9824999999999999,0.22317245892571175,0.22317245892571175,0.0
0.9875000000000007,0.2525048812137489,0.2525048812137489,0.0
0.9924999999999997,0.07472717949534824,0.07472717949534824,0.0
0.9975000000000005,0.00407778726435955,0.00407778726435955,0.0
1.0024999999999995,0.01951808683822266,0.01951808683822266,0.0
1.0075000000000003,0.11309984880335543,0.11309984880335543,0.0
1.012500000000001,0.2692168974937852,0.2692168974937852,0.0
1.0175,0.24734889935067736,0.24734889935067736,0.0
1.0225000000000009,0.04028024436726688,0.04028024436726688,0.0
